# BEGINHEADER
# This file contains data from the SALSA 2m radio telescope.
# DATE=2020-05-13T05:52:36.0
# GLON and GLAT given in degrees
# GLON=83.8536496486
# GLAT=0.0356974904533
# DATA in two columns below. Col. 1 is velocity relative to LSR [km/s]. Col. 2 is uncalibrated antenna temperature [K].
# ENDHEADER
296.743154351 0.000577361819849
294.682010401 0.732178735679
292.62086645 1.10127837847
290.5597225 1.75198240308
288.498578549 2.16570608298
286.437434598 2.54814343279
284.376290648 2.90082080318
282.315146697 3.74983124572
280.254002747 3.74228125363
278.192858796 4.78709781745
276.131714845 4.89622207851
274.070570895 5.2551167925
272.009426944 6.06926132487
269.948282994 5.99992740961
267.887139043 6.07451307868
265.825995092 6.42907619557
263.764851142 7.29726857731
261.703707191 7.75375901118
259.642563241 8.00120591746
257.58141929 7.8098630584
255.520275339 8.31545918247
253.459131389 8.51203205282
251.397987438 9.48932106634
249.336843488 9.04312288037
247.275699537 10.0528637519
245.214555586 9.4048625209
243.153411636 9.98412074203
241.092267685 10.6023240892
239.031123735 10.6418024596
236.969979784 10.4916343534
234.908835833 10.1526422498
232.847691883 10.8594179692
230.786547932 10.0758989126
228.725403982 9.95286479998
226.664260031 11.7124920954
224.60311608 10.8488099495
222.54197213 11.5127846295
220.480828179 10.8362232715
218.419684229 11.2818350288
216.358540278 10.8704067445
214.297396327 11.308734752
212.236252377 11.6344340107
210.175108426 12.3307781795
208.113964476 11.9075152229
206.052820525 11.1300559545
203.991676574 11.3980461541
201.930532624 11.6783414554
199.869388673 11.2633872058
197.808244723 11.0085087776
195.747100772 11.2926438116
193.685956821 11.8571759995
191.624812871 12.7705349937
189.56366892 11.5842848189
187.50252497 11.890733543
185.441381019 13.0060313084
183.380237068 11.7104697112
181.319093118 11.8745442026
179.257949167 11.9028795041
177.196805217 12.5272142021
175.135661266 12.2391203942
173.074517315 12.3017584157
171.013373365 12.3966132505
168.952229414 12.1157852079
166.891085464 12.4522499446
164.829941513 13.5971697261
162.768797562 12.9011101996
160.707653612 11.9042761353
158.646509661 11.8158127633
156.585365711 12.7257122512
154.52422176 12.9270897924
152.463077809 12.7109841897
150.401933859 13.0169543154
148.340789908 12.8205335041
146.279645958 12.747887456
144.218502007 12.7117716104
142.157358056 13.3549649752
140.096214106 12.750879185
138.035070155 12.8688781392
135.973926205 12.1723721244
133.912782254 11.6532844664
131.851638303 11.9214898047
129.790494353 12.5774334877
127.729350402 12.6983159795
125.668206452 12.6158810458
123.607062501 12.3718606729
121.54591855 12.5714324528
119.4847746 12.1337619412
117.423630649 13.2698085209
115.362486699 12.6819348746
113.301342748 12.5389530535
111.240198798 12.3175232722
109.179054847 11.8429621998
107.117910896 12.2126698013
105.056766946 11.3227682488
102.995622995 12.5230201638
100.934479045 11.4804765705
98.8733350939 12.5866767114
96.8121911433 11.6531617202
94.7510471927 12.5844619852
92.6899032421 12.4813630381
90.6287592915 12.0168215153
88.5676153409 11.7537669959
86.5064713903 12.0607405583
84.4453274397 11.8708392076
82.3841834891 11.3827809059
80.3230395385 12.1264973811
78.2618955879 11.525671124
76.2007516373 11.9249398629
74.1396076867 11.2566654446
72.0784637361 11.805292708
70.0173197855 11.1595332844
67.9561758349 12.1334913224
65.8950318843 11.17360044
63.8338879337 11.3432736521
61.7727439831 12.1944308666
59.7116000325 11.7960059841
57.6504560819 11.7413529467
55.5893121313 11.6977876372
53.5281681807 10.8781341777
51.4670242301 11.8989355283
49.4058802795 11.0349091547
47.3447363289 12.7247720139
45.2835923783 11.5118316638
43.2224484277 10.9532569522
41.1613044771 10.7238280119
39.1001605266 10.3924522662
37.039016576 10.4464398265
34.9778726254 10.3876859164
32.9167286748 10.7054524484
30.8555847242 10.1609077453
28.7944407736 11.1373456686
26.733296823 11.1181844991
24.6721528724 12.2874329404
22.6110089218 12.4062793517
20.5498649712 12.7039420864
18.4887210206 14.9842137346
16.42757707 17.5144493565
14.3664331194 20.7322892742
12.3052891688 25.7064894251
10.2441452182 33.167767119
8.18300126757 38.5583233342
6.12185731697 42.4265089776
4.06071336637 45.0737305606
1.99956941578 45.32808014
-0.0615745348228 46.1631150706
-2.12271848542 46.7744382936
-4.18386243602 45.0504725897
-6.24500638662 44.8292308424
-8.30615033722 41.6519357636
-10.3672942878 40.7640346175
-12.4284382384 36.9676681711
-14.489582189 32.2585142926
-16.5507261396 27.8336057057
-18.6118700902 24.1684480738
-20.6730140408 21.0534301836
-22.7341579914 19.5543785908
-24.795301942 17.8852139523
-26.8564458926 15.9556257362
-28.9175898432 15.7262207483
-30.9787337938 16.6905550311
-33.0398777444 16.4796022415
-35.101021695 17.5041212528
-37.1621656456 20.3325881448
-39.2233095962 21.37266696
-41.2844535468 22.4832362453
-43.3455974974 22.626875505
-45.406741448 22.157201126
-47.4678853986 21.5785374543
-49.5290293492 19.2887162914
-51.5901732998 18.2982080769
-53.6513172504 17.0658521737
-55.712461201 14.8324955749
-57.7736051516 14.762142799
-59.8347491022 13.6997021116
-61.8958930528 12.7307387887
-63.9570370034 14.1038991399
-66.018180954 15.010361941
-68.0793249046 16.0984821819
-70.1404688552 17.6074041997
-72.2016128058 20.1148246029
-74.2627567564 19.8470666062
-76.323900707 20.227832037
-78.3850446576 19.5614743972
-80.4461886082 19.3213564202
-82.5073325588 17.5813659125
-84.5684765094 15.7821864628
-86.62962046 14.8094160328
-88.6907644106 12.8518638744
-90.7519083612 12.4854531984
-92.8130523118 11.8049159773
-94.8741962624 9.79738988568
-96.935340213 7.97325058336
-98.9964841636 7.23288855143
-101.057628114 6.41234148375
-103.118772065 5.84890926293
-105.179916015 4.83102165877
-107.241059966 4.47478227058
-109.302203917 3.60981953201
-111.363347867 3.69915375491
-113.424491818 3.75156437614
-115.485635768 3.15804753078
-117.546779719 2.64650718352
-119.60792367 1.75146554591
-121.66906762 1.25240492683
-123.730211571 1.88060618015
-125.791355521 1.94192830051
-127.852499472 1.55922860259
-129.913643423 -0.0341840110672
-131.974787373 0.670169403278
-134.035931324 0.774846092243
-136.097075274 0.0044737559183
-138.158219225 -1.04725420244
-140.219363176 -0.289496245767
-142.280507126 -0.464231634029
-144.341651077 -1.15369710118
-146.402795027 -0.15247107582
-148.463938978 -0.501481235477
-150.525082929 -0.984703016235
-152.586226879 -0.848297999126
-154.64737083 -0.897532950181
-156.70851478 -1.41446197241
-158.769658731 -1.74257215451
-160.830802682 -1.24290112793
-162.891946632 -1.28842359414
-164.953090583 -1.18052106498
-167.014234533 -2.65534185738
-169.075378484 -2.58151069716
-171.136522435 -2.63306514168
-173.197666385 -2.13669621125
-175.258810336 -1.95020578495
-177.319954286 -2.22920338466
-179.381098237 -2.10418168227
-181.442242188 -2.23068775435
-183.503386138 -2.39344857926
-185.564530089 -2.02695183059
-187.625674039 -2.90010182421
-189.68681799 -2.62529716881
-191.74796194 -2.95581156314
-193.809105891 -2.23091598661
-195.870249842 -2.12178352858
-197.931393792 -2.52526369169
-199.992537743 -2.23184069164
-202.053681693 -2.33305797432
-204.114825644 -2.33089004718
-206.175969595 -1.9565556826
-208.237113545 -2.30529451223
-210.298257496 -1.87215700415
-212.359401446 -1.58583506498
-214.420545397 -1.35579363873
-216.481689348 -1.15979701949
-218.542833298 -1.45784323155
-220.603977249 -0.786348124112
-222.665121199 -0.581986443287
-224.72626515 -0.411740846921
-226.787409101 -0.1704905396
-228.848553051 0.522482315368
