# BEGINHEADER
# This file contains data from the SALSA 2m radio telescope.
# DATE=2020-05-13T05:48:42.0
# GLON and GLAT given in degrees
# GLON=83.8328915586
# GLAT=0.0443230164613
# DATA in two columns below. Col. 1 is velocity relative to LSR [km/s]. Col. 2 is uncalibrated antenna temperature [K].
# ENDHEADER
296.749696106 -0.000219278746074
294.688552155 -0.122353759309
292.627408204 -0.139956783573
290.566264254 2.70300525275
288.505120303 2.01680282246
286.443976353 3.56973684222
284.382832402 0.841249362361
282.321688451 0.846390726321
280.260544501 6.47031067799
278.19940055 3.78978325225
276.1382566 8.61169350946
274.077112649 3.0646156219
272.015968698 3.59328053262
269.954824748 5.92037355409
267.893680797 6.05439562143
265.832536847 3.74049720314
263.771392896 2.83058366158
261.710248945 6.83110660067
259.649104995 6.82720446356
257.587961044 9.6556418038
255.526817094 10.5039387166
253.465673143 12.5690287839
251.404529192 7.70041747842
249.343385242 7.94505944173
247.282241291 7.07164359338
245.221097341 5.11079583261
243.15995339 10.6476489602
241.098809439 5.07162723877
239.037665489 5.72477700352
236.976521538 8.2553493239
234.915377588 9.40051050644
232.854233637 6.90027761881
230.793089686 10.4769460463
228.731945736 7.05211210452
226.670801785 10.1234428659
224.609657835 12.0851792449
222.548513884 9.18305710827
220.487369933 10.2609360048
218.426225983 7.73682987748
216.365082032 10.286676528
214.303938082 15.2256839565
212.242794131 10.5716632512
210.18165018 8.71817736475
208.12050623 12.6918000709
206.059362279 7.53404976806
203.998218329 14.7545700329
201.937074378 12.0857562672
199.875930427 20.1612678169
197.814786477 10.9272024297
195.753642526 13.7867552903
193.692498576 16.5396135179
191.631354625 7.60694221013
189.570210674 10.0774907152
187.509066724 5.56264538643
185.447922773 18.499494856
183.386778823 14.8224183236
181.325634872 9.96307898465
179.264490921 11.2336041332
177.203346971 8.54495244466
175.14220302 16.6290798243
173.08105907 9.7670701245
171.019915119 17.6824258895
168.958771168 14.7769176507
166.897627218 18.540829748
164.836483267 10.3434754494
162.775339317 9.63058050314
160.714195366 6.14926183252
158.653051415 4.26390357211
156.591907465 3.66406061735
154.530763514 10.9532686856
152.469619564 11.1982289192
150.408475613 15.2440650015
148.347331662 13.0449140841
146.286187712 14.8227876604
144.225043761 7.95659184052
142.163899811 6.54210492082
140.10275586 8.88949606219
138.041611909 9.05003113682
135.980467959 12.1400172857
133.919324008 7.28158972169
131.858180058 5.43053876672
129.797036107 13.095252874
127.735892156 18.754763529
125.674748206 10.7831744192
123.613604255 7.86613392348
121.552460305 17.7774828199
119.491316354 16.8734756338
117.430172403 21.382949643
115.369028453 14.9981043017
113.307884502 15.7344973676
111.246740552 18.0812042055
109.185596601 2.24849791917
107.12445265 8.29603130997
105.0633087 6.08511804241
103.002164749 12.3657223352
100.941020799 5.04069107234
98.8798768481 7.25374368095
96.8187328975 12.0588915532
94.7575889469 17.419744486
92.6964449963 12.3687303244
90.6353010457 12.3771428802
88.5741570951 18.8486785523
86.5130131445 16.7297498221
84.4518691939 10.2819195592
82.3907252433 -0.0687610522536
80.3295812927 15.4333187081
78.2684373421 5.14912026054
76.2072933915 9.54278737699
74.1461494409 -1.76068850013
72.0850054903 2.87499393009
70.0238615397 11.9358285655
67.9627175891 12.8391242516
65.9015736385 -4.21627802364
63.8404296879 7.91940421147
61.7792857373 3.21739432996
59.7181417867 6.99829275572
57.6569978361 5.26464297802
55.5958538855 8.61393232658
53.5347099349 9.10037990465
51.4735659843 16.5565725277
49.4124220337 6.14514940021
47.3512780831 4.92117231067
45.2901341325 7.59227662262
43.2289901819 18.4609486463
41.1678462313 10.388036005
39.1067022807 4.37800057262
37.0455583301 10.3273300167
34.9844143795 5.87763501608
32.9232704289 12.4399572203
30.8621264783 14.1449145711
28.8009825277 12.7853573967
26.7398385771 7.41031173502
24.6786946265 11.6633495212
22.6175506759 8.31793646671
20.5564067253 12.3276697733
18.4952627747 12.3387690824
16.4341188241 24.5563481235
14.3729748735 13.9406813695
12.3118309229 15.4150965668
10.2506869723 31.09988976
8.18954302175 42.0753763189
6.12839907115 38.3321148898
4.06725512055 45.3096582343
2.00611116996 37.5470167009
-0.0550327806434 43.0474195964
-2.11617673124 47.4083861235
-4.17732068184 39.7701624112
-6.23846463244 42.1922685109
-8.29960858304 51.5156613974
-10.3607525336 48.4829482
-12.4218964842 28.7677964239
-14.4830404348 33.941851662
-16.5441843854 24.0417099875
-18.605328336 16.1019406078
-20.6664722866 14.1608554457
-22.7276162372 10.1419117917
-24.7887601878 24.7647795925
-26.8499041384 8.83531888901
-28.911048089 11.165692402
-30.9721920396 13.9996903573
-33.0333359902 15.5676381237
-35.0944799408 15.2763540909
-37.1556238914 14.3544298795
-39.216767842 21.6601407788
-41.2779117926 18.379336879
-43.3390557432 20.5057401235
-45.4001996938 12.3902090997
-47.4613436444 22.0203266613
-49.522487595 28.5579746969
-51.5836315456 18.4335109185
-53.6447754962 16.2613285232
-55.7059194468 12.357524202
-57.7670633974 15.3634803104
-59.828207348 18.0179190624
-61.8893512986 6.30231548448
-63.9504952492 9.78539954924
-66.0116391998 12.8444348926
-68.0727831504 15.5660923388
-70.133927101 15.9243857863
-72.1950710516 23.2208391044
-74.2562150022 19.0322050466
-76.3173589528 15.8169112248
-78.3785029034 23.3272119363
-80.439646854 12.1656572133
-82.5007908046 17.8589530543
-84.5619347552 17.110945685
-86.6230787058 21.7612993881
-88.6842226564 13.0435927229
-90.745366607 9.74932954553
-92.8065105576 13.383536344
-94.8676545082 4.10645443772
-96.9287984588 2.63096114538
-98.9899424094 7.75122607484
-101.05108636 6.57101620073
-103.112230311 -0.976016487021
-105.173374261 3.31572107807
-107.234518212 16.2440723475
-109.295662162 0.631113099866
-111.356806113 6.82868288673
-113.417950064 12.5152454236
-115.479094014 7.86741873003
-117.540237965 4.2467790672
-119.601381915 1.77908724743
-121.662525866 -2.21549133535
-123.723669817 2.16075324588
-125.784813767 0.775614941919
-127.845957718 -1.23357003247
-129.907101668 2.37558262452
-131.968245619 1.70391410041
-134.02938957 6.30037257985
-136.09053352 2.19289132288
-138.151677471 -6.36790612396
-140.212821421 0.377396654835
-142.273965372 0.736841695468
-144.335109323 -1.93890380605
-146.396253273 -2.60371003095
-148.457397224 6.19074785085
-150.518541174 -2.49690347186
-152.579685125 -6.73504722088
-154.640829076 0.174937802485
-156.701973026 -3.86131998433
-158.763116977 -8.80690476339
-160.824260927 -2.9748092584
-162.885404878 -6.07240861614
-164.946548829 -0.944240967603
-167.007692779 -7.62864383861
-169.06883673 -9.22205538917
-171.12998068 -0.163665437234
-173.191124631 -5.87851019702
-175.252268582 -5.78115959474
-177.313412532 -6.53783829674
-179.374556483 2.33789479308
-181.435700433 -3.28067863062
-183.496844384 1.59712386082
-185.557988335 -1.87637309842
-187.619132285 2.39981328182
-189.680276236 0.135863060909
-191.741420186 -8.14342861637
-193.802564137 -3.93486617813
-195.863708088 -6.4797480452
-197.924852038 1.73685930663
-199.985995989 -3.24692300008
-202.047139939 -3.65284952007
-204.10828389 -1.4205384201
-206.169427841 -7.01778787222
-208.230571791 -5.64759050216
-210.291715742 -3.89978654725
-212.352859692 -4.2265100944
-214.414003643 -5.0165762521
-216.475147594 -1.66669098184
-218.536291544 -3.11760762581
-220.597435495 -1.96385132472
-222.658579445 2.37998116882
-224.719723396 2.06511924748
-226.780867346 4.01093655288
-228.842011297 -2.19177086023
