# BEGINHEADER
# This file contains data from the SALSA 2m radio telescope.
# DATE=2020-05-13T05:50:34.0
# GLON and GLAT given in degrees
# GLON=83.8965040105
# GLAT=0.0354255639783
# DATA in two columns below. Col. 1 is velocity relative to LSR [km/s]. Col. 2 is uncalibrated antenna temperature [K].
# ENDHEADER
296.725312699 0.000385438603242
294.664168749 0.526882298037
292.603024798 1.82508434301
290.541880848 2.02254918295
288.480736897 2.59824480086
286.419592946 2.57125170417
284.358448996 2.68748311965
282.297305045 3.15845497729
280.236161095 4.05588712508
278.175017144 5.2722370533
276.113873193 5.03505276299
274.052729243 4.97467668611
271.991585292 5.62551765281
269.930441342 6.13527983273
267.869297391 7.05076208768
265.80815344 6.52108408208
263.74700949 7.22165435522
261.685865539 8.11922732286
259.624721589 7.71849739958
257.563577638 7.65685128955
255.502433687 9.28074864348
253.441289737 7.87035311828
251.380145786 9.41443934925
249.319001836 9.71833500425
247.257857885 8.19275336286
245.196713934 9.89652708249
243.135569984 9.45987476797
241.074426033 10.2240896886
239.013282083 9.08120693764
236.952138132 9.03537160296
234.890994181 10.7763556176
232.829850231 10.7604620868
230.76870628 11.1231292746
228.70756233 10.9714296143
226.646418379 11.3640372168
224.585274428 10.831830381
222.524130478 9.89626241363
220.462986527 11.6118218185
218.401842577 10.7455942786
216.340698626 10.5149331666
214.279554675 10.6005588867
212.218410725 12.8263028519
210.157266774 12.0006320283
208.096122824 13.3748397103
206.034978873 12.0447849913
203.973834922 12.1164485686
201.912690972 9.55227373647
199.851547021 10.851891969
197.790403071 11.8234704767
195.72925912 12.0226696717
193.668115169 11.7414809599
191.606971219 10.6053545354
189.545827268 11.6817824952
187.484683318 12.1292061973
185.423539367 11.4627221016
183.362395416 11.3136121199
181.301251466 13.1061571651
179.240107515 12.6007132146
177.178963565 12.4370036566
175.117819614 12.2823734425
173.056675663 14.2092883054
170.995531713 12.7945949486
168.934387762 12.6298908221
166.873243812 12.6116262716
164.812099861 13.8050881761
162.75095591 12.2345839162
160.68981196 12.2473376923
158.628668009 11.3638589261
156.567524059 12.1938988372
154.506380108 12.937155067
152.445236157 13.3693395723
150.384092207 13.4817870897
148.322948256 11.5389546704
146.261804306 13.1925979505
144.200660355 12.2095063
142.139516404 12.5908515011
140.078372454 13.5615787629
138.017228503 11.6934958445
135.956084553 13.7989431042
133.894940602 13.9904550791
131.833796651 13.9461052028
129.772652701 13.4390643243
127.71150875 11.7123619376
125.6503648 12.0662580821
123.589220849 13.234183509
121.528076898 13.7161898374
119.466932948 12.3016598175
117.405788997 11.4557083076
115.344645047 12.7550381703
113.283501096 12.1118316032
111.222357145 12.8786451482
109.161213195 12.0295933929
107.100069244 11.8634490309
105.038925294 12.2222681994
102.977781343 10.9573870796
100.916637392 11.4368911801
98.8554934419 12.5822017265
96.7943494913 11.3753803722
94.7332055407 12.7176932957
92.6720615901 13.023979231
90.6109176395 13.2768851989
88.5497736889 10.5627992188
86.4886297383 11.5139751183
84.4274857877 13.5006978168
82.3663418371 12.2206744261
80.3051978865 10.6546355796
78.2440539359 12.6716358211
76.1829099853 11.6247557071
74.1217660347 11.7399563342
72.0606220841 13.0580367947
69.9994781335 10.5475977751
67.9383341829 10.845328847
65.8771902323 10.2653469044
63.8160462817 10.8892006513
61.7549023311 10.6686291525
59.6937583805 9.99686103051
57.6326144299 10.0844047536
55.5714704793 10.8614790038
53.5103265287 10.6344256191
51.4491825781 12.3011700791
49.3880386275 10.7208712142
47.3268946769 11.4500768458
45.2657507263 10.7758094386
43.2046067757 10.431142047
41.1434628251 11.9532241815
39.0823188745 10.9970557178
37.0211749239 9.28527531853
34.9600309733 10.5429391
32.8988870227 9.23903903227
30.8377430721 9.68905715876
28.7765991215 10.4194823511
26.7154551709 10.8751475558
24.6543112203 11.1528949752
22.5931672697 12.3242996516
20.5320233191 10.5306930163
18.4708793685 14.6468664638
16.4097354179 17.2087593771
14.3485914673 20.259955083
12.2874475167 25.2000114729
10.2263035661 33.1159331739
8.16515961555 37.904423283
6.10401566495 42.8192236924
4.04287171435 44.9285940138
1.98172776375 45.0601976581
-0.0794161868462 46.0505684737
-2.14056013744 45.2664905189
-4.20170408804 46.3162233113
-6.26284803864 43.898342348
-8.32399198924 40.1500402998
-10.3851359398 40.0971297416
-12.4462798904 35.9544704823
-14.507423841 33.2368732718
-16.5685677916 28.5122004154
-18.6297117422 24.8937388931
-20.6908556928 21.7794537913
-22.7519996434 19.5598139646
-24.813143594 17.5610279742
-26.8742875446 15.4875790222
-28.9354314952 15.7587361087
-30.9965754458 17.2161505181
-33.0577193964 15.7971710072
-35.118863347 16.6809585916
-37.1800072976 17.738858762
-39.2411512482 22.2867866854
-41.3022951988 23.5994267583
-43.3634391494 22.3626913263
-45.4245831 21.7921846458
-47.4857270506 21.2912676746
-49.5468710012 20.8600545922
-51.6080149518 19.466285117
-53.6691589024 15.9034293338
-55.730302853 16.0614911288
-57.7914468036 14.3293209315
-59.8525907542 12.8296414234
-61.9137347048 12.4831687162
-63.9748786554 14.1665013259
-66.036022606 14.6844296948
-68.0971665566 16.1494804324
-70.1583105072 18.7817749789
-72.2194544578 17.6426051455
-74.2805984084 19.0749313895
-76.341742359 19.4814087078
-78.4028863096 17.8778131313
-80.4640302602 18.7633677051
-82.5251742108 17.971504908
-84.5863181614 15.977415333
-86.647462112 14.2978383831
-88.7086060626 13.4865298404
-90.7697500132 14.1889181327
-92.8308939638 10.8587740309
-94.8920379144 9.84487828858
-96.953181865 8.195151987
-99.0143258156 5.18433861794
-101.075469766 5.61850451272
-103.136613717 3.96064790155
-105.197757667 3.8121330301
-107.258901618 4.18891411381
-109.320045569 3.76955288766
-111.381189519 2.11008518224
-113.44233347 3.84431342702
-115.50347742 3.71289611347
-117.564621371 0.265014924037
-119.625765322 1.23004055788
-121.686909272 0.527965522854
-123.748053223 2.2781889945
-125.809197173 0.9122512034
-127.870341124 -0.40992206223
-129.931485075 0.638496671414
-131.992629025 0.849390549379
-134.053772976 1.45607033372
-136.114916926 0.184165370402
-138.176060877 -0.311168509548
-140.237204828 -0.843749155303
-142.298348778 0.647612526597
-144.359492729 1.20967438936
-146.420636679 -0.620955881439
-148.48178063 -1.98680706072
-150.542924581 -0.963226579598
-152.604068531 -1.16389601511
-154.665212482 -1.42069712019
-156.726356432 -0.603529978821
-158.787500383 -1.46747466763
-160.848644334 -1.71859564043
-162.909788284 -1.85190276785
-164.970932235 -2.28574999475
-167.032076185 -1.13118589553
-169.093220136 -3.55065872954
-171.154364087 -2.21809805261
-173.215508037 -1.72507227391
-175.276651988 -2.06354765184
-177.337795938 -1.94342342141
-179.398939889 -2.04648135627
-181.46008384 -1.86757771777
-183.52122779 -2.75956294101
-185.582371741 -2.81472621292
-187.643515691 -2.82942921781
-189.704659642 -2.67920302126
-191.765803593 -3.25699038421
-193.826947543 -2.12898033967
-195.888091494 -4.01462174826
-197.949235444 -2.64235515383
-200.010379395 -2.8350225915
-202.071523346 -3.09951767167
-204.132667296 -2.38876997553
-206.193811247 -2.65102795399
-208.254955197 -1.06163364357
-210.316099148 -1.63233956228
-212.377243099 -2.14690924534
-214.438387049 -1.46771419305
-216.499531 -1.84149810746
-218.56067495 -1.42669301711
-220.621818901 -1.13115562952
-222.682962851 -1.00166202935
-224.744106802 -0.422918445384
-226.805250753 0.0956594886864
-228.866394703 0.622021478815
