# BEGINHEADER
# This file contains data from the SALSA 2m radio telescope.
# DATE=2020-05-13T05:49:28.0
# GLON and GLAT given in degrees
# GLON=83.9094758753
# GLAT=0.0495305597116
# DATA in two columns below. Col. 1 is velocity relative to LSR [km/s]. Col. 2 is uncalibrated antenna temperature [K].
# ENDHEADER
296.716737588 0.00125164117075
294.655593638 0.912092163959
292.594449687 1.25582250036
290.533305737 1.87008789252
288.472161786 3.37184985733
286.411017835 2.42074541598
284.349873885 2.86703102166
282.288729934 4.25149992786
280.227585984 3.94353424363
278.166442033 3.28768685104
276.105298082 3.63504462651
274.044154132 5.39549961224
271.983010181 3.75880453704
269.921866231 6.68552634158
267.86072228 5.65850959687
265.799578329 7.91956026735
263.738434379 6.78866973593
261.677290428 6.89205543571
259.616146478 7.01258708768
257.555002527 8.61173980202
255.493858577 7.65125126076
253.432714626 8.24550970054
251.371570675 8.91565345743
249.310426725 8.40006678236
247.249282774 10.3371618532
245.188138824 10.4700483547
243.126994873 9.5946187236
241.065850922 10.61349109
239.004706972 11.1734033114
236.943563021 12.0280024628
234.882419071 11.1889690658
232.82127512 10.8772793331
230.760131169 11.7357378994
228.698987219 11.8103402682
226.637843268 10.1512358194
224.576699318 10.5613334735
222.515555367 12.1271595165
220.454411416 11.7980766253
218.393267466 13.4897230736
216.332123515 13.006662573
214.270979565 10.5343624939
212.209835614 10.8490795247
210.148691663 12.0747579446
208.087547713 10.411207189
206.026403762 11.0569494346
203.965259812 11.1480205837
201.904115861 9.27448879748
199.84297191 9.01039125891
197.78182796 11.7723046093
195.720684009 11.8107132225
193.659540059 12.2672965531
191.598396108 12.2741491199
189.537252157 12.0434224552
187.476108207 10.6378328152
185.414964256 13.2452445866
183.353820306 9.47243850575
181.292676355 9.29642989868
179.231532404 9.7529272415
177.170388454 14.0973321191
175.109244503 14.3342458704
173.048100553 12.2209537449
170.986956602 12.6660532385
168.925812651 13.1347475051
166.864668701 11.5465373703
164.80352475 13.6126037925
162.7423808 12.8563265971
160.681236849 13.074598778
158.620092898 12.1727776655
156.558948948 13.5331029662
154.497804997 7.58070876217
152.436661047 12.5167797394
150.375517096 11.7952069984
148.314373145 9.34821157352
146.253229195 12.4485908851
144.192085244 14.6627949974
142.130941294 11.2794597527
140.069797343 12.8819280376
138.008653392 12.6013984285
135.947509442 10.2542082258
133.886365491 11.8741774356
131.825221541 12.0689053799
129.76407759 13.4125356763
127.702933639 12.0978735512
125.641789689 12.4340660172
123.580645738 8.87484718137
121.519501788 14.5969584953
119.458357837 8.63235877393
117.397213886 9.85547220881
115.336069936 10.8578513903
113.274925985 10.4841505405
111.213782035 12.0986762225
109.152638084 12.1295288554
107.091494133 10.9113982728
105.030350183 10.5052193761
102.969206232 13.0731671707
100.908062282 11.408908332
98.846918331 11.1948652192
96.7857743804 9.73148992734
94.7246304298 12.9517735674
92.6634864792 12.6949365967
90.6023425286 10.2157109708
88.541198578 11.3669838771
86.4800546274 10.8373213402
84.4189106768 7.886745615
82.3577667262 12.3538564095
80.2966227756 11.8836364003
78.235478825 12.9905122434
76.1743348744 9.5049248296
74.1131909238 13.4806497617
72.0520469732 10.7020175562
69.9909030226 13.5570860591
67.929759072 11.6078479782
65.8686151214 12.774424598
63.8074711708 11.1650323173
61.7463272202 10.5627756747
59.6851832696 11.3007446812
57.624039319 14.4308271479
55.5628953684 9.16793829692
53.5017514178 9.21779711782
51.4406074672 10.9226941126
49.3794635166 13.274544029
47.318319566 10.9852100282
45.2571756154 9.24241537729
43.1960316648 10.0277339453
41.1348877142 11.5343038369
39.0737437636 10.3381879851
37.012599813 11.6366048229
34.9514558625 10.8300255584
32.8903119119 9.76315391188
30.8291679613 10.6715733016
28.7680240107 10.7432129118
26.7068800601 9.56745199217
24.6457361095 11.1090736703
22.5845921589 10.1153868633
20.5234482083 12.0624655737
18.4623042577 15.1769237377
16.4011603071 18.6760095568
14.3400163565 19.6059315191
12.2788724059 23.6064066745
10.2177284553 34.0945170623
8.15658450467 40.0547513123
6.09544055407 42.4748353804
4.03429660347 43.4528877159
1.97315265287 47.4011430819
-0.0879912977265 48.2150612764
-2.14913524833 45.3778502575
-4.21027919892 44.8850346871
-6.27142314952 42.7736408963
-8.33256710012 39.0148930955
-10.3937110507 40.32835001
-12.4548550013 37.8525923734
-14.5159989519 30.7226211921
-16.5771429025 27.3487028708
-18.6382868531 24.2600602078
-20.6994308037 23.5627511026
-22.7605747543 19.2486585222
-24.8217187049 16.9872523822
-26.8828626555 15.6445051447
-28.9440066061 13.2952185318
-31.0051505567 15.053564462
-33.0662945073 17.3638582515
-35.1274384579 16.8810149591
-37.1885824085 18.2010109472
-39.2497263591 17.5101852982
-41.3108703097 21.861320843
-43.3720142603 21.6079168449
-45.4331582109 24.1582717503
-47.4943021615 23.648942839
-49.5554461121 22.4653925707
-51.6165900627 18.5689285686
-53.6777340133 18.7031051029
-55.7388779639 14.2805969077
-57.8000219145 14.8732458897
-59.8611658651 14.9090485136
-61.9223098157 13.5144960681
-63.9834537663 11.4310898863
-66.0445977169 13.6149055615
-68.1057416675 14.644683914
-70.1668856181 15.5094433077
-72.2280295687 17.8970895143
-74.2891735193 20.1356523632
-76.3503174699 16.8504427666
-78.4114614205 18.7739626562
-80.4726053711 15.8266352951
-82.5337493217 13.799782595
-84.5948932723 15.3345215713
-86.6560372229 12.4884005601
-88.7171811735 11.9117046296
-90.7783251241 12.4720368062
-92.8394690747 13.3311235851
-94.9006130253 9.23233753037
-96.9617569759 9.45259591591
-99.0229009265 5.73150236186
-101.084044877 6.43716201651
-103.145188828 3.84267291644
-105.206332778 3.08870070999
-107.267476729 6.37835876811
-109.328620679 3.79571670177
-111.38976463 3.92648547039
-113.450908581 4.87144240002
-115.512052531 1.63160763858
-117.573196482 2.42421832233
-119.634340432 0.462462581502
-121.695484383 0.130857028044
-123.756628334 0.188105394398
-125.817772284 1.95977479685
-127.878916235 0.443297721255
-129.940060185 -0.0519145730834
-132.001204136 -1.9973227379
-134.062348087 -1.12889125671
-136.123492037 -1.9683595616
-138.184635988 -1.99502947237
-140.245779938 1.39002355893
-142.306923889 -1.3870340769
-144.36806784 -1.69455450469
-146.42921179 -2.23129213148
-148.490355741 -1.92866819369
-150.551499691 -0.767163142197
-152.612643642 0.0298554053758
-154.673787593 -1.73679553434
-156.734931543 -2.10429935057
-158.796075494 -0.841069151327
-160.857219444 -2.522599733
-162.918363395 -3.03549780814
-164.979507346 -4.67263259217
-167.040651296 -0.876248958258
-169.101795247 -3.13355426499
-171.162939197 -3.40298925294
-173.224083148 -3.55677825598
-175.285227099 -2.38372149991
-177.346371049 -2.78237994446
-179.407515 -3.56382618121
-181.46865895 -2.75586332926
-183.529802901 -3.51855932083
-185.590946852 -3.1455826437
-187.652090802 -3.39376551936
-189.713234753 -3.10103387204
-191.774378703 -3.19088490749
-193.835522654 -1.56083626815
-195.896666605 -2.29745974439
-197.957810555 -1.91963297066
-200.018954506 -2.32237863671
-202.080098456 -3.07704542129
-204.141242407 -2.58501780204
-206.202386358 -2.36641052485
-208.263530308 -2.08148109949
-210.324674259 -3.44392177987
-212.385818209 -0.665163930455
-214.44696216 -1.17009257577
-216.508106111 -2.20657146035
-218.569250061 -2.06697653585
-220.630394012 -1.62164990887
-222.691537962 -0.903424314658
-224.752681913 -0.205694691527
-226.813825864 -0.672557139595
-228.874969814 -0.414584688557
