# BEGINHEADER
# This file contains data from the SALSA 2m radio telescope.
# DATE=2020-05-13T05:45:35.0
# GLON and GLAT given in degrees
# GLON=102.849544285
# GLAT=-0.00791029951942
# DATA in two columns below. Col. 1 is velocity relative to LSR [km/s]. Col. 2 is uncalibrated antenna temperature [K].
# ENDHEADER
287.276035614 -2.94846301266e-06
285.214891664 0.229779012759
283.153747713 0.875923870127
281.092603762 1.76328323894
279.031459812 1.92688248856
276.970315861 2.57293167118
274.909171911 3.5032353458
272.84802796 4.23319619153
270.786884009 4.34223489152
268.725740059 5.36187735842
266.664596108 4.33833491244
264.603452158 4.60535112961
262.542308207 5.98922482247
260.481164256 6.11756619894
258.420020306 6.21710998396
256.358876355 5.72064488693
254.297732405 6.84212861656
252.236588454 7.4967684281
250.175444503 8.5830898778
248.114300553 9.90571621918
246.053156602 9.93616422754
243.992012652 8.32462472545
241.930868701 9.24507883938
239.86972475 8.77438100806
237.8085808 10.0119736197
235.747436849 8.05223808936
233.686292899 11.8059740958
231.625148948 11.1479743316
229.564004997 10.0569997993
227.502861047 9.89080034431
225.441717096 10.3688125747
223.380573146 11.6421793559
221.319429195 11.1246909238
219.258285244 11.3474340545
217.197141294 12.4826779106
215.135997343 10.9543854678
213.074853393 12.0356894306
211.013709442 13.4336955025
208.952565491 10.8644038303
206.891421541 11.4886457306
204.83027759 10.579472872
202.76913364 11.886527338
200.707989689 10.8220119057
198.646845738 12.2659394785
196.585701788 11.0870659619
194.524557837 9.0522897085
192.463413887 9.43678958547
190.402269936 12.0208007422
188.341125985 13.0207206927
186.279982035 11.4017097748
184.218838084 11.8714470181
182.157694134 11.5507885393
180.096550183 12.2195424516
178.035406232 10.6205442249
175.974262282 10.9364233403
173.913118331 11.5194260366
171.851974381 13.309360901
169.79083043 12.2250280069
167.729686479 13.4518102112
165.668542529 12.5561109691
163.607398578 13.6139307797
161.546254628 11.6379620802
159.485110677 12.1777075409
157.423966726 13.9497738973
155.362822776 12.8807188902
153.301678825 12.2148946621
151.240534875 11.8102782901
149.179390924 13.9007237242
147.118246973 11.6578034298
145.057103023 12.4012720018
142.995959072 12.9016442851
140.934815122 11.8747699137
138.873671171 12.7888203126
136.81252722 14.2409474304
134.75138327 13.5628186892
132.690239319 11.6367766321
130.629095369 13.1510203704
128.567951418 12.0778272975
126.506807467 13.0651487631
124.445663517 11.4450913713
122.384519566 13.3937109991
120.323375616 12.0456998169
118.262231665 12.8056013142
116.201087714 13.3972979827
114.139943764 10.9656132504
112.078799813 13.6527817877
110.017655863 12.51401728
107.956511912 12.2471784156
105.895367961 13.0209378425
103.834224011 12.1856325103
101.77308006 14.5871946215
99.7119361096 12.0304615203
97.650792159 10.9362002554
95.5896482084 12.4276509377
93.5285042578 12.6011748216
91.4673603072 10.4006595639
89.4062163566 11.8040765989
87.345072406 12.861835375
85.2839284554 10.266560891
83.2227845048 12.5015871663
81.1616405542 12.3091122219
79.1004966036 12.3747636177
77.039352653 13.2768825338
74.9782087025 11.7783704982
72.9170647519 11.7469450754
70.8559208013 12.8944847454
68.7947768507 11.2748342242
66.7336329001 13.6106598556
64.6724889495 12.3632274628
62.6113449989 11.4451749709
60.5502010483 8.71242940622
58.4890570977 11.2222919377
56.4279131471 10.8630942461
54.3667691965 10.6704106092
52.3056252459 12.8608824531
50.2444812953 12.1450912469
48.1833373447 10.3473502544
46.1221933941 11.7843134596
44.0610494435 9.76252383533
41.9999054929 8.85532921947
39.9387615423 10.0068632728
37.8776175917 10.4869514101
35.8164736411 12.3679699364
33.7553296905 12.4667806928
31.6941857399 10.3021629155
29.6330417893 11.5456352781
27.5718978387 11.053027353
25.5107538881 11.8104680907
23.4496099375 11.4597992133
21.3884659869 8.56281402128
19.3273220363 8.5148555611
17.2661780857 9.69525501624
15.2050341351 11.424685085
13.1438901845 12.4265555133
11.0827462339 11.9604732448
9.02160228329 12.64092123
6.9604583327 18.3213877848
4.8993143821 21.5104640423
2.8381704315 26.9364508566
0.777026480899 35.7471309097
-1.2841174697 39.2540874901
-3.3452614203 42.1340048906
-5.4064053709 37.0107997661
-7.4675493215 34.3736736143
-9.52869327209 31.4289665036
-11.5898372227 26.485398478
-13.6509811733 21.0306867018
-15.7121251239 23.1480342798
-17.7732690745 22.2214691019
-19.8344130251 19.7583648562
-21.8955569757 21.8530183038
-23.9567009263 22.8340429996
-26.0178448769 21.2899665528
-28.0789888275 17.1672825739
-30.1401327781 19.213186475
-32.2012767287 19.7269237738
-34.2624206793 19.5800007101
-36.3235646299 22.9392414548
-38.3847085805 22.1371973741
-40.4458525311 20.2190193371
-42.5069964817 23.6675549404
-44.5681404323 24.1009783699
-46.6292843829 26.0749593876
-48.6904283335 27.9304949477
-50.7515722841 29.1867537253
-52.8127162347 27.7902685986
-54.8738601853 26.9353510668
-56.9350041359 26.9159082642
-58.9961480865 27.0863245433
-61.0572920371 23.0878812687
-63.1184359877 24.069064787
-65.1795799383 24.1842820768
-67.2407238889 22.0748561548
-69.3018678395 21.2973725405
-71.3630117901 17.1639475881
-73.4241557407 15.1455697116
-75.4852996913 12.9193120487
-77.5464436418 11.5456918083
-79.6075875924 10.3998506115
-81.668731543 8.53486142576
-83.7298754936 10.4037164981
-85.7910194442 9.04657826315
-87.8521633948 7.89834910777
-89.9133073454 8.27756647976
-91.974451296 8.09595693634
-94.0355952466 7.72060893672
-96.0967391972 9.04565652057
-98.1578831478 9.84307020631
-100.219027098 8.96536230608
-102.280171049 7.87322857442
-104.341315 7.52413210403
-106.40245895 5.26348815449
-108.463602901 6.3534213386
-110.524746851 4.74722627858
-112.585890802 4.26085188446
-114.647034753 4.1079020699
-116.708178703 2.9064874102
-118.769322654 4.66690125096
-120.830466604 1.80379777656
-122.891610555 1.32859732874
-124.952754506 0.351393868569
-127.013898456 0.441331821905
-129.075042407 0.359185964033
-131.136186357 2.90711697623
-133.197330308 0.543772822771
-135.258474259 0.24147427587
-137.319618209 1.16856623332
-139.38076216 0.429616098293
-141.44190611 1.06765597416
-143.503050061 1.55126701172
-145.564194012 -0.899035037866
-147.625337962 -1.19575601583
-149.686481913 0.144676633601
-151.747625863 -0.860705256988
-153.808769814 -1.92161827957
-155.869913765 0.0909891705188
-157.931057715 1.28738335653
-159.992201666 -3.60479218814
-162.053345616 -3.11805167597
-164.114489567 -1.99730292181
-166.175633518 -3.07651364566
-168.236777468 -0.723446263068
-170.297921419 -2.19311363005
-172.359065369 -0.478896145451
-174.42020932 -2.14772702265
-176.481353271 -1.71645998225
-178.542497221 -1.2191035417
-180.603641172 -3.09290272446
-182.664785122 -2.4769379016
-184.725929073 -2.13947441919
-186.787073024 -2.62650458827
-188.848216974 -2.23012502526
-190.909360925 -2.24367118604
-192.970504875 -3.03795598488
-195.031648826 -3.27874923878
-197.092792777 -2.97095859961
-199.153936727 -2.5782495792
-201.215080678 -3.18278074002
-203.276224628 -2.84114812222
-205.337368579 -1.68928991139
-207.39851253 -3.00258797569
-209.45965648 -3.04786094843
-211.520800431 -1.66109509226
-213.581944381 -2.49884660796
-215.643088332 -2.46691293796
-217.704232283 -1.38030888395
-219.765376233 -0.870746388536
-221.826520184 -1.6344560763
-223.887664134 -2.45088801176
-225.948808085 -1.16696547199
-228.009952036 -1.6664870042
-230.071095986 -0.749051065275
-232.132239937 -0.481426486416
-234.193383887 -0.397040885127
-236.254527838 -0.0256759673462
-238.315671789 0.0019751866135
