# BEGINHEADER
# This file contains data from the SALSA 2m radio telescope.
# DATE=2020-05-13T05:59:12.0
# GLON and GLAT given in degrees
# GLON=112.869616357
# GLAT=-0.0777569806065
# DATA in two columns below. Col. 1 is velocity relative to LSR [km/s]. Col. 2 is uncalibrated antenna temperature [K].
# ENDHEADER
281.242028718 -0.000331618290502
279.180884768 0.386937121985
277.119740817 1.32509537951
275.058596867 1.73443691263
272.997452916 1.97696022221
270.936308965 3.00815126953
268.875165015 2.70416205875
266.814021064 3.61915235149
264.752877114 3.53996499636
262.691733163 3.88010319901
260.630589212 4.84404409668
258.569445262 5.9645680456
256.508301311 6.27134417724
254.447157361 5.22632531347
252.38601341 5.40425955956
250.324869459 6.42352758791
248.263725509 7.96576680559
246.202581558 7.95890774853
244.141437608 6.4219806066
242.080293657 7.84713208124
240.019149706 9.31057013672
237.958005756 8.62703229107
235.896861805 7.92513096962
233.835717855 10.5745156451
231.774573904 9.15456596275
229.713429953 8.78199079326
227.652286003 10.1759133821
225.591142052 11.0019790202
223.529998102 11.2945941092
221.468854151 7.86301130914
219.4077102 12.0404337426
217.34656625 10.642310202
215.285422299 10.8866028695
213.224278349 9.19548336203
211.163134398 10.1735904579
209.101990447 10.1585802046
207.040846497 11.483296841
204.979702546 10.5024342773
202.918558596 10.5135469717
200.857414645 12.2344102206
198.796270694 9.93521242823
196.735126744 12.648591987
194.673982793 11.8898698681
192.612838843 11.5199852122
190.551694892 12.1385738559
188.490550942 11.8505937485
186.429406991 10.6643950595
184.36826304 12.0862475844
182.30711909 12.4725004239
180.245975139 10.6920796996
178.184831189 12.1719155583
176.123687238 11.3937293012
174.062543287 11.3253701585
172.001399337 12.035255382
169.940255386 13.6247669583
167.879111436 13.3690024697
165.817967485 12.7430795772
163.756823534 11.6415946582
161.695679584 10.5386690731
159.634535633 12.5364358048
157.573391683 12.2328564685
155.512247732 11.7923663244
153.451103781 12.138955572
151.389959831 11.7736135775
149.32881588 12.0743138914
147.26767193 12.7437777671
145.206527979 12.8522845536
143.145384028 12.3646459922
141.084240078 11.604035098
139.023096127 12.9481497684
136.961952177 12.3315208625
134.900808226 12.1004046037
132.839664275 12.507701913
130.778520325 12.0721089233
128.717376374 12.4000675372
126.656232424 13.1039382438
124.595088473 12.9941613839
122.533944522 13.7114841514
120.472800572 13.9601029583
118.411656621 13.067898773
116.350512671 13.022886182
114.28936872 14.0788636602
112.228224769 11.6153907552
110.167080819 13.9863284414
108.105936868 13.266085769
106.044792918 13.5856854469
103.983648967 13.425889367
101.922505016 12.9685439941
99.8613610658 12.720981486
97.8002171152 12.9085647294
95.7390731646 14.3482168065
93.677929214 13.1446107956
91.6167852634 11.1654364875
89.5556413128 12.3189176615
87.4944973622 11.1323938854
85.4333534116 12.0666498888
83.372209461 12.9077607694
81.3110655104 9.93496309927
79.2499215598 11.1252267522
77.1887776092 11.9405411459
75.1276336586 12.401533925
73.066489708 11.1831650739
71.0053457574 13.8788479272
68.9442018068 12.2928396184
66.8830578562 11.3222267865
64.8219139056 12.9236056217
62.760769955 13.2287948959
60.6996260044 13.179167279
58.6384820538 11.4524415894
56.5773381032 10.9514737472
54.5161941526 10.5418880562
52.455050202 9.92737967839
50.3939062514 12.7303492645
48.3327623008 10.9342739118
46.2716183502 12.1877505547
44.2104743996 13.4753847445
42.149330449 13.6282442633
40.0881864984 9.51476046784
38.0270425478 11.7098272611
35.9658985972 12.3193457094
33.9047546466 11.6972328236
31.843610696 12.542941113
29.7824667454 10.6443566344
27.7213227948 9.56618809946
25.6601788442 10.0777041911
23.5990348936 10.0458884168
21.537890943 10.4170412719
19.4767469924 9.90696636693
17.4156030418 10.3914091647
15.3544590912 10.900508467
13.2933151406 12.4036179759
11.23217119 11.3223795045
9.17102723942 12.9774053587
7.10988328882 17.567657233
5.04873933822 20.8899755066
2.98759538763 25.7544787836
0.926451437027 31.1249813952
-1.13469251357 35.7592656642
-3.19583646417 35.3340221494
-5.25698041477 36.739755031
-7.31812436537 38.6421459587
-9.37926831597 38.9355692932
-11.4404122666 38.247103516
-13.5015562172 34.1226800252
-15.5627001678 30.8054171963
-17.6238441184 29.532000633
-19.684988069 24.0177355285
-21.7461320196 18.915074422
-23.8072759702 18.0553393537
-25.8684199208 16.8955850216
-27.9295638714 16.487000926
-29.990707822 16.0037546513
-32.0518517726 17.032990337
-34.1129957231 18.4398747882
-36.1741396737 20.4614963037
-38.2352836243 20.6107380045
-40.2964275749 23.6933195626
-42.3575715255 26.7326084157
-44.4187154761 27.3410441222
-46.4798594267 29.0275827933
-48.5410033773 29.1336771165
-50.6021473279 31.5137491237
-52.6632912785 28.4889140411
-54.7244352291 28.614058694
-56.7855791797 28.9667448843
-58.8467231303 28.3565551305
-60.9078670809 25.2732051583
-62.9690110315 20.7136218406
-65.0301549821 23.0388990298
-67.0912989327 22.0067248622
-69.1524428833 18.4843508538
-71.2135868339 16.8517265956
-73.2747307845 12.9297727263
-75.3358747351 12.7230013476
-77.3970186857 12.1225774253
-79.4581626363 8.16268770056
-81.5193065869 10.0082039934
-83.5804505375 7.78467248845
-85.6415944881 9.23408646397
-87.7027384387 8.98971165052
-89.7638823893 8.00445751751
-91.8250263399 7.82770042141
-93.8861702905 9.82677107647
-95.9473142411 8.79228354003
-98.0084581917 9.69556444469
-100.069602142 12.5682889394
-102.130746093 9.31388761228
-104.191890044 8.03205210513
-106.253033994 6.77568329181
-108.314177945 6.95724415515
-110.375321895 6.28316646168
-112.436465846 4.77938097273
-114.497609796 3.77399747017
-116.558753747 2.9663651283
-118.619897698 2.7788479277
-120.681041648 4.06658245554
-122.742185599 2.32243551856
-124.803329549 2.99071697336
-126.8644735 0.734775113514
-128.925617451 2.47470285251
-130.986761401 1.24019133233
-133.047905352 2.29765188419
-135.109049302 0.956734513694
-137.170193253 -0.00738337230929
-139.231337204 0.986864059083
-141.292481154 -0.258970046141
-143.353625105 -2.26585460096
-145.414769055 -1.83906550282
-147.475913006 -1.06448377696
-149.537056957 0.038293580324
-151.598200907 -1.45453448636
-153.659344858 0.379807880252
-155.720488808 -1.39536490048
-157.781632759 -0.954784790138
-159.84277671 -0.267537721243
-161.90392066 -0.358633573843
-163.965064611 0.131446545632
-166.026208561 -2.42940181465
-168.087352512 -0.9289608571
-170.148496463 -2.22495985201
-172.209640413 -1.3503306429
-174.270784364 -1.64228577877
-176.331928314 -0.964410776291
-178.393072265 -0.856316004137
-180.454216216 -0.846810980806
-182.515360166 -1.88945674254
-184.576504117 -2.64692432438
-186.637648067 -2.9329980391
-188.698792018 -0.669868552116
-190.759935969 -2.62857332167
-192.821079919 -2.84511108181
-194.88222387 -2.29145586353
-196.94336782 -2.06498077906
-199.004511771 -2.80295524684
-201.065655722 -2.47492248973
-203.126799672 -2.32326005004
-205.187943623 -2.25792284224
-207.249087573 -3.10848443086
-209.310231524 -3.71709348125
-211.371375475 -3.48115624098
-213.432519425 -2.55266245017
-215.493663376 -2.77457044421
-217.554807326 -1.72146746801
-219.615951277 -1.87346280596
-221.677095228 -2.69425118997
-223.738239178 -1.6498311386
-225.799383129 -1.59819135204
-227.860527079 -0.791054644354
-229.92167103 -1.43302614064
-231.982814981 -0.802984639087
-234.043958931 -1.54121236955
-236.105102882 -0.723388130137
-238.166246832 -0.960732385235
-240.227390783 -0.171021180014
-242.288534734 0.158721658829
-244.349678684 -0.409830793437
