# BEGINHEADER
# This file contains data from the SALSA 2m radio telescope.
# DATE=2020-05-13T06:02:25.0
# GLON and GLAT given in degrees
# GLON=131.756230258
# GLAT=-0.145086594063
# DATA in two columns below. Col. 1 is velocity relative to LSR [km/s]. Col. 2 is uncalibrated antenna temperature [K].
# ENDHEADER
268.669255064 0.00065898148333
266.608111114 1.19886814587
264.546967163 1.14215126442
262.485823212 2.21525516569
260.424679262 2.18731058368
258.363535311 3.12803065635
256.302391361 3.09335828139
254.24124741 2.73817830439
252.180103459 4.83882321921
250.118959509 4.17642497956
248.057815558 5.21660324559
245.996671608 5.18735452083
243.935527657 6.14387360708
241.874383707 5.78654783377
239.813239756 7.19548454537
237.752095805 6.37965634593
235.690951855 8.09590593031
233.629807904 8.87020810187
231.568663954 6.98149589478
229.507520003 8.68445863355
227.446376052 9.16170144291
225.385232102 9.20800000934
223.324088151 9.25153235003
221.262944201 10.5828909127
219.20180025 10.1891097206
217.140656299 9.7430075949
215.079512349 8.71009496986
213.018368398 11.5225560165
210.957224448 11.3470198661
208.896080497 10.9427276815
206.834936546 9.93815417323
204.773792596 11.4901284992
202.712648645 9.00704925462
200.651504695 10.3438816372
198.590360744 11.649843798
196.529216793 11.4737405646
194.468072843 12.6410125216
192.406928892 11.6786821934
190.345784942 11.4885156708
188.284640991 12.3969769291
186.22349704 12.0481389717
184.16235309 9.5723069879
182.101209139 11.273018542
180.040065189 12.2312842182
177.978921238 12.946634335
175.917777287 13.3156638936
173.856633337 12.6410507814
171.795489386 14.916394974
169.734345436 12.822011867
167.673201485 12.5110967859
165.612057534 12.7306876861
163.550913584 12.913540627
161.489769633 13.0920302919
159.428625683 12.8711713125
157.367481732 12.5356902734
155.306337781 12.295597107
153.245193831 13.9529757263
151.18404988 14.0841856989
149.12290593 14.8777800208
147.061761979 14.0123233703
145.000618028 12.452546492
142.939474078 13.1745447609
140.878330127 12.7273246417
138.817186177 12.1771760633
136.756042226 12.9911630363
134.694898275 12.8633562208
132.633754325 10.6448532508
130.572610374 13.29532726
128.511466424 12.6360607559
126.450322473 14.0360415614
124.389178522 12.3224580296
122.328034572 12.3056517342
120.266890621 14.0624189849
118.205746671 13.056702577
116.14460272 13.5192786183
114.083458769 13.7017733675
112.022314819 13.0834795374
109.961170868 12.7337512536
107.900026918 13.3491935969
105.838882967 13.8947887986
103.777739016 14.4583556001
101.716595066 13.470668987
99.6554511152 13.5903305533
97.5943071646 13.9275442225
95.533163214 11.6684960944
93.4720192634 14.4753063631
91.4108753128 13.3735679896
89.3497313622 13.7035137703
87.2885874116 13.0433829582
85.227443461 12.6980994856
83.1662995104 15.1089736439
81.1051555598 12.3618414157
79.0440116092 12.4272253315
76.9828676586 13.6112824253
74.921723708 13.5224277427
72.8605797574 14.6251200844
70.7994358068 13.5651221007
68.7382918562 13.2127757029
66.6771479056 14.2112189714
64.616003955 12.7891054978
62.5548600044 12.0954529398
60.4937160538 10.8498768345
58.4325721032 13.4634192414
56.3714281526 14.2675366021
54.310284202 11.4417690252
52.2491402514 11.8618387935
50.1879963008 13.2744845652
48.1268523502 13.3862557553
46.0657083996 11.1503546937
44.004564449 14.5317943123
41.9434204984 14.0172355482
39.8822765478 13.970859946
37.8211325972 13.4723437048
35.7599886466 12.1385103558
33.698844696 11.0915682297
31.6377007454 12.4143733704
29.5765567948 10.7394274169
27.5154128442 14.0215007551
25.4542688936 13.5974858106
23.393124943 12.8584008581
21.3319809924 12.4763190274
19.2708370419 10.254260667
17.2096930913 13.0836800211
15.1485491407 12.413798348
13.0874051901 13.2400491731
11.0262612395 14.1462067221
8.96511728886 16.801246598
6.90397333826 17.7537248126
4.84282938766 21.4545503465
2.78168543706 24.0697561912
0.720541486463 29.4530841822
-1.34060246414 32.9012726488
-3.40174641473 35.1714971601
-5.46289036533 34.1111830777
-7.52403431593 32.8978727579
-9.58517826653 30.7427843011
-11.6463222171 32.3023277633
-13.7074661677 29.2137957865
-15.7686101183 27.6329057465
-17.8297540689 26.0984355954
-19.8908980195 26.6659261042
-21.9520419701 23.5129562789
-24.0131859207 24.5182358197
-26.0743298713 23.4595445453
-28.1354738219 24.3043896974
-30.1966177725 24.6536144726
-32.2577617231 24.0313759191
-34.3189056737 26.2276199121
-36.3800496243 26.6802879289
-38.4411935749 28.7689463287
-40.5023375255 29.7332306548
-42.5634814761 31.4477003544
-44.6246254267 32.069874053
-46.6857693773 32.6563989609
-48.7469133279 32.2557945125
-50.8080572785 32.8130094295
-52.8692012291 30.1572866463
-54.9303451797 29.316661452
-56.9914891303 28.5576998667
-59.0526330809 27.0265871993
-61.1137770315 24.0688918509
-63.1749209821 19.3906104669
-65.2360649327 18.4423215312
-67.2972088833 20.0416569285
-69.3583528339 15.3549942845
-71.4194967845 15.5700871723
-73.4806407351 16.6860230733
-75.5417846857 14.7587017264
-77.6029286363 14.3033339878
-79.6640725869 15.4888502454
-81.7252165375 14.3302988592
-83.7863604881 11.9349354048
-85.8475044387 12.1958105452
-87.9086483893 12.8768505941
-89.9697923399 9.66590282442
-92.0309362905 11.1042505397
-94.0920802411 12.0594439749
-96.1532241917 9.2024675105
-98.2143681423 9.24296356936
-100.275512093 8.1542793215
-102.336656043 8.05667150855
-104.397799994 6.17068648263
-106.458943945 7.23914535642
-108.520087895 6.64227563287
-110.581231846 3.55652934538
-112.642375796 3.9050126148
-114.703519747 4.52170383249
-116.764663698 4.81701664742
-118.825807648 3.11231684053
-120.886951599 4.12356913594
-122.948095549 3.56865728777
-125.0092395 4.19961510937
-127.070383451 2.47607047721
-129.131527401 2.73240807318
-131.192671352 1.80087088024
-133.253815302 3.71661897302
-135.314959253 2.45224086009
-137.376103204 2.4541987045
-139.437247154 2.11488049999
-141.498391105 1.14677511139
-143.559535055 -1.16400627174
-145.620679006 2.13907383356
-147.681822957 3.68623399757
-149.742966907 3.09590945137
-151.804110858 1.37146781007
-153.865254808 0.136665576034
-155.926398759 0.420456407479
-157.98754271 2.73295633045
-160.04868666 0.90947362807
-162.109830611 0.0517310737976
-164.170974561 1.13808703108
-166.232118512 0.749039294456
-168.293262463 -0.0991882294574
-170.354406413 2.5815960587
-172.415550364 -0.501595421569
-174.476694314 1.64010999489
-176.537838265 -1.57483179178
-178.598982216 0.305355670128
-180.660126166 0.295762937258
-182.721270117 0.00711315744811
-184.782414067 0.0819938819999
-186.843558018 -1.52827569801
-188.904701969 -0.192750844418
-190.965845919 0.708301083588
-193.02698987 -1.72818169229
-195.08813382 -3.50084804841
-197.149277771 -0.307700479632
-199.210421722 -1.22100496569
-201.271565672 -0.9404076423
-203.332709623 -1.95808602202
-205.393853573 -1.87529706044
-207.454997524 -0.862807197095
-209.516141475 -1.96849501197
-211.577285425 -2.6417212428
-213.638429376 -3.08856001316
-215.699573326 -2.13588763543
-217.760717277 -1.95362266217
-219.821861228 -1.8349690777
-221.883005178 -2.53176675268
-223.944149129 -2.12116280496
-226.005293079 -1.95363173891
-228.06643703 -0.673066120719
-230.127580981 -2.88490588562
-232.188724931 -2.17387670769
-234.249868882 -1.6423571163
-236.311012832 -2.05395280584
-238.372156783 -1.70756962705
-240.433300734 -1.42954399815
-242.494444684 -2.03579140774
-244.555588635 -0.952856716749
-246.616732585 -1.33194575633
-248.677876536 -0.404384740362
-250.739020487 0.194897030935
-252.800164437 -0.0341929012025
-254.861308388 -0.317822240729
-256.922452338 0.747817470812
