# BEGINHEADER
# This file contains data from the SALSA 2m radio telescope.
# DATE=2020-05-13T06:04:07.0
# GLON and GLAT given in degrees
# GLON=141.949502932
# GLAT=-0.189294483358
# DATA in two columns below. Col. 1 is velocity relative to LSR [km/s]. Col. 2 is uncalibrated antenna temperature [K].
# ENDHEADER
261.634729365 6.96240744874e-05
259.573585414 0.563614435425
257.512441464 1.66131861683
255.451297513 2.03817497049
253.390153562 2.18716896463
251.329009612 1.57886261001
249.267865661 2.26561725198
247.206721711 3.28838628631
245.14557776 4.27088425864
243.084433809 4.41718640785
241.023289859 4.86574715814
238.962145908 4.92453654606
236.901001958 5.10978785932
234.839858007 4.9342773884
232.778714056 6.26016003406
230.717570106 5.61249503503
228.656426155 6.88987012928
226.595282205 8.53046714315
224.534138254 7.16933165306
222.472994303 8.45918317176
220.411850353 8.29684286346
218.350706402 6.92576507101
216.289562452 8.13188363722
214.228418501 8.34259326681
212.16727455 10.6070350201
210.1061306 8.32937024105
208.044986649 8.59734767747
205.983842699 8.74897859619
203.922698748 11.1086026232
201.861554797 9.33982353529
199.800410847 10.0489019355
197.739266896 9.29838135162
195.678122946 11.2443772697
193.616978995 11.0812992354
191.555835044 9.80951844212
189.494691094 12.2288990428
187.433547143 10.3028732844
185.372403193 12.3412834106
183.311259242 10.4385259559
181.250115291 9.66078925024
179.188971341 10.9849524552
177.12782739 11.3295719694
175.06668344 11.3611570644
173.005539489 10.1642124497
170.944395538 12.4855186675
168.883251588 11.5901346103
166.822107637 12.2276235703
164.760963687 12.8790130618
162.699819736 12.8554172813
160.638675785 11.5340362034
158.577531835 11.1900201211
156.516387884 11.2412822309
154.455243934 11.2207793146
152.394099983 11.6099072834
150.332956032 12.3643600842
148.271812082 12.3641695517
146.210668131 11.5785426219
144.149524181 12.4734268523
142.08838023 11.8697541632
140.027236279 11.9006269861
137.966092329 13.2855486029
135.904948378 13.0936130884
133.843804428 12.2496126813
131.782660477 11.8325882135
129.721516526 12.1322534234
127.660372576 12.1686265379
125.599228625 12.5258053318
123.538084675 15.4974106345
121.476940724 10.9103097694
119.415796773 11.443357951
117.354652823 12.9175943711
115.293508872 13.1867875026
113.232364922 13.6899124682
111.171220971 14.3706257198
109.11007702 14.0634979482
107.04893307 14.2492879315
104.987789119 12.0167487927
102.926645169 12.1024314439
100.865501218 12.4226966861
98.8043572675 11.2543705416
96.7432133169 8.70459140819
94.6820693663 11.9371597168
92.6209254157 11.8160538527
90.5597814651 12.4710309655
88.4986375145 14.0869831476
86.4374935639 12.2073202725
84.3763496133 11.8093748108
82.3152056627 13.6075024451
80.2540617121 11.8760271997
78.1929177615 12.5754242429
76.1317738109 12.4377978471
74.0706298603 11.1035441915
72.0094859097 13.3519796178
69.9483419591 11.9607509861
67.8871980085 11.659784534
65.8260540579 13.0063545903
63.7649101073 11.6212361502
61.7037661567 11.9142054025
59.6426222061 11.0765977946
57.5814782555 13.0645937702
55.5203343049 11.5811729291
53.4591903543 11.0724455443
51.3980464037 12.9158065454
49.3369024531 11.4146610155
47.2757585025 13.2555282665
45.2146145519 12.0290272078
43.1534706013 12.3691244664
41.0923266507 11.2593291183
39.0311827001 12.4651468238
36.9700387495 12.8796595383
34.9088947989 11.9335772092
32.8477508483 13.8932504772
30.7866068977 11.2972062303
28.7254629471 10.084257484
26.6643189965 11.9530099487
24.6031750459 12.2604532365
22.5420310953 9.24003640523
20.4808871447 11.6454674629
18.4197431941 12.7298838582
16.3585992435 13.2087816101
14.2974552929 11.7095974173
12.2363113423 14.324302005
10.1751673917 15.6139244481
8.11402344113 15.6628890692
6.05287949053 19.208197759
3.99173553993 25.0492408211
1.93059158933 29.6665759081
-0.130552361264 32.8828495214
-2.19169631186 35.0557337405
-4.25284026246 32.220177465
-6.31398421306 36.1296815259
-8.37512816366 35.3464108932
-10.4362721143 35.4625162086
-12.4974160649 35.4707746204
-14.5585600155 35.1018816456
-16.6197039661 31.010585117
-18.6808479167 29.1083331336
-20.7419918673 30.0548195422
-22.8031358178 27.8646604727
-24.8642797684 26.7909879635
-26.925423719 29.059649143
-28.9865676696 31.1446349198
-31.0477116202 33.2537814167
-33.1088555708 38.3894211941
-35.1699995214 38.2111971066
-37.231143472 38.7842008893
-39.2922874226 39.5755402736
-41.3534313732 37.9369379375
-43.4145753238 34.8938199509
-45.4757192744 31.6191868253
-47.536863225 29.0718385983
-49.5980071756 25.101102692
-51.6591511262 24.245378245
-53.7202950768 21.8622255227
-55.7814390274 20.9836089984
-57.842582978 17.571459633
-59.9037269286 17.1313967676
-61.9648708792 15.8312562854
-64.0260148298 13.1784500006
-66.0871587804 12.9777166156
-68.148302731 12.6102314331
-70.2094466816 13.044080685
-72.2705906322 13.8979472603
-74.3317345828 14.1268505369
-76.3928785334 13.1063059462
-78.454022484 12.4468050472
-80.5151664346 10.8319112422
-82.5763103852 10.3846598098
-84.6374543358 7.86086673277
-86.6985982864 8.30578124939
-88.759742237 9.01490745885
-90.8208861876 7.86905545222
-92.8820301382 7.27444662474
-94.9431740888 5.73426709412
-97.0043180394 6.31983979571
-99.06546199 6.14496131531
-101.126605941 5.46132039589
-103.187749891 5.675531822
-105.248893842 5.4326591608
-107.310037792 8.4544623584
-109.371181743 4.9199332369
-111.432325694 4.90867520632
-113.493469644 5.54606158888
-115.554613595 5.1889013711
-117.615757545 4.52931141226
-119.676901496 1.63698676285
-121.738045447 4.07687513021
-123.799189397 3.42208912337
-125.860333348 2.17931480788
-127.921477298 4.78136073125
-129.982621249 3.61761377907
-132.0437652 4.36279592983
-134.10490915 4.30761213222
-136.166053101 2.29398457024
-138.227197051 2.94101108475
-140.288341002 1.95569707263
-142.349484953 2.47929911298
-144.410628903 1.68547202449
-146.471772854 2.00798004502
-148.532916804 0.210358624524
-150.594060755 0.815022307931
-152.655204706 2.17409655858
-154.716348656 2.18542162216
-156.777492607 0.691311771006
-158.838636557 1.79141056473
-160.899780508 2.20099701948
-162.960924459 -0.55133238944
-165.022068409 0.248997596521
-167.08321236 1.59208108922
-169.14435631 0.5738913887
-171.205500261 -0.329950621369
-173.266644212 0.384775164174
-175.327788162 1.20451122424
-177.388932113 0.729507399576
-179.450076063 0.713513356752
-181.511220014 1.00956751473
-183.572363965 -0.505271964513
-185.633507915 -0.376733628897
-187.694651866 -0.326549627299
-189.755795816 -1.87575377593
-191.816939767 -1.06838589239
-193.878083718 -1.815568493
-195.939227668 0.559136464447
-198.000371619 -0.644392107134
-200.061515569 -1.17548880451
-202.12265952 -2.07105104724
-204.183803471 -0.507873992325
-206.244947421 -0.919614357885
-208.306091372 -2.39966274513
-210.367235322 -1.34622464469
-212.428379273 -0.317604439425
-214.489523224 -1.30400855272
-216.550667174 -1.90177624044
-218.611811125 -2.77838459737
-220.672955075 -2.54627702255
-222.734099026 -2.47403918051
-224.795242977 -1.98150100527
-226.856386927 -2.66637355889
-228.917530878 -2.93671043292
-230.978674828 -3.60733873735
-233.039818779 -2.87707780645
-235.10096273 -1.0951730334
-237.16210668 -2.70819059626
-239.223250631 -2.62884202077
-241.284394581 -2.53614902096
-243.345538532 -1.95206338136
-245.406682483 -1.99942434827
-247.467826433 -2.10467654079
-249.528970384 -0.758805579637
-251.590114334 -0.920607965283
-253.651258285 -1.56331836155
-255.712402235 -0.768310154368
-257.773546186 -0.124453796415
-259.834690137 -0.223220549558
-261.895834087 0.445006925002
-263.956978038 1.14276195892
