# BEGINHEADER
# This file contains data from the SALSA 2m radio telescope.
# DATE=2020-05-13T06:08:02.0
# GLON and GLAT given in degrees
# GLON=162.892659451
# GLAT=-0.263915849976
# DATA in two columns below. Col. 1 is velocity relative to LSR [km/s]. Col. 2 is uncalibrated antenna temperature [K].
# ENDHEADER
247.761273038 0.000929405199915
245.700129087 1.30220332408
243.638985137 1.14947218106
241.577841186 2.16486283272
239.516697236 1.6513023045
237.455553285 2.74737098354
235.394409334 2.28528726494
233.333265384 2.73179795358
231.272121433 2.91692858
229.210977483 3.55521297859
227.149833532 3.98922784742
225.088689581 5.44220925978
223.027545631 4.79170087558
220.96640168 5.86153923373
218.90525773 5.92853311278
216.844113779 5.54492072336
214.782969828 6.1753792747
212.721825878 7.69252248655
210.660681927 7.69444131241
208.599537977 9.4834033272
206.538394026 7.61341789205
204.477250075 6.91545509244
202.416106125 9.42954934433
200.354962174 9.04963367014
198.293818224 9.28048010526
196.232674273 10.267388335
194.171530322 10.6605833444
192.110386372 11.0199455771
190.049242421 10.1412315572
187.988098471 11.0695890906
185.92695452 12.3414423956
183.865810569 11.3348364012
181.804666619 10.9026279214
179.743522668 8.89179393063
177.682378718 10.2694642862
175.621234767 10.4332536497
173.560090816 9.51319805215
171.498946866 10.4984219936
169.437802915 8.67292273179
167.376658965 10.1088567133
165.315515014 9.6334291189
163.254371063 9.92723158106
161.193227113 11.5269625507
159.132083162 11.6769159573
157.070939212 10.4935492756
155.009795261 11.5463990776
152.94865131 11.4177474688
150.88750736 12.3397496948
148.826363409 12.0042731306
146.765219459 11.3557960421
144.704075508 12.2407713305
142.642931557 13.1687975831
140.581787607 12.2299491321
138.520643656 12.8127684569
136.459499706 12.2876532609
134.398355755 12.3763413174
132.337211804 11.7040342127
130.276067854 11.1620727637
128.214923903 12.5238345231
126.153779953 13.6673492226
124.092636002 12.661589616
122.031492051 10.7096855897
119.970348101 12.7478213729
117.90920415 14.3528742413
115.8480602 12.9119133674
113.786916249 12.7739116934
111.725772298 12.1056240675
109.664628348 11.6179899214
107.603484397 13.9447332683
105.542340447 13.9779459027
103.481196496 11.7597066539
101.420052545 11.6356846421
99.3589085949 11.744663621
97.2977646443 12.6063115588
95.2366206937 13.3866372166
93.1754767431 12.4784256023
91.1143327925 12.326005402
89.0531888419 12.915411685
86.9920448913 14.000563427
84.9309009407 12.5869126039
82.8697569901 13.2559187021
80.8086130395 11.6566285172
78.7474690889 14.128931114
76.6863251383 12.1079720027
74.6251811877 12.4556938597
72.5640372371 11.6375551058
70.5028932865 10.15536433
68.4417493359 10.1727602337
66.3806053853 11.7588600502
64.3194614347 12.5055166817
62.2583174841 12.8852736278
60.1971735335 12.3766553158
58.1360295829 13.4212841613
56.0748856323 10.6701311188
54.0137416817 11.534893484
51.9525977311 13.0206060019
49.8914537805 11.2369231473
47.8303098299 11.4263441773
45.7691658793 11.7983961701
43.7080219287 11.9250370952
41.6468779781 11.7613946188
39.5857340275 12.0840427689
37.5245900769 11.5549969213
35.4634461263 11.2239124197
33.4023021757 10.6805777376
31.3411582251 12.2398317016
29.2800142745 12.1892009433
27.2188703239 13.2711693767
25.1577263733 12.1644173028
23.0965824227 11.7762541005
21.0354384721 12.2621263838
18.9742945215 12.7998326895
16.9131505709 12.5370728559
14.8520066203 13.0691803089
12.7908626697 15.9899616829
10.7297187191 14.3229454885
8.66857476853 15.8165306941
6.60743081793 20.6048388884
4.54628686733 25.3361977161
2.48514291673 29.4488782678
0.423998966136 31.0605344613
-1.63714498446 34.8640387126
-3.69828893506 34.6978661653
-5.75943288566 35.8848036589
-7.82057683626 36.9330996787
-9.88172078686 37.5398716587
-11.9428647375 36.8171080386
-14.0040086881 37.9489339189
-16.0651526387 37.2417087074
-18.1262965893 38.0588630125
-20.1874405399 37.4049492212
-22.2485844904 34.1070771918
-24.309728441 37.0484004522
-26.3708723916 35.9554888783
-28.4320163422 35.0604748934
-30.4931602928 32.5679552888
-32.5543042434 29.9178622922
-34.615448194 30.1199504609
-36.6765921446 29.6029550801
-38.7377360952 28.1455241391
-40.7988800458 24.3329749549
-42.8600239964 20.4088258177
-44.921167947 19.3036770028
-46.9823118976 16.4860149445
-49.0434558482 15.95008459
-51.1045997988 15.1535466357
-53.1657437494 13.4366829532
-55.2268877 14.7056004248
-57.2880316506 13.796345707
-59.3491756012 10.9370839523
-61.4103195518 12.3333393997
-63.4714635024 12.1795221074
-65.532607453 12.2138182774
-67.5937514036 8.88970890535
-69.6548953542 8.47376750851
-71.7160393048 8.72201766373
-73.7771832554 6.61370063338
-75.838327206 9.18024442326
-77.8994711566 9.2797932181
-79.9606151072 9.6762110394
-82.0217590578 6.15847180358
-84.0829030084 6.99695043411
-86.144046959 6.7912433348
-88.2051909096 7.16869789277
-90.2663348602 8.3239382961
-92.3274788108 5.72297045666
-94.3886227614 6.55240526735
-96.449766712 7.50749121536
-98.5109106626 6.82114083752
-100.572054613 7.07482053602
-102.633198564 6.18867484091
-104.694342514 5.9575555014
-106.755486465 5.62385632442
-108.816630416 6.08517406782
-110.877774366 6.51863121454
-112.938918317 5.37649522508
-115.000062267 2.97734534088
-117.061206218 6.46492692421
-119.122350169 5.051883188
-121.183494119 5.14757114603
-123.24463807 5.27160278262
-125.30578202 4.62925931258
-127.366925971 3.88003789383
-129.428069922 5.18502497769
-131.489213872 4.43714111681
-133.550357823 3.50170251206
-135.611501773 4.67683667024
-137.672645724 4.50336456288
-139.733789675 3.31068749014
-141.794933625 3.14659354731
-143.856077576 1.71093025175
-145.917221526 3.97265033105
-147.978365477 2.34114419768
-150.039509428 2.82334276452
-152.100653378 3.16317344145
-154.161797329 1.25356237529
-156.222941279 3.07397841523
-158.28408523 3.02860075556
-160.345229181 0.971913893714
-162.406373131 0.011623587156
-164.467517082 0.706838562218
-166.528661032 3.12839474801
-168.589804983 1.44119634821
-170.650948934 1.34302453718
-172.712092884 -0.15961836516
-174.773236835 1.52686883075
-176.834380785 0.999122586488
-178.895524736 1.11093391905
-180.956668687 0.239182814601
-183.017812637 0.32510671178
-185.078956588 1.80220111411
-187.140100538 1.46174446798
-189.201244489 1.5657897249
-191.26238844 1.91552845295
-193.32353239 -0.105096711956
-195.384676341 1.95985477874
-197.445820291 -0.176227487579
-199.506964242 0.510714384856
-201.568108193 0.108824509389
-203.629252143 -0.674431536082
-205.690396094 -1.62996530185
-207.751540044 -0.285523861019
-209.812683995 -0.497753726153
-211.873827946 0.178457587023
-213.934971896 -1.2000094198
-215.996115847 -0.143633579958
-218.057259797 0.263269638447
-220.118403748 -0.799162442403
-222.179547699 -1.70389207843
-224.240691649 -0.8066293721
-226.3018356 -1.98035525401
-228.36297955 -2.51557325234
-230.424123501 -0.420732205612
-232.485267452 -2.40659483227
-234.546411402 -1.73685137141
-236.607555353 -1.37160946413
-238.668699303 -1.30885023716
-240.729843254 -2.72695895293
-242.790987205 -0.742855011721
-244.852131155 -1.38784591436
-246.913275106 -2.22669552095
-248.974419056 -3.01928139298
-251.035563007 -2.51638933566
-253.096706957 -1.99726836965
-255.157850908 -1.12499564439
-257.218994859 -1.42812627274
-259.280138809 -1.94397606599
-261.34128276 -1.31050984872
-263.40242671 -1.33867227756
-265.463570661 -1.13010639743
-267.524714612 -0.397880042234
-269.585858562 -0.617869524695
-271.647002513 -0.586783150616
-273.708146463 -0.190601251434
-275.769290414 0.608367125504
-277.830434365 0.638941235827
