# BEGINHEADER
# This file contains data from the SALSA 2m radio telescope.
# DATE=2020-05-13T06:10:45.0
# GLON and GLAT given in degrees
# GLON=172.826334003
# GLAT=-0.199718328861
# DATA in two columns below. Col. 1 is velocity relative to LSR [km/s]. Col. 2 is uncalibrated antenna temperature [K].
# ENDHEADER
241.856357093 0.000619375865957
239.795213142 0.831354510575
237.734069191 1.40407803195
235.672925241 1.92089402668
233.61178129 1.9933425787
231.55063734 2.47271202433
229.489493389 2.87206615353
227.428349438 3.08052504909
225.367205488 4.25722572568
223.306061537 3.58805074083
221.244917587 4.21056799595
219.183773636 3.31418329488
217.122629685 5.18337644533
215.061485735 5.50838801677
213.000341784 6.62947518887
210.939197834 7.10067646072
208.878053883 8.38571630942
206.816909932 7.31337504126
204.755765982 7.01630155373
202.694622031 7.50368149959
200.633478081 9.48183734512
198.57233413 7.92825577097
196.51119018 9.70145243636
194.450046229 8.74156724583
192.388902278 7.8348448902
190.327758328 8.29658933535
188.266614377 10.2890937688
186.205470427 9.86107917625
184.144326476 8.47609448035
182.083182525 9.81646813903
180.022038575 10.7544196893
177.960894624 6.75115943557
175.899750674 7.08483367733
173.838606723 8.72771200899
171.777462772 7.61773449653
169.716318822 9.73288421996
167.655174871 10.182824153
165.594030921 10.0967366552
163.53288697 9.75678998185
161.471743019 9.59828027703
159.410599069 11.0377573306
157.349455118 11.1693325095
155.288311168 10.4700997585
153.227167217 12.2852558921
151.166023266 11.2855859058
149.104879316 8.43721234385
147.043735365 10.4645473851
144.982591415 10.1164360264
142.921447464 10.0229108511
140.860303513 9.05656840979
138.799159563 10.3986109716
136.738015612 10.1813795744
134.676871662 9.43002805197
132.615727711 10.5894735459
130.55458376 12.3726642126
128.49343981 10.6474557083
126.432295859 10.2664735613
124.371151909 10.8285138835
122.310007958 11.9980200798
120.248864007 10.24436919
118.187720057 12.0574024279
116.126576106 9.89902030773
114.065432156 10.8947737008
112.004288205 11.9638505073
109.943144254 11.3023524647
107.882000304 12.5857684471
105.820856353 11.2179965697
103.759712403 10.378555846
101.698568452 11.5419583819
99.6374245014 11.5134223732
97.5762805508 11.2890753803
95.5151366002 11.5281624063
93.4539926496 11.7339634052
91.392848699 11.8947528512
89.3317047484 9.91766378041
87.2705607978 11.8932850896
85.2094168472 11.4607219402
83.1482728966 13.8007953541
81.087128946 12.3225016872
79.0259849954 10.2855088212
76.9648410448 10.6661072801
74.9036970942 10.4940180079
72.8425531436 11.1752954952
70.781409193 10.60184526
68.7202652424 9.65196518605
66.6591212918 12.2907673299
64.5979773412 10.631903165
62.5368333906 11.2795249664
60.47568944 10.4557168243
58.4145454894 9.572659387
56.3534015388 9.37019503813
54.2922575882 10.3879272003
52.2311136376 9.86009154613
50.169969687 11.5300664123
48.1088257364 11.5817356747
46.0476817858 9.09273171643
43.9865378352 10.1466323311
41.9253938846 10.7950704843
39.864249934 12.0372427349
37.8031059834 10.5614731298
35.7419620328 9.96838963451
33.6808180822 11.7723519405
31.6196741316 12.8343122827
29.558530181 11.1593392685
27.4973862304 11.3055901139
25.4362422798 9.83227023202
23.3750983292 11.686213091
21.3139543786 11.2975087321
19.252810428 10.8888248232
17.1916664774 12.0170982738
15.1305225268 13.7325351451
13.0693785762 16.5412119891
11.0082346256 16.9703653933
8.94709067503 22.7907548523
6.88594672443 26.7779426138
4.82480277383 32.6546667131
2.76365882323 38.9746028099
0.702514872635 42.6608626475
-1.35862907796 47.7392328201
-3.41977302856 46.8674427232
-5.48091697916 51.1323883733
-7.54206092976 49.3726686626
-9.60320488036 48.457171666
-11.664348831 48.5193171836
-13.7254927816 46.272038879
-15.7866367322 45.8575850869
-17.8477806828 43.4978512214
-19.9089246334 39.8673587145
-21.9700685839 35.3671770574
-24.0312125345 29.8446724926
-26.0923564851 27.8949618422
-28.1535004357 24.247975108
-30.2146443863 19.9877192629
-32.2757883369 17.0997803451
-34.3369322875 15.7216606476
-36.3980762381 16.2883036081
-38.4592201887 13.9876145401
-40.5203641393 13.2499881956
-42.5815080899 13.7363839481
-44.6426520405 11.4021425283
-46.7037959911 13.0880164175
-48.7649399417 12.1777464795
-50.8260838923 9.99626519115
-52.8872278429 9.72558712624
-54.9483717935 9.24868066812
-57.0095157441 9.79820284878
-59.0706596947 7.42535355359
-61.1318036453 9.91227853729
-63.1929475959 9.37583021575
-65.2540915465 8.56999453213
-67.3152354971 8.04718526584
-69.3763794477 8.25098315163
-71.4375233983 8.11578147618
-73.4986673489 7.46465538801
-75.5598112995 6.9962971379
-77.6209552501 6.57538951255
-79.6820992007 6.29304868478
-81.7432431513 4.61096028852
-83.8043871019 4.64664848021
-85.8655310525 6.67221724731
-87.9266750031 6.89537363572
-89.9878189537 5.89387435998
-92.0489629043 5.69498503243
-94.1101068549 5.41307583595
-96.1712508055 6.17104433725
-98.2323947561 6.06479736441
-100.293538707 6.38787213304
-102.354682657 5.96064480908
-104.415826608 5.5249850308
-106.476970558 5.7093193568
-108.538114509 6.75534675479
-110.59925846 7.13147168431
-112.66040241 4.33575911184
-114.721546361 5.90218512813
-116.782690311 3.21452895811
-118.843834262 7.31041612783
-120.904978213 2.96360085988
-122.966122163 4.60997875668
-125.027266114 4.38855993795
-127.088410064 4.9180067587
-129.149554015 4.28203859756
-131.210697966 3.25715057095
-133.271841916 2.79300274482
-135.332985867 3.96867142207
-137.394129817 3.37351430467
-139.455273768 5.35714516268
-141.516417719 3.57680259785
-143.577561669 3.97973296715
-145.63870562 3.87226891825
-147.69984957 3.52887862205
-149.760993521 4.25399224602
-151.822137472 2.10726136578
-153.883281422 1.10587502587
-155.944425373 3.07444687632
-158.005569323 2.68144606865
-160.066713274 0.55488080733
-162.127857225 0.650516838529
-164.189001175 0.972341408446
-166.250145126 2.81865496824
-168.311289076 1.51050507543
-170.372433027 1.31999522845
-172.433576978 3.50180220493
-174.494720928 1.5085650144
-176.555864879 1.30597089352
-178.617008829 0.787680193458
-180.67815278 1.02219584628
-182.739296731 1.16856721539
-184.800440681 1.22296096514
-186.861584632 -0.910849426511
-188.922728582 0.134602805207
-190.983872533 -1.0065690763
-193.045016484 -0.952136753755
-195.106160434 0.445307605002
-197.167304385 -1.00536930551
-199.228448335 1.52878352687
-201.289592286 1.55622000473
-203.350736237 -0.83761491677
-205.411880187 -0.578241341006
-207.473024138 -1.67477636725
-209.534168088 -0.657013698376
-211.595312039 -0.12914260051
-213.65645599 -0.813308747782
-215.71759994 -2.06071475503
-217.778743891 -2.31461785777
-219.839887841 -2.23604125259
-221.901031792 -2.16282701688
-223.962175743 -1.97690179843
-226.023319693 -2.13815222574
-228.084463644 -2.44249178334
-230.145607594 -0.166194089754
-232.206751545 -2.41412596374
-234.267895496 -2.52058712995
-236.329039446 -1.74400931345
-238.390183397 -1.74300099129
-240.451327347 -2.44523191171
-242.512471298 -3.3775798119
-244.573615249 -1.9481599003
-246.634759199 -1.61622155479
-248.69590315 -2.37225441686
-250.7570471 -2.62127564363
-252.818191051 -2.97942490029
-254.879335002 -2.55014918549
-256.940478952 -1.11690261149
-259.001622903 -1.06260516923
-261.062766853 -2.35739529843
-263.123910804 -1.37190255307
-265.185054755 -1.87037227502
-267.246198705 -2.15945276367
-269.307342656 -1.62733637264
-271.368486606 -1.62981115405
-273.429630557 -1.25925667695
-275.490774508 -0.963347038225
-277.551918458 0.0256466859128
-279.613062409 -0.263515280223
-281.674206359 0.636569143428
-283.73535031 0.305071038222
