# BEGINHEADER
# This file contains data from the SALSA 2m radio telescope.
# DATE=2020-05-13T08:10:20.0
# GLON and GLAT given in degrees
# GLON=180.958307684
# GLAT=-0.387041743159
# DATA in two columns below. Col. 1 is velocity relative to LSR [km/s]. Col. 2 is uncalibrated antenna temperature [K].
# ENDHEADER
237.621158712 0.000571716289091
235.560014761 0.836701563773
233.498870811 0.647708173925
231.43772686 1.31585321928
229.376582909 1.67570616837
227.315438959 2.4521547687
225.254295008 1.9717866469
223.193151058 2.64958148119
221.132007107 2.33639119511
219.070863156 2.95878817448
217.009719206 3.40975138701
214.948575255 3.19788076829
212.887431305 4.57836286753
210.826287354 4.47199230804
208.765143403 5.42148127718
206.703999453 5.62053692006
204.642855502 5.9729871438
202.581711552 6.65962680674
200.520567601 5.45472260577
198.45942365 6.34144780405
196.3982797 5.98233628835
194.337135749 6.55371865654
192.275991799 8.03452158863
190.214847848 7.11457123397
188.153703897 6.85023925036
186.092559947 7.34887808448
184.031415996 8.03023297303
181.970272046 7.94547945823
179.909128095 8.46750425501
177.847984144 8.99249049688
175.786840194 8.2810014575
173.725696243 9.50381594329
171.664552293 9.98131668639
169.603408342 8.23823915991
167.542264391 8.83659375142
165.481120441 8.55059150866
163.41997649 9.6464931212
161.35883254 10.1568002327
159.297688589 8.75057192833
157.236544638 10.0435114899
155.175400688 8.91055751499
153.114256737 9.82023926276
151.053112787 10.4882142804
148.991968836 10.44179538
146.930824885 10.2259708471
144.869680935 9.52604622389
142.808536984 9.75877779097
140.747393034 11.521664171
138.686249083 10.6743372039
136.625105132 8.048483902
134.563961182 10.1659298923
132.502817231 10.2787194287
130.441673281 10.9044386503
128.38052933 10.4691174025
126.319385379 10.5768516289
124.258241429 11.4899769152
122.197097478 9.65234811957
120.135953528 8.92665152955
118.074809577 10.8794926012
116.013665626 10.1750380443
113.952521676 10.5807740166
111.891377725 9.1585563634
109.830233775 9.15067461373
107.769089824 10.2378818591
105.707945873 10.3599434965
103.646801923 9.55094058788
101.585657972 9.41881707214
99.5245140216 10.9155220222
97.463370071 10.8859202189
95.4022261204 10.277150781
93.3410821698 10.767233292
91.2799382192 11.7775456332
89.2187942686 13.0647124174
87.157650318 13.6358596532
85.0965063674 11.0012849109
83.0353624168 12.2395767576
80.9742184662 10.7154940541
78.9130745156 12.3740795639
76.851930565 10.7348601349
74.7907866144 9.74537580324
72.7296426638 11.5221956795
70.6684987132 10.5277451135
68.6073547626 11.7420373378
66.546210812 12.0630088443
64.4850668614 12.139129508
62.4239229108 10.7950757703
60.3627789602 12.0381173871
58.3016350096 11.9403336231
56.240491059 11.8142745648
54.1793471084 11.4310187328
52.1182031578 14.1358517034
50.0570592072 12.6693528599
47.9959152566 9.89479337789
45.934771306 10.7616566616
43.8736273554 11.354359963
41.8124834048 12.1677581544
39.7513394542 9.42430674827
37.6901955036 11.5122631438
35.629051553 11.9522497637
33.5679076024 12.9475163366
31.5067636518 14.0727413935
29.4456197012 12.2219082538
27.3844757506 11.8787310652
25.3233318 14.1381220252
23.2621878494 13.7160644328
21.2010438988 14.8044946738
19.1398999482 17.9783199967
17.0787559976 18.0776415044
15.017612047 20.2464056241
12.9564680964 24.0413997279
10.8953241458 30.3710800697
8.83418019525 38.1736915352
6.77303624465 47.2462696442
4.71189229405 50.9011990433
2.65074834345 53.1090448007
0.589604392854 54.0716070523
-1.47153955774 55.5509987498
-3.53268350834 52.5866798633
-5.59382745894 46.9526974448
-7.65497140954 40.8638031107
-9.71611536014 38.6612013097
-11.7772593107 34.5536902709
-13.8384032613 29.2868700737
-15.8995472119 26.8445638679
-17.9606911625 21.352435177
-20.0218351131 20.5611170688
-22.0829790637 18.6333775483
-24.1441230143 17.5099651635
-26.2052669649 13.7884753021
-28.2664109155 11.5616320376
-30.3275548661 14.4498017495
-32.3886988167 14.1490241654
-34.4498427673 11.3715079891
-36.5109867179 13.6123407358
-38.5721306685 13.015901824
-40.6332746191 11.4080116663
-42.6944185697 11.641605787
-44.7555625203 11.6059846824
-46.8167064709 10.6592642198
-48.8778504215 10.6495699307
-50.9389943721 10.4340849059
-53.0001383227 10.7356326005
-55.0612822733 12.3262818036
-57.1224262239 9.1640172319
-59.1835701745 10.4366538694
-61.2447141251 9.53947469718
-63.3058580757 9.56323362366
-65.3670020263 11.0767741447
-67.4281459769 12.492093285
-69.4892899275 8.18997832412
-71.5504338781 7.71644900461
-73.6115778287 8.31440846259
-75.6727217793 9.83236791672
-77.7338657299 9.01975614847
-79.7950096805 8.13545285491
-81.8561536311 7.44106709353
-83.9172975817 9.3553511331
-85.9784415323 9.35180900723
-88.0395854829 8.87005279006
-90.1007294335 8.94193604437
-92.1618733841 9.99747021154
-94.2230173347 9.197623193
-96.2841612853 6.42152533561
-98.3453052359 9.17594111373
-100.406449186 9.45826669406
-102.467593137 7.92538817496
-104.528737088 7.55234132348
-106.589881038 7.96971845195
-108.651024989 6.65327402918
-110.712168939 5.08031501558
-112.77331289 5.47984489371
-114.834456841 7.93688266831
-116.895600791 6.81449948324
-118.956744742 7.49040808546
-121.017888692 7.55951605415
-123.079032643 4.98137751865
-125.140176594 5.60961701261
-127.201320544 7.00783590722
-129.262464495 8.05868655797
-131.323608445 7.0705587835
-133.384752396 4.86564620533
-135.445896347 5.60453284266
-137.507040297 5.17329005033
-139.568184248 5.79441386114
-141.629328198 6.81565714125
-143.690472149 5.8053040795
-145.7516161 5.19589688365
-147.81276005 4.77224345598
-149.873904001 4.804924812
-151.935047951 4.49896258824
-153.996191902 4.04871586512
-156.057335853 3.34150977486
-158.118479803 5.68575385553
-160.179623754 3.3365879612
-162.240767704 3.40447039399
-164.301911655 4.42006359995
-166.363055606 5.02737479171
-168.424199556 3.48167412439
-170.485343507 4.08976365868
-172.546487457 4.70034615882
-174.607631408 2.92371182606
-176.668775359 4.29010471012
-178.729919309 3.80565273042
-180.79106326 2.92156769304
-182.85220721 3.18659297511
-184.913351161 4.88345274993
-186.974495112 3.58455262792
-189.035639062 1.96997566795
-191.096783013 2.80415682833
-193.157926963 4.1664188404
-195.219070914 2.37440139915
-197.280214865 1.76213588212
-199.341358815 0.849852703654
-201.402502766 3.15752670339
-203.463646716 1.78755108279
-205.524790667 2.19773330118
-207.585934618 0.282914804844
-209.647078568 2.6654505142
-211.708222519 0.392995215689
-213.769366469 2.20135681621
-215.83051042 1.76821556027
-217.891654371 1.54840628599
-219.952798321 0.294973711258
-222.013942272 0.735325643262
-224.075086222 0.86060976289
-226.136230173 0.656837686542
-228.197374124 1.4042241538
-230.258518074 0.416331639858
-232.319662025 0.122016729384
-234.380805975 -0.566759478327
-236.441949926 -1.20820198908
-238.503093877 0.00439832815936
-240.564237827 -0.617248702782
-242.625381778 -0.0871732569076
-244.686525728 1.44558369116
-246.747669679 0.254669961829
-248.80881363 -0.841016379967
-250.86995758 -0.22034773301
-252.931101531 0.345427957729
-254.992245481 1.26685133871
-257.053389432 0.434193945837
-259.114533383 -0.678901542646
-261.175677333 -1.28358826667
-263.236821284 -0.727364787448
-265.297965234 -0.202661294575
-267.359109185 -0.768792170255
-269.420253136 -0.456784158558
-271.481397086 -0.751188399068
-273.542541037 -0.420714738229
-275.603684987 -1.13220775846
-277.664828938 -0.526618469335
-279.725972889 0.594688194264
-281.787116839 -0.244900916262
-283.84826079 0.488667162882
-285.90940474 0.667123566893
-287.970548691 0.735421929158
