# BEGINHEADER
# This file contains data from the SALSA 2m radio telescope.
# DATE=2020-05-13T08:13:56.0
# GLON and GLAT given in degrees
# GLON=192.860172482
# GLAT=-0.234735380095
# DATA in two columns below. Col. 1 is velocity relative to LSR [km/s]. Col. 2 is uncalibrated antenna temperature [K].
# ENDHEADER
232.294587008 0.000570747951765
230.233443057 0.618616409095
228.172299107 0.740361726278
226.111155156 1.64294304726
224.050011206 1.75600259868
221.988867255 2.33784510461
219.927723304 1.96161378382
217.866579354 2.90955913758
215.805435403 3.19070682985
213.744291453 3.14526848228
211.683147502 4.47822897649
209.622003551 3.93075534819
207.560859601 5.33178887481
205.49971565 4.31004428512
203.4385717 6.15386990473
201.377427749 5.56305181706
199.316283798 7.41396557118
197.255139848 5.95958222294
195.193995897 7.02165872451
193.132851947 7.3550765996
191.071707996 6.17911326874
189.010564045 6.83330339459
186.949420095 6.29369675657
184.888276144 8.07126842736
182.827132194 7.66397903623
180.765988243 10.1397217446
178.704844292 7.28865346492
176.643700342 7.58741013282
174.582556391 8.08858656366
172.521412441 8.63188439331
170.46026849 8.8336963856
168.399124539 9.27370129846
166.337980589 8.81166580159
164.276836638 10.8433424527
162.215692688 8.72613924244
160.154548737 9.19537772242
158.093404786 8.65376188636
156.032260836 9.56367271445
153.971116885 10.8752424084
151.909972935 9.08641624001
149.848828984 8.48396004088
147.787685033 10.2813209752
145.726541083 9.89501943017
143.665397132 9.46570385791
141.604253182 10.7203977822
139.543109231 10.7285656226
137.48196528 10.3952546243
135.42082133 10.5189564113
133.359677379 11.2337889907
131.298533429 10.0967978204
129.237389478 9.68430435161
127.176245527 10.1546791067
125.115101577 11.4304734939
123.053957626 9.1442277743
120.992813676 9.58891927367
118.931669725 10.4087355832
116.870525775 9.24099100169
114.809381824 10.0222666197
112.748237873 10.0570760731
110.687093923 11.6730689681
108.625949972 11.1635646256
106.564806022 10.3873719041
104.503662071 10.5285015744
102.44251812 12.9196536588
100.38137417 10.5896750633
98.3202302191 9.85293084041
96.2590862685 11.0657547786
94.1979423179 10.3692805806
92.1367983673 12.819961769
90.0756544167 12.1661477644
88.0145104661 12.4736976535
85.9533665155 12.618378113
83.8922225649 11.8890109916
81.8310786143 10.6629313556
79.7699346637 11.6496411054
77.7087907131 11.5904886972
75.6476467625 11.9524859186
73.5865028119 11.9695424942
71.5253588613 11.2521043543
69.4642149107 11.8725896641
67.4030709601 12.0718040429
65.3419270095 13.0040489933
63.2807830589 11.0466870103
61.2196391083 12.3587565941
59.1584951577 12.3631367485
57.0973512071 11.5848983477
55.0362072565 13.0007079797
52.9750633059 10.7278563111
50.9139193553 11.6356676156
48.8527754047 10.544191962
46.7916314541 11.7309933965
44.7304875036 11.9819488572
42.669343553 13.0272610093
40.6081996024 13.8258684629
38.5470556518 14.350509434
36.4859117012 12.6107970978
34.4247677506 16.2137132858
32.3636238 15.6790218021
30.3024798494 16.7238670815
28.2413358988 20.3060852163
26.1801919482 23.3024590169
24.1190479976 26.1654746718
22.057904047 29.7152183676
19.9967600964 33.0174837465
17.9356161458 36.7698743499
15.8744721952 42.2144939916
13.8133282446 44.7927393914
11.752184294 49.4566040295
9.69104034337 51.0074236923
7.62989639278 51.4499432717
5.56875244218 52.2657482685
3.50760849158 53.2894161642
1.44646454098 50.031452591
-0.61467940962 45.7135033098
-2.67582336022 42.3228978073
-4.73696731082 37.6157445613
-6.79811126142 34.0879278399
-8.85925521201 26.259477056
-10.9203991626 23.0473504132
-12.9815431132 20.0879703846
-15.0426870638 17.0905213647
-17.1038310144 15.3406606495
-19.164974965 14.5979955605
-21.2261189156 13.7967960955
-23.2872628662 12.902855008
-25.3484068168 12.3815179582
-27.4095507674 11.1135900254
-29.470694718 11.2757799309
-31.5318386686 10.4115497242
-33.5929826192 10.7244027946
-35.6541265698 11.3462140203
-37.7152705204 11.4748705729
-39.776414471 10.1352226594
-41.8375584216 11.8170487663
-43.8987023722 12.3349211822
-45.9598463228 11.0988730968
-48.0209902734 11.5292427182
-50.082134224 10.5864211378
-52.1432781746 10.8597022693
-54.2044221252 9.885851153
-56.2655660758 10.1665690207
-58.3267100264 9.349552446
-60.387853977 9.78062198714
-62.4489979276 12.2652357608
-64.5101418782 11.0320909723
-66.5712858288 9.29633786426
-68.6324297794 10.5239446116
-70.69357373 8.80129757496
-72.7547176806 7.92002639354
-74.8158616312 10.3698222548
-76.8770055818 11.4475339789
-78.9381495324 8.97190961141
-80.999293483 9.45275025317
-83.0604374336 9.08689173742
-85.1215813842 8.95260061486
-87.1827253348 9.8908880767
-89.2438692854 8.6742245121
-91.305013236 8.07151267354
-93.3661571866 8.7798932594
-95.4273011372 7.97555175821
-97.4884450878 7.90167858006
-99.5495890384 9.40703104562
-101.610732989 7.72874847836
-103.67187694 7.90032960188
-105.73302089 9.00624666358
-107.794164841 7.71219066267
-109.855308791 7.60420550378
-111.916452742 8.73529832426
-113.977596693 6.77168317259
-116.038740643 7.8992818593
-118.099884594 8.37310835458
-120.161028544 8.60543426577
-122.222172495 7.25609974453
-124.283316446 7.4587116519
-126.344460396 6.5353557557
-128.405604347 5.47945653764
-130.466748297 8.26553649077
-132.527892248 7.71132710389
-134.589036199 7.51890610683
-136.650180149 4.24589335795
-138.7113241 4.89705975924
-140.77246805 5.476242695
-142.833612001 5.34159246142
-144.894755952 5.9058059158
-146.955899902 5.50769181252
-149.017043853 6.03139882443
-151.078187803 6.67856352289
-153.139331754 5.40209624016
-155.200475705 4.49950242115
-157.261619655 4.85418371505
-159.322763606 6.4580593757
-161.383907556 4.36674015035
-163.445051507 3.67113907294
-165.506195458 4.07763205756
-167.567339408 5.00757176118
-169.628483359 3.73456980193
-171.689627309 4.51083204509
-173.75077126 3.05657770422
-175.811915211 3.73041292539
-177.873059161 5.20527790976
-179.934203112 4.89888005485
-181.995347062 4.51752817917
-184.056491013 1.74205034444
-186.117634963 2.57522060494
-188.178778914 4.37508980591
-190.239922865 4.67103395369
-192.301066815 4.86315485137
-194.362210766 3.04020217686
-196.423354716 2.88236905734
-198.484498667 2.32864744931
-200.545642618 3.4482159408
-202.606786568 3.9907515083
-204.667930519 2.64818140244
-206.729074469 3.24179375875
-208.79021842 2.16293533427
-210.851362371 2.71207645583
-212.912506321 3.13027192902
-214.973650272 3.29241937904
-217.034794222 1.96592093136
-219.095938173 1.75593334169
-221.157082124 1.79159733906
-223.218226074 1.63962888381
-225.279370025 3.37211757573
-227.340513975 2.1452477542
-229.401657926 2.37215263244
-231.462801877 0.974891557303
-233.523945827 0.243025446517
-235.585089778 0.499160924967
-237.646233728 0.326981339873
-239.707377679 0.9021101394
-241.76852163 -0.613772393321
-243.82966558 -0.319500239772
-245.890809531 0.800022445588
-247.951953481 -0.168945577297
-250.013097432 -1.79426445144
-252.074241383 -0.573495879509
-254.135385333 -1.27895362026
-256.196529284 -0.459300664853
-258.257673234 -0.295349474531
-260.318817185 -0.697014342635
-262.379961136 0.349269807237
-264.441105086 -0.687875714342
-266.502249037 -0.522865884718
-268.563392987 0.00779221079668
-270.624536938 0.108579216934
-272.685680889 -0.0684093455989
-274.746824839 -0.337038685365
-276.80796879 -0.833772068404
-278.86911274 -0.312667737144
-280.930256691 -1.03193730374
-282.991400642 -0.787393593086
-285.052544592 0.160462398419
-287.113688543 -0.144836312468
-289.174832493 0.00792525087107
-291.235976444 0.566500083172
-293.297120395 0.383213576295
