# BEGINHEADER
# This file contains data from the SALSA 2m radio telescope.
# DATE=2020-05-13T09:42:03.0
# GLON and GLAT given in degrees
# GLON=202.867957096
# GLAT=-0.284170206029
# DATA in two columns below. Col. 1 is velocity relative to LSR [km/s]. Col. 2 is uncalibrated antenna temperature [K].
# ENDHEADER
228.959520601 0.000260513777218
226.89837665 0.697437756511
224.8372327 1.68451043082
222.776088749 1.1644809034
220.714944798 2.72229896867
218.653800848 2.4619073692
216.592656897 2.36413103471
214.531512947 2.65605078796
212.470368996 3.59867426026
210.409225045 3.72133243716
208.348081095 3.50837910851
206.286937144 4.20784727734
204.225793194 5.41413251257
202.164649243 4.97801682405
200.103505292 5.74275947604
198.042361342 5.78424449866
195.981217391 5.47525877242
193.920073441 5.92047148918
191.85892949 4.6240901483
189.797785539 6.52843690416
187.736641589 6.68941356196
185.675497638 6.0495567407
183.614353688 7.45091502761
181.553209737 7.29687482425
179.492065786 7.86250068737
177.430921836 7.42266594369
175.369777885 7.02260406353
173.308633935 5.48574876619
171.247489984 8.34898029815
169.186346033 8.49196546749
167.125202083 9.25788961199
165.064058132 8.51872306868
163.002914182 7.23930159095
160.941770231 10.0693059965
158.88062628 9.7490793837
156.81948233 9.88258468127
154.758338379 10.1715149107
152.697194429 11.5527697454
150.636050478 10.1497785782
148.574906528 10.4307844918
146.513762577 9.579604293
144.452618626 9.5496712615
142.391474676 9.41229109466
140.330330725 7.89493327552
138.269186775 8.92183946935
136.208042824 11.5819945112
134.146898873 10.3645390864
132.085754923 9.18244079613
130.024610972 11.1984198022
127.963467022 11.2788910215
125.902323071 10.5234077524
123.84117912 10.7779106
121.78003517 11.2509464035
119.718891219 12.3665643239
117.657747269 11.2520065846
115.596603318 12.217744382
113.535459367 10.8384854062
111.474315417 12.3941333575
109.413171466 11.8562675056
107.352027516 11.1815601257
105.290883565 11.7449291743
103.229739614 10.4249430856
101.168595664 11.8741910806
99.1074517131 11.3199408191
97.0463077625 11.3255354475
94.9851638119 11.389945994
92.9240198613 10.4998354138
90.8628759107 9.67924502684
88.8017319601 11.334983327
86.7405880095 11.83075009
84.6794440589 11.3984096417
82.6183001084 11.4104331333
80.5571561578 9.44950346389
78.4960122072 11.6739100456
76.4348682566 10.6994426858
74.373724306 9.95748090085
72.3125803554 9.99010905269
70.2514364048 11.617001542
68.1902924542 12.9105879179
66.1291485036 11.6701504301
64.068004553 12.2405803787
62.0068606024 9.68482418592
59.9457166518 12.1443290209
57.8845727012 12.860365447
55.8234287506 15.4844804532
53.7622848 14.7018354179
51.7011408494 14.4283822167
49.6399968988 16.2358375805
47.5788529482 17.8185322146
45.5177089976 20.1885288227
43.456565047 21.6881878873
41.3954210964 23.6388765355
39.3342771458 25.7483600872
37.2731331952 29.0601616504
35.2119892446 28.5900633325
33.150845294 33.2481371456
31.0897013434 36.6625065483
29.0285573928 34.2270279199
26.9674134422 35.2868304473
24.9062694916 35.7440094368
22.845125541 37.3303778402
20.7839815904 39.0731226813
18.7228376398 41.0514938234
16.6616936892 40.982928408
14.6005497386 36.7561866163
12.539405788 36.7314158164
10.4782618374 36.204928594
8.4171178868 37.4613408483
6.3559739362 42.2048210692
4.2948299856 39.7955722099
2.233686035 36.9885178236
0.172542084405 34.3066214398
-1.88860186619 28.1899676564
-3.94974581679 23.822714273
-6.01088976739 18.7284605405
-8.07203371799 18.1396106359
-10.1331776686 17.5368883478
-12.1943216192 16.5173519807
-14.2554655698 15.5956935258
-16.3166095204 13.6761859676
-18.377753471 11.8668935741
-20.4388974216 11.5287441864
-22.5000413722 11.7848220343
-24.5611853228 9.90865602068
-26.6223292734 12.3245511824
-28.683473224 11.6779187669
-30.7446171746 11.8752162032
-32.8057611252 11.9284356303
-34.8669050758 12.0574829392
-36.9280490264 10.5076451744
-38.989192977 10.327457012
-41.0503369276 11.1660414678
-43.1114808782 10.5587924606
-45.1726248288 10.9009155499
-47.2337687794 11.8987910374
-49.29491273 11.9028012967
-51.3560566806 12.6734828675
-53.4172006312 10.1903305509
-55.4783445818 11.2778015122
-57.5394885324 9.52209777112
-59.600632483 11.0638829348
-61.6617764336 11.0978862565
-63.7229203842 10.3954186478
-65.7840643348 12.841429401
-67.8452082854 11.5758347971
-69.9063522359 9.75446552892
-71.9674961865 11.2702806727
-74.0286401371 9.73898889063
-76.0897840877 11.9569488153
-78.1509280383 10.8502947961
-80.2120719889 10.8302641705
-82.2732159395 10.6756633081
-84.3343598901 8.89404308915
-86.3955038407 9.04279950329
-88.4566477913 9.58279649174
-90.5177917419 10.4478969729
-92.5789356925 10.676349844
-94.6400796431 8.21061168644
-96.7012235937 11.5966863243
-98.7623675443 10.4838699395
-100.823511495 10.7080405341
-102.884655446 10.099110985
-104.945799396 7.51972323246
-107.006943347 8.43151065521
-109.068087297 9.01191695515
-111.129231248 8.29117090059
-113.190375199 9.77628774733
-115.251519149 8.80925321376
-117.3126631 7.23689287235
-119.37380705 6.98575985774
-121.434951001 9.05512316619
-123.496094952 7.81561803766
-125.557238902 8.98518587087
-127.618382853 7.48465884312
-129.679526803 7.93922464638
-131.740670754 8.25808158716
-133.801814705 7.5926927345
-135.862958655 6.73399355322
-137.924102606 7.91528229666
-139.985246556 7.82246722089
-142.046390507 5.08208954027
-144.107534458 7.09168740269
-146.168678408 7.93553960115
-148.229822359 7.56727358622
-150.290966309 6.36874987649
-152.35211026 6.41642054552
-154.41325421 6.88862145746
-156.474398161 6.20409517874
-158.535542112 5.03041575291
-160.596686062 5.40266350951
-162.657830013 5.40790834286
-164.718973963 6.28739319462
-166.780117914 5.46554407325
-168.841261865 4.20906784556
-170.902405815 5.67051046613
-172.963549766 7.17370166605
-175.024693716 6.01771392532
-177.085837667 4.70939662049
-179.146981618 5.06166573249
-181.208125568 3.43991182773
-183.269269519 3.92855366319
-185.330413469 3.80186549795
-187.39155742 3.57152876764
-189.452701371 5.18189384312
-191.513845321 5.40382585583
-193.574989272 3.73626445953
-195.636133222 5.33655758903
-197.697277173 6.50295572174
-199.758421124 3.08699107557
-201.819565074 4.88939998778
-203.880709025 4.76394407067
-205.941852975 4.10434380368
-208.002996926 3.37056359426
-210.064140877 2.73901214276
-212.125284827 3.26398717344
-214.186428778 1.72331969742
-216.247572728 3.63525645131
-218.308716679 2.7301638838
-220.36986063 2.77363099082
-222.43100458 2.78348951455
-224.492148531 3.11573895513
-226.553292481 2.90519506428
-228.614436432 1.77082944407
-230.675580383 1.1677371371
-232.736724333 1.23611055989
-234.797868284 0.922593714698
-236.859012234 1.72250545573
-238.920156185 2.51935524226
-240.981300136 1.57964900819
-243.042444086 2.40644489093
-245.103588037 0.61638876353
-247.164731987 0.561495730542
-249.225875938 1.08871862402
-251.287019889 2.5508947768
-253.348163839 1.21049558316
-255.40930779 2.13149203855
-257.47045174 0.954714065544
-259.531595691 -0.187057076385
-261.592739642 -0.333032782297
-263.653883592 -0.248594172132
-265.715027543 -0.558776154136
-267.776171493 0.834869615485
-269.837315444 -0.116573207074
-271.898459395 -0.225519742414
-273.959603345 -0.920443479219
-276.020747296 0.705891700736
-278.081891246 0.335172424198
-280.143035197 -0.0702433141147
-282.204179148 -0.209790996498
-284.265323098 0.773538841389
-286.326467049 0.296953824786
-288.387610999 0.812645011975
-290.44875495 0.191399707536
-292.509898901 0.356108969065
-294.571042851 1.27745877571
-296.632186802 0.115632761525
