# BEGINHEADER
# This file contains data from the SALSA 2m radio telescope.
# DATE=2020-05-13T05:02:52.0
# GLON and GLAT given in degrees
# GLON=32.8944505417
# GLAT=0.263851026828
# DATA in two columns below. Col. 1 is velocity relative to LSR [km/s]. Col. 2 is uncalibrated antenna temperature [K].
# ENDHEADER
303.455551258 7.79325328926e-05
301.394407307 0.343757464125
299.333263357 1.58048730804
297.272119406 1.65950238106
295.210975456 2.12722793119
293.149831505 2.40148340611
291.088687554 2.30332498404
289.027543604 3.93232474413
286.966399653 4.09750173664
284.905255703 4.48292478527
282.844111752 3.74161796452
280.782967801 6.25767055641
278.721823851 5.98976772527
276.6606799 5.95321092692
274.59953595 6.1367622947
272.538391999 6.68859003253
270.477248048 7.47477344988
268.416104098 5.85208882369
266.354960147 7.32974018618
264.293816197 9.00287086772
262.232672246 9.24846167982
260.171528295 9.66583539153
258.110384345 9.45137655196
256.049240394 8.86378879918
253.988096444 10.4618616363
251.926952493 9.92849762981
249.865808542 8.1507343482
247.804664592 11.0555790979
245.743520641 9.63467582981
243.682376691 9.22291525682
241.62123274 11.5353203464
239.560088789 11.4181581644
237.498944839 11.3655184246
235.437800888 9.16884414583
233.376656938 11.1030606385
231.315512987 10.2944021614
229.254369036 12.0543705199
227.193225086 12.5228524122
225.132081135 12.2271478445
223.070937185 12.0821692241
221.009793234 12.324367789
218.948649283 11.6215539162
216.887505333 10.5521320814
214.826361382 11.9768634687
212.765217432 11.510721048
210.704073481 10.5369309741
208.64292953 12.7436446787
206.58178558 13.8857719975
204.520641629 12.9776117588
202.459497679 10.8281432772
200.398353728 11.3323284646
198.337209777 13.512959246
196.276065827 13.1286124087
194.214921876 11.0020426432
192.153777926 11.5000793159
190.092633975 13.7619738403
188.031490025 11.8681926401
185.970346074 10.5045359657
183.909202123 11.3097851456
181.848058173 11.1830688891
179.786914222 13.0077096874
177.725770272 12.6379831606
175.664626321 11.7230436507
173.60348237 10.9442321888
171.54233842 11.7362965837
169.481194469 13.3239947803
167.420050519 11.6062425673
165.358906568 12.8939760555
163.297762617 12.0728585512
161.236618667 12.2649580871
159.175474716 12.2456196274
157.114330766 11.0637921204
155.053186815 11.9610999463
152.992042864 12.3270880027
150.930898914 13.1705347052
148.869754963 13.2045240293
146.808611013 11.2282447653
144.747467062 12.2394395656
142.686323111 13.9171510604
140.625179161 11.7222505145
138.56403521 10.0034913502
136.50289126 10.945436292
134.441747309 12.3882041465
132.380603358 11.258212727
130.319459408 12.2586346048
128.258315457 12.7310000055
126.197171507 12.5097925469
124.136027556 12.3938927426
122.074883605 12.3101547937
120.013739655 12.7529358621
117.952595704 12.2933168478
115.891451754 12.6108652007
113.830307803 13.5848541015
111.769163852 14.6159049897
109.708019902 15.9736706021
107.646875951 16.6793430304
105.585732001 16.7847801757
103.52458805 18.7107392174
101.463444099 19.4268689079
99.4023001488 18.9962735
97.3411561982 19.7545620121
95.2800122476 22.7615315502
93.218868297 21.5712013302
91.1577243464 20.7258014797
89.0965803958 23.5294288628
87.0354364452 23.5845322991
84.9742924946 21.5578095815
82.913148544 23.8301251047
80.8520045934 25.1046267361
78.7908606428 24.9572868793
76.7297166922 22.9301840769
74.6685727416 23.81795419
72.607428791 23.3602881264
70.5462848404 22.673447696
68.4851408898 21.3644400597
66.4239969392 23.4597714568
64.3628529886 20.9443462664
62.301709038 22.1147755788
60.2405650874 23.8171396209
58.1794211368 23.9924607735
56.1182771862 26.9789475175
54.0571332356 26.8051511714
51.995989285 27.9531078172
49.9348453344 27.4197543651
47.8737013838 29.558048758
45.8125574332 28.9360466597
43.7514134826 27.3785429044
41.690269532 30.2151852082
39.6291255814 28.1809060147
37.5679816308 26.093234504
35.5068376802 27.7684029443
33.4456937296 29.6773226727
31.384549779 29.139611351
29.3234058284 27.6249797505
27.2622618778 30.12030194
25.2011179272 31.1686688295
23.1399739766 31.4995761043
21.078830026 31.2276341315
19.0176860754 33.1822035648
16.9565421248 30.8814814632
14.8953981742 32.8888472459
12.8342542236 33.7248724075
10.773110273 36.1439989197
8.71196632242 36.7902078654
6.65082237182 37.9066001989
4.58967842122 33.4651704561
2.52853447062 33.2256954948
0.467390520025 30.1173999945
-1.59375343057 29.2381544834
-3.65489738117 22.7783736964
-5.71604133177 14.5975753534
-7.77718528237 14.2844765178
-9.83832923297 11.8925363477
-11.8994731836 11.2854268163
-13.9606171342 11.8604735143
-16.0217610848 13.2467904625
-18.0829050354 13.6023962815
-20.144048986 12.651765556
-22.2051929366 10.9303838495
-24.2663368872 13.464960369
-26.3274808378 13.6249689959
-28.3886247884 13.7734030904
-30.449768739 12.7047240226
-32.5109126896 12.5375664339
-34.5720566402 11.777381867
-36.6332005908 13.6759442068
-38.6943445413 12.4288691034
-40.7554884919 12.6176033406
-42.8166324425 10.148248454
-44.8777763931 10.6160055877
-46.9389203437 13.2262558671
-49.0000642943 10.1798537951
-51.0612082449 10.0413242906
-53.1223521955 8.58893813152
-55.1834961461 6.42258386371
-57.2446400967 6.98974918377
-59.3057840473 6.41620429915
-61.3669279979 4.35534066125
-63.4280719485 5.38795666508
-65.4892158991 3.83616691231
-67.5503598497 2.998058327
-69.6115038003 2.37440651106
-71.6726477509 3.66059775787
-73.7337917015 1.70101206164
-75.7949356521 2.24905288299
-77.8560796027 2.5722988004
-79.9172235533 1.66533840749
-81.9783675039 2.06011412729
-84.0395114545 1.67147578052
-86.1006554051 2.30815413374
-88.1617993557 2.35599882664
-90.2229433063 -1.29681447263
-92.2840872569 0.626295724812
-94.3452312075 1.18939704775
-96.4063751581 2.87099040862
-98.4675191087 0.272968826918
-100.528663059 0.602553811609
-102.58980701 1.66060727053
-104.650950961 0.386687405248
-106.712094911 -0.720139677285
-108.773238862 2.61634732715
-110.834382812 0.455004693984
-112.895526763 0.330521451945
-114.956670713 -0.488979645017
-117.017814664 -1.20853033032
-119.078958615 0.0115791774023
-121.140102565 -0.877044145625
-123.201246516 -2.49507498164
-125.262390466 -1.12439029608
-127.323534417 -0.109866057405
-129.384678368 -0.446954590039
-131.445822318 0.428078064431
-133.506966269 -3.47184100649
-135.568110219 -3.33384471032
-137.62925417 -0.204392578058
-139.690398121 -1.68226060898
-141.751542071 -1.7057658758
-143.812686022 -1.45929045478
-145.873829972 -2.49266743358
-147.934973923 -2.33425640543
-149.996117874 -2.11802423012
-152.057261824 -2.00625753294
-154.118405775 -2.34671058033
-156.179549725 -2.15535499251
-158.240693676 -3.79802532374
-160.301837627 -3.73622794321
-162.362981577 -2.32104702726
-164.424125528 -2.88352457776
-166.485269478 -3.80881073836
-168.546413429 -3.6913828114
-170.60755738 -3.60247610944
-172.66870133 -3.10627171036
-174.729845281 -2.9226618878
-176.790989231 -1.73580460387
-178.852133182 -4.52360011514
-180.913277133 -4.09038053896
-182.974421083 -4.02697922267
-185.035565034 -3.28178195218
-187.096708984 -2.74680510797
-189.157852935 -3.22825345519
-191.218996886 -3.59814785577
-193.280140836 -4.13649351091
-195.341284787 -2.12622245554
-197.402428737 -2.10262607215
-199.463572688 -3.6930651227
-201.524716639 -1.88781901516
-203.585860589 -2.75442971413
-205.64700454 -1.77299044155
-207.70814849 -1.71765229892
-209.769292441 -2.09882017513
-211.830436392 -1.31764103094
-213.891580342 -0.718072999544
-215.952724293 -0.800515392383
-218.013868243 -0.305089205793
-220.075012194 -0.56623753952
-222.136156145 0.282963242336
