# BEGINHEADER
# This file contains data from the SALSA 2m radio telescope.
# DATE=2020-05-13T05:07:05.0
# GLON and GLAT given in degrees
# GLON=37.7991472063
# GLAT=0.246387437743
# DATA in two columns below. Col. 1 is velocity relative to LSR [km/s]. Col. 2 is uncalibrated antenna temperature [K].
# ENDHEADER
304.140632163 0.000453932950848
302.079488212 0.688455506622
300.018344261 0.883579081389
297.957200311 1.10897622753
295.89605636 1.59048688175
293.83491241 2.61920729143
291.773768459 3.66433788954
289.712624508 3.6555001164
287.651480558 3.75256241995
285.590336607 3.65498707078
283.529192657 5.21131371993
281.468048706 4.74661566614
279.406904755 5.23897321736
277.345760805 6.85630070741
275.284616854 6.16662422236
273.223472904 7.9773669317
271.162328953 7.80032223276
269.101185002 7.89152670441
267.040041052 8.41845944539
264.978897101 7.90072466457
262.917753151 9.21161317197
260.8566092 8.94396690821
258.795465249 10.2413395107
256.734321299 9.05944950718
254.673177348 9.62708584882
252.612033398 9.15397028135
250.550889447 10.6923269004
248.489745496 9.28284023662
246.428601546 11.2838287296
244.367457595 9.80601450566
242.306313645 10.5350287015
240.245169694 10.9012443788
238.184025743 10.6394694459
236.122881793 9.3124467792
234.061737842 9.2816275836
232.000593892 9.93497515066
229.939449941 9.33413547336
227.87830599 12.7660946609
225.81716204 11.5693323694
223.756018089 10.586956668
221.694874139 11.4750368341
219.633730188 11.0415238054
217.572586237 11.0802221005
215.511442287 10.8644755834
213.450298336 12.534882765
211.389154386 11.201346209
209.328010435 12.0366655943
207.266866484 11.5429158513
205.205722534 11.4921839857
203.144578583 13.1518712931
201.083434633 12.6396284506
199.022290682 12.6080417006
196.961146731 10.4328028269
194.900002781 11.7766972111
192.83885883 11.211997019
190.77771488 11.6397873848
188.716570929 13.0133918843
186.655426978 11.3342451172
184.594283028 12.070079443
182.533139077 10.9891318111
180.471995127 11.6917097772
178.410851176 11.169622335
176.349707225 11.0694525292
174.288563275 13.3055089958
172.227419324 11.8653212753
170.166275374 13.8642539507
168.105131423 13.8858088405
166.043987472 12.0439274111
163.982843522 12.5239940796
161.921699571 10.4529552387
159.860555621 9.85384733888
157.79941167 12.8350300497
155.738267719 11.017308314
153.677123769 10.5596049134
151.615979818 11.1077163684
149.554835868 12.4379537024
147.493691917 11.4999108584
145.432547966 10.479663727
143.371404016 13.5122070581
141.310260065 11.2979356833
139.249116115 9.82616596757
137.187972164 13.3889355498
135.126828213 11.3978162505
133.065684263 11.3066157777
131.004540312 14.1669932785
128.943396362 12.1686984693
126.882252411 11.5061626237
124.82110846 11.4044529871
122.75996451 11.5290718102
120.698820559 11.843572188
118.637676609 11.7366058983
116.576532658 12.6811274824
114.515388707 12.7578106483
112.454244757 13.4624927364
110.393100806 11.5228504919
108.331956856 13.1847874546
106.270812905 12.2077057608
104.209668954 12.3855991227
102.148525004 13.132861676
100.087381053 13.3122243261
98.0262371027 13.6447433513
95.9650931521 15.0862512948
93.9039492015 14.9294032354
91.8428052509 15.3888270105
89.7816613003 16.2932496886
87.7205173497 17.8085227312
85.6593733991 19.1188411668
83.5982294485 18.8366486624
81.5370854979 21.3610135523
79.4759415473 23.2811742758
77.4147975967 23.0608830107
75.3536536461 24.1893139613
73.2925096955 24.4264397235
71.2313657449 25.6489176224
69.1702217943 23.0279606121
67.1090778437 25.2601891293
65.0479338931 25.0258875269
62.9867899425 26.5702056689
60.9256459919 28.8175207313
58.8645020413 32.6515978558
56.8033580907 30.1671163951
54.7422141401 31.2835701672
52.6810701895 29.4796470719
50.6199262389 30.6845111525
48.5587822883 30.9247899956
46.4976383377 29.638837644
44.4364943871 31.0010055474
42.3753504365 29.1838936062
40.3142064859 32.2312101491
38.2530625353 31.341192096
36.1919185847 33.2761034081
34.1307746341 35.7849338326
32.0696306835 36.7015382344
30.0084867329 34.0733307492
27.9473427823 34.6776899546
25.8861988317 34.0390397104
23.8250548811 32.7726623264
21.7639109305 33.7854203192
19.7027669799 32.1301623177
17.6416230293 29.7001395187
15.5804790787 30.4598253568
13.5193351281 32.058112075
11.4581911775 35.172228721
9.39704722694 35.6144299666
7.33590327634 34.9590342859
5.27475932574 37.2030629657
3.21361537514 36.4469043327
1.15247142454 32.0969957318
-0.908672526055 27.6527076814
-2.96981647665 21.1516294779
-5.03096042725 16.118463119
-7.09210437785 12.0611752439
-9.15324832845 9.34691640729
-11.214392279 10.0780567866
-13.2755362296 10.0287279897
-15.3366801802 8.98733388686
-17.3978241308 9.95605006551
-19.4589680814 10.3205063947
-21.520112032 9.91253448295
-23.5812559826 9.64516042795
-25.6423999332 11.4097072415
-27.7035438838 10.4845891992
-29.7646878344 13.9104526326
-31.825831785 13.8868825979
-33.8869757356 15.4468063025
-35.9481196862 13.4703936418
-38.0092636368 14.2805929579
-40.0704075874 12.8811237092
-42.131551538 13.6786535236
-44.1926954886 12.8403685815
-46.2538394392 13.0900038643
-48.3149833898 11.8367410641
-50.3761273404 12.1667968825
-52.437271291 12.381466679
-54.4984152416 10.3964354193
-56.5595591922 12.4437415702
-58.6207031428 9.99134142829
-60.6818470934 10.4335527403
-62.742991044 9.34695199311
-64.8041349946 4.13182780189
-66.8652789452 6.39139366947
-68.9264228958 4.64933688189
-70.9875668464 4.30304887968
-73.048710797 2.58437033308
-75.1098547476 1.69937168598
-77.1709986982 2.25518471814
-79.2321426488 2.51829125611
-81.2932865994 1.66711519767
-83.35443055 1.29166462
-85.4155745006 1.36295349712
-87.4767184512 1.92662633954
-89.5378624018 1.95916997958
-91.5990063524 1.73100455366
-93.660150303 1.65423223389
-95.7212942536 0.46299231313
-97.7824382042 1.6869907999
-99.8435821548 -0.39298897707
-101.904726105 0.684045781018
-103.965870056 -1.17912001682
-106.027014007 -1.03538184973
-108.088157957 -0.617848169582
-110.149301908 1.05377892458
-112.210445858 -0.0968349647025
-114.271589809 -1.02364465256
-116.33273376 0.697934545641
-118.39387771 -1.43922512343
-120.455021661 -2.41353820337
-122.516165611 -0.499429715812
-124.577309562 -2.71445769851
-126.638453513 0.0323703411819
-128.699597463 0.109990893934
-130.760741414 -1.32018735931
-132.821885364 -2.62704132425
-134.883029315 -2.48957112283
-136.944173266 -1.66511046391
-139.005317216 0.44998351051
-141.066461167 -2.69172574034
-143.127605117 -2.85189153064
-145.188749068 -1.51831637914
-147.249893019 -4.18614321407
-149.311036969 -3.73219953936
-151.37218092 -2.62075197872
-153.43332487 -1.48831398748
-155.494468821 -3.6384522704
-157.555612772 -3.82372147719
-159.616756722 -2.55062053851
-161.677900673 -3.91523018346
-163.739044623 -3.5923580265
-165.800188574 -5.15720629341
-167.861332525 -2.88206711467
-169.922476475 -3.24491628867
-171.983620426 -4.58695559028
-174.044764376 -4.97716326689
-176.105908327 -1.74180075101
-178.167052278 -5.06579015519
-180.228196228 -3.78826225
-182.289340179 -3.14067744785
-184.350484129 -3.7451243134
-186.41162808 -3.38682782629
-188.472772031 -2.32331319013
-190.533915981 -4.20553642748
-192.595059932 -3.70508615972
-194.656203882 -2.65360932531
-196.717347833 -2.53015394539
-198.778491784 -2.54528716507
-200.839635734 -1.74177031671
-202.900779685 -3.17233767122
-204.961923635 -1.27829957931
-207.023067586 -2.07722567618
-209.084211537 -2.02739900373
-211.145355487 -1.51977673206
-213.206499438 -2.04893557455
-215.267643388 0.0445024387249
-217.328787339 -0.754467367843
-219.38993129 -0.236367419386
-221.45107524 -0.250248546623
