# BEGINHEADER
# This file contains data from the SALSA 2m radio telescope.
# DATE=2020-05-13T06:19:43.0
# GLON and GLAT given in degrees
# GLON=37.9017542402
# GLAT=2.18691424194
# DATA in two columns below. Col. 1 is velocity relative to LSR [km/s]. Col. 2 is uncalibrated antenna temperature [K].
# ENDHEADER
303.680263355 -3.20203083175e-05
301.619119405 -0.114485323938
299.557975454 0.717534772683
297.496831503 0.843333974603
295.435687553 1.34936661364
293.374543602 0.855048012887
291.313399652 2.10838510575
289.252255701 2.37638611908
287.19111175 2.40926413765
285.1299678 3.71178816554
283.068823849 4.48491234598
281.007679899 3.4704527195
278.946535948 5.06732292866
276.885391997 4.76274103215
274.824248047 4.50626833447
272.763104096 5.48088894573
270.701960146 6.19475318666
268.640816195 7.0578316849
266.579672244 6.20731301261
264.518528294 7.24393844952
262.457384343 6.17773868159
260.396240393 5.96632665751
258.335096442 7.49790845882
256.273952491 8.29778866918
254.212808541 8.13271401134
252.15166459 6.21709372698
250.09052064 7.3687536054
248.029376689 9.47520300462
245.968232738 7.27646564568
243.907088788 8.43845862797
241.845944837 9.58004105488
239.784800887 9.67367458544
237.723656936 9.91013290974
235.662512985 11.3681148628
233.601369035 9.33512187511
231.540225084 8.54271601851
229.479081134 10.6696258366
227.417937183 9.39156567014
225.356793232 10.1007042806
223.295649282 8.47405708914
221.234505331 10.1216968868
219.173361381 9.33400721246
217.11221743 9.50521884231
215.051073479 10.0001703049
212.989929529 8.71129770079
210.928785578 8.76134927016
208.867641628 10.4777912499
206.806497677 9.16762384216
204.745353726 8.95419501421
202.684209776 9.64856377467
200.623065825 9.97192086455
198.561921875 11.1369460999
196.500777924 9.69899356019
194.439633973 8.18816702923
192.378490023 12.0650851151
190.317346072 10.268555692
188.256202122 9.30011884757
186.195058171 10.0753749134
184.13391422 9.61183440267
182.07277027 11.9109783681
180.011626319 11.9693911788
177.950482369 11.5181450921
175.889338418 11.3061974799
173.828194467 11.7383615169
171.767050517 8.96850818472
169.705906566 9.68647535917
167.644762616 9.30635442027
165.583618665 9.31870569196
163.522474714 11.3567197356
161.461330764 10.4014428137
159.400186813 11.0484800987
157.339042863 12.6697345376
155.277898912 10.2588753674
153.216754962 10.607452982
151.155611011 11.4381506897
149.09446706 10.2588540529
147.03332311 10.4278496899
144.972179159 10.6463449139
142.911035209 9.72928314551
140.849891258 8.85272544923
138.788747307 10.8098316691
136.727603357 9.35182356104
134.666459406 9.24160713096
132.605315456 11.305752987
130.544171505 11.466552791
128.483027554 9.95085814967
126.421883604 9.03193874553
124.360739653 9.17152124271
122.299595703 10.0360134575
120.238451752 10.8825846127
118.177307801 11.4149541054
116.116163851 10.4183247913
114.0550199 11.3430486793
111.99387595 11.5840723611
109.932731999 9.45949236873
107.871588048 10.017104723
105.810444098 10.4939226698
103.749300147 9.78367831216
101.688156197 10.487717804
99.6270122459 9.56416034742
97.5658682953 12.2548081423
95.5047243447 11.875132576
93.4435803941 12.0448250697
91.3824364435 12.2101746105
89.3212924929 11.620735691
87.2601485423 12.4031895362
85.1990045917 13.3146176502
83.1378606411 14.0384319381
81.0767166905 12.3220724212
79.01557274 13.5277437158
76.9544287894 12.1207842729
74.8932848388 13.7222216718
72.8321408882 15.3333387718
70.7709969376 14.8966330738
68.709852987 14.2993618467
66.6487090364 15.9341939616
64.5875650858 16.5382080623
62.5264211352 17.3784493187
60.4652771846 17.5936361231
58.404133234 18.8056361497
56.3429892834 18.4316096307
54.2818453328 17.8163961025
52.2207013822 20.6061971559
50.1595574316 20.2619687719
48.098413481 16.9824748877
46.0372695304 20.24351105
43.9761255798 20.2358008472
41.9149816292 20.6034066073
39.8538376786 23.7937045385
37.792693728 22.6546994345
35.7315497774 25.7539194372
33.6704058268 27.1882869402
31.6092618762 28.0517400361
29.5481179256 29.1193261048
27.486973975 27.0586188476
25.4258300244 27.4573439019
23.3646860738 27.6510316224
21.3035421232 24.9870059109
19.2423981726 25.1286759723
17.181254222 25.02115573
15.1201102714 25.3212860269
13.0589663208 25.0521820959
10.9978223702 26.5068589254
8.9366784196 25.1001703181
6.875534469 28.1862268366
4.8143905184 30.1283113836
2.7532465678 30.0870331465
0.692102617202 26.4139008059
-1.3690413334 19.7261409542
-3.43018528399 13.6505194657
-5.49132923459 11.4860999044
-7.55247318519 8.99271931798
-9.61361713579 8.69483286068
-11.6747610864 10.1684282321
-13.735905037 9.69861360094
-15.7970489876 8.84253310385
-17.8581929382 8.42905858843
-19.9193368888 8.06732018387
-21.9804808394 9.26681196298
-24.04162479 7.155788449
-26.1027687406 6.77077794632
-28.1639126912 8.44448640695
-30.2250566418 10.9497297867
-32.2862005924 9.6089291117
-34.347344543 8.84157695521
-36.4084884936 10.3383147641
-38.4696324442 9.60801128773
-40.5307763948 8.43229030139
-42.5919203454 8.92563433278
-44.653064296 8.79020118393
-46.7142082466 8.49696161749
-48.7753521972 8.40354308555
-50.8364961478 7.8205663163
-52.8976400984 10.2054102697
-54.958784049 11.3937167342
-57.0199279996 8.56846579868
-59.0810719502 11.0038028917
-61.1422159008 11.2156030326
-63.2033598514 9.03669506423
-65.264503802 7.07576121988
-67.3256477526 6.86495258237
-69.3867917032 5.321581037
-71.4479356537 4.75240204334
-73.5090796043 4.49006519493
-75.5702235549 3.18529206322
-77.6313675055 3.97481028469
-79.6925114561 2.37355260879
-81.7536554067 1.75804899623
-83.8147993573 3.33244235815
-85.8759433079 1.05577537999
-87.9370872585 2.41525187514
-89.9982312091 1.95152077467
-92.0593751597 0.948452206606
-94.1205191103 0.335263588746
-96.1816630609 1.61249205305
-98.2428070115 1.00923543716
-100.303950962 2.29002431175
-102.365094913 0.800258152395
-104.426238863 1.32366406308
-106.487382814 2.61614530851
-108.548526765 2.6959265193
-110.609670715 -0.0690135192166
-112.670814666 -0.687118838138
-114.731958616 -1.59982755109
-116.793102567 -0.608705781401
-118.854246518 0.42732882659
-120.915390468 -0.745163659724
-122.976534419 0.795326838862
-125.037678369 -2.2418974346
-127.09882232 -2.77239998202
-129.159966271 -1.84580732703
-131.221110221 0.176972294707
-133.282254172 -1.10041733445
-135.343398122 -1.78839076827
-137.404542073 -1.40622081989
-139.465686024 -2.81312967397
-141.526829974 -1.89833660207
-143.587973925 -0.324268166242
-145.649117875 -1.84487044684
-147.710261826 -2.92136785542
-149.771405776 -3.16890314779
-151.832549727 -2.01439460581
-153.893693678 -2.97630776176
-155.954837628 -3.32987229339
-158.015981579 -3.32091529649
-160.077125529 -1.62354378764
-162.13826948 -2.31284420187
-164.199413431 -0.684577095493
-166.260557381 -4.09538875844
-168.321701332 -2.06390911286
-170.382845282 -1.837975471
-172.443989233 -3.05859791594
-174.505133184 -3.90378278309
-176.566277134 -3.85572389435
-178.627421085 -1.68704876108
-180.688565035 -2.95025892942
-182.749708986 -3.99615232275
-184.810852937 -3.98953252162
-186.871996887 -3.15663749229
-188.933140838 -2.03352226773
-190.994284788 -2.59117937084
-193.055428739 -2.87883643966
-195.11657269 -3.49686698166
-197.17771664 -3.37661656458
-199.238860591 -3.38919760783
-201.300004541 -3.72785755434
-203.361148492 -2.5946217505
-205.422292443 -1.61990279046
-207.483436393 -2.15421420331
-209.544580344 -1.94928372853
-211.605724294 -2.40762742831
-213.666868245 -1.84773094788
-215.728012196 -1.06655965687
-217.789156146 -1.1349724374
-219.850300097 -0.871919079407
-221.911444047 -0.492989981232
