# BEGINHEADER
# This file contains data from the SALSA 2m radio telescope.
# DATE=2020-05-13T06:16:20.0
# GLON and GLAT given in degrees
# GLON=38.479128522
# GLAT=1.19709823692
# DATA in two columns below. Col. 1 is velocity relative to LSR [km/s]. Col. 2 is uncalibrated antenna temperature [K].
# ENDHEADER
303.981167617 0.000174896618621
301.920023666 0.175039422415
299.858879715 0.2437588572
297.797735765 1.16112401312
295.736591814 1.31763291141
293.675447864 1.68092293279
291.614303913 2.04857553555
289.553159962 1.75506248323
287.492016012 2.90533293286
285.430872061 3.02842474829
283.369728111 4.28016419674
281.30858416 4.41084309461
279.247440209 4.45771164315
277.186296259 4.56157446689
275.125152308 5.81788386516
273.064008358 6.01831752566
271.002864407 5.21696945475
268.941720457 6.95459873334
266.880576506 6.75979315334
264.819432555 7.72047097586
262.758288605 7.5540980047
260.697144654 6.49700400156
258.636000704 7.25123508668
256.574856753 8.17569011232
254.513712802 7.54549164734
252.452568852 8.00384109907
250.391424901 7.74690739402
248.330280951 7.72808581007
246.269137 7.8928480097
244.207993049 9.44728638484
242.146849099 9.80627136234
240.085705148 8.73286974325
238.024561198 7.90394404892
235.963417247 9.92324112436
233.902273296 9.91415328457
231.841129346 9.51415311575
229.779985395 8.85192518423
227.718841445 8.44831866997
225.657697494 9.61890189724
223.596553543 9.16263361291
221.535409593 9.64384663127
219.474265642 10.8486674264
217.413121692 9.61993357797
215.351977741 9.6428131931
213.29083379 10.127889855
211.22968984 9.30892685626
209.168545889 8.42682311258
207.107401939 9.4579824378
205.046257988 10.0775914406
202.985114037 10.1355426112
200.923970087 9.42838947114
198.862826136 10.4482822584
196.801682186 8.09105798169
194.740538235 10.1003446148
192.679394284 10.5308039852
190.618250334 11.1065780914
188.557106383 9.54155197861
186.495962433 10.9918682793
184.434818482 10.6089898964
182.373674531 12.1292505185
180.312530581 11.1181079065
178.25138663 10.153926391
176.19024268 9.86350193843
174.129098729 9.7501420989
172.067954778 10.5086364906
170.006810828 10.5251030096
167.945666877 11.9552476946
165.884522927 10.6490823777
163.823378976 11.396472155
161.762235025 11.2514414181
159.701091075 11.2908787296
157.639947124 10.4214345474
155.578803174 10.3391908999
153.517659223 9.15768987909
151.456515272 9.75372745561
149.395371322 10.4541530169
147.334227371 10.3094380592
145.273083421 12.2765371212
143.21193947 10.5124612547
141.150795519 11.4126365672
139.089651569 11.4436369504
137.028507618 9.02615409356
134.967363668 9.88682055295
132.906219717 8.80281193731
130.845075766 9.29866733107
128.783931816 12.0383743926
126.722787865 9.58576744883
124.661643915 11.9643330794
122.600499964 10.5935670156
120.539356013 10.2559601226
118.478212063 9.61885517052
116.417068112 11.1030170926
114.355924162 12.5761339224
112.294780211 10.3113462561
110.23363626 9.65708439065
108.17249231 11.2987770561
106.111348359 9.3659042032
104.050204409 10.5940691103
101.989060458 10.493594528
99.9279165074 11.0555636747
97.8667725568 9.80485243925
95.8056286062 10.9882108424
93.7444846556 11.5428550157
91.683340705 11.4595970837
89.6221967544 13.2179436534
87.5610528038 14.8195222648
85.4999088532 16.5740597948
83.4387649026 13.5347289494
81.377620952 14.8022375551
79.3164770014 15.470583039
77.2553330508 18.1413442385
75.1941891002 17.7433619695
73.1330451496 18.4210833367
71.071901199 19.7159347754
69.0107572484 18.1640258433
66.9496132978 19.0452825538
64.8884693472 22.6916461685
62.8273253966 20.1458119572
60.766181446 22.6833014151
58.7050374954 22.5210787857
56.6438935448 22.1765018646
54.5827495942 21.2753332467
52.5216056436 22.6763100117
50.460461693 22.0132639133
48.3993177424 21.5534550608
46.3381737918 20.8708851318
44.2770298413 22.1686078432
42.2158858907 23.1033390729
40.1547419401 26.3278742541
38.0935979895 26.7710429589
36.0324540389 29.7051408461
33.9713100883 30.7420812099
31.9101661377 32.9733641133
29.8490221871 31.1424199115
27.7878782365 30.2671546226
25.7267342859 29.3801824902
23.6655903353 28.1933428007
21.6044463847 27.1068220004
19.5433024341 26.1659311029
17.4821584835 25.3197263365
15.4210145329 28.3221654168
13.3598705823 28.0906499055
11.2987266317 26.4289078368
9.23758268107 29.6734262028
7.17643873047 28.722268631
5.11529477988 32.8304996452
3.05415082928 29.7151266576
0.993006878679 27.2005699507
-1.06813707192 20.2008832848
-3.12928102252 14.7861084211
-5.19042497312 12.0146394558
-7.25156892372 7.87625833913
-9.31271287431 10.7486493747
-11.3738568249 9.58261884704
-13.4350007755 8.00840897523
-15.4961447261 10.1079920913
-17.5572886767 8.81677121866
-19.6184326273 6.62296110257
-21.6795765779 8.68977707794
-23.7407205285 8.03768055484
-25.8018644791 9.71979224912
-27.8630084297 10.0875952478
-29.9241523803 10.954475368
-31.9852963309 11.2186538159
-34.0464402815 10.6261081461
-36.1075842321 10.0807679592
-38.1687281827 12.2940419446
-40.2298721333 10.9391535926
-42.2910160839 10.8623996238
-44.3521600345 12.3002594184
-46.4133039851 12.2337680283
-48.4744479357 10.0830786074
-50.5355918863 11.5745218931
-52.5967358369 11.0782133702
-54.6578797875 11.0866358228
-56.7190237381 12.661137365
-58.7801676887 11.9521987044
-60.8413116393 9.26041543434
-62.9024555899 9.0396454882
-64.9635995405 8.73182232883
-67.0247434911 5.75355870529
-69.0858874417 6.22244274075
-71.1470313923 4.26290043859
-73.2081753429 3.06376227007
-75.2693192935 4.79517395822
-77.3304632441 3.97355869706
-79.3916071947 3.84893069797
-81.4527511453 2.1145490564
-83.5138950959 1.99060772859
-85.5750390465 3.85631915772
-87.6361829971 4.80558655266
-89.6973269477 3.14979633467
-91.7584708983 2.81122176488
-93.8196148489 0.88900551607
-95.8807587995 1.84679983287
-97.9419027501 0.209445446681
-100.003046701 1.29463894666
-102.064190651 1.63331988649
-104.125334602 0.627821981357
-106.186478552 -1.43203550999
-108.247622503 -0.0464858007855
-110.308766454 0.0914781889392
-112.369910404 1.77889216282
-114.431054355 0.230960795647
-116.492198305 0.359474902016
-118.553342256 1.30636997752
-120.614486207 -0.0881982286611
-122.675630157 -0.288635113157
-124.736774108 -0.757093075698
-126.797918058 -1.99224169218
-128.859062009 -0.301325545256
-130.92020596 -2.12034066994
-132.98134991 -0.446603612097
-135.042493861 -2.15285178947
-137.103637811 -3.13040660621
-139.164781762 -1.36810112903
-141.225925713 -1.00521595039
-143.287069663 -2.20145153754
-145.348213614 -2.44580455471
-147.409357564 -1.93032203862
-149.470501515 -3.40545009292
-151.531645466 -1.60583206859
-153.592789416 -1.4995770126
-155.653933367 -1.90192233411
-157.715077317 -3.13235955167
-159.776221268 -1.76229678223
-161.837365219 -1.74605018123
-163.898509169 -2.16132448629
-165.95965312 -2.98508748323
-168.02079707 -2.99189302599
-170.081941021 -3.15285672099
-172.143084972 -3.50546984381
-174.204228922 -1.73732373492
-176.265372873 -3.44386148239
-178.326516823 -3.89470541276
-180.387660774 -3.53966626967
-182.448804725 -4.35007577748
-184.509948675 -2.82674274598
-186.571092626 -2.18729437823
-188.632236576 -3.09216705825
-190.693380527 -2.87264425989
-192.754524478 -3.99009909072
-194.815668428 -3.10969009028
-196.876812379 -3.00982135237
-198.937956329 -3.51879496567
-200.99910028 -3.15446341146
-203.060244231 -2.21378863995
-205.121388181 -3.50096236407
-207.182532132 -2.39331694844
-209.243676082 -1.45665259012
-211.304820033 -1.13511294852
-213.365963984 -1.63687441637
-215.427107934 -1.26139653814
-217.488251885 -1.73111792235
-219.549395835 -0.126095964667
-221.610539786 -0.0584567074996
