# BEGINHEADER
# This file contains data from the SALSA 2m radio telescope.
# DATE=2020-05-13T06:23:00.0
# GLON and GLAT given in degrees
# GLON=37.8560252338
# GLAT=-0.494646000156
# DATA in two columns below. Col. 1 is velocity relative to LSR [km/s]. Col. 2 is uncalibrated antenna temperature [K].
# ENDHEADER
304.296156325 -0.000263760190177
302.235012375 -0.148433813503
300.173868424 0.104789484868
298.112724473 0.197673765028
296.051580523 0.936057129141
293.990436572 0.497209242264
291.929292622 1.36609551894
289.868148671 2.18821796842
287.80700472 1.69965607112
285.74586077 2.87491091133
283.684716819 2.61150193865
281.623572869 3.11451471049
279.562428918 3.81430817983
277.501284967 3.18202635899
275.440141017 3.87535158063
273.378997066 4.12773885763
271.317853116 4.97556246625
269.256709165 4.51586059016
267.195565214 5.05653976393
265.134421264 7.08123994103
263.073277313 5.76528997405
261.012133363 5.53754615667
258.950989412 5.95252850464
256.889845461 6.28789812427
254.828701511 6.87734921124
252.76755756 6.95182964374
250.70641361 6.94330275865
248.645269659 7.59119321059
246.584125709 5.98656067413
244.522981758 6.71931861808
242.461837807 8.61213549927
240.400693857 7.59931017702
238.339549906 7.49171299694
236.278405956 7.98461343405
234.217262005 6.54219960745
232.156118054 6.94943038737
230.094974104 7.06583861688
228.033830153 7.79247376537
225.972686203 7.6714755993
223.911542252 7.75157131768
221.850398301 6.96693690506
219.789254351 8.20979133676
217.7281104 7.58685488948
215.66696645 7.69217444344
213.605822499 8.01285214998
211.544678548 7.7277145417
209.483534598 7.85081229257
207.422390647 7.82689844177
205.361246697 7.17062849188
203.300102746 7.22476381771
201.238958795 7.73363177747
199.177814845 9.00003694285
197.116670894 8.12803768547
195.055526944 9.31893790724
192.994382993 9.09490392687
190.933239042 7.31992531739
188.872095092 8.21354305868
186.810951141 10.0781995539
184.749807191 7.90487195311
182.68866324 8.00902183045
180.627519289 7.31831708587
178.566375339 8.44226667199
176.505231388 8.60533384612
174.444087438 6.96863468586
172.382943487 9.63806699778
170.321799536 9.1908216716
168.260655586 8.1662580713
166.199511635 9.25883199711
164.138367685 8.6661288221
162.077223734 8.7620553343
160.016079783 9.63013479374
157.954935833 9.9324775902
155.893791882 9.42395177554
153.832647932 8.98891024725
151.771503981 9.59328872566
149.71036003 8.81519251523
147.64921608 7.07019002057
145.588072129 9.8587979621
143.526928179 9.58521708839
141.465784228 7.59622893267
139.404640277 11.8184970855
137.343496327 8.20425927392
135.282352376 8.9205418401
133.221208426 9.16282758481
131.160064475 9.07389980129
129.098920524 8.57047668975
127.037776574 8.67721889898
124.976632623 8.51462909049
122.915488673 9.04731756616
120.854344722 8.32294550352
118.793200771 9.35262613801
116.732056821 8.43814302984
114.67091287 8.08977620022
112.60976892 7.241246135
110.548624969 9.51957903414
108.487481018 8.13375703545
106.426337068 8.89195694307
104.365193117 11.7119505079
102.304049167 8.82384000158
100.242905216 9.59427002615
98.1817612654 11.2939979128
96.1206173148 10.4627178593
94.0594733642 10.7943397048
91.9983294136 9.60178985373
89.937185463 11.3731214054
87.8760415124 14.2573979471
85.8148975618 13.9436605363
83.7537536112 14.8685104752
81.6926096606 16.7202926171
79.63146571 15.8236462741
77.5703217594 16.2828094749
75.5091778088 17.7206276749
73.4480338582 17.5894813201
71.3868899076 19.5483303817
69.325745957 20.1100195765
67.2646020064 20.2167610584
65.2034580558 21.3547449379
63.1423141052 21.5283696714
61.0811701546 23.9389190687
59.020026204 23.3429487535
56.9588822534 23.1015518992
54.8977383028 22.8681463295
52.8365943522 23.8089343137
50.7754504016 21.9662385544
48.714306451 22.5335549379
46.6531625004 22.2435592686
44.5920185498 22.5791027518
42.5308745992 22.2660086117
40.4697306486 24.4242639684
38.408586698 24.3743532375
36.3474427474 27.4054436166
34.2862987968 29.2155980978
32.2251548462 29.0784126642
30.1640108956 29.4419504441
28.1028669451 28.1105021176
26.0417229945 26.5182540569
23.9805790439 25.9434866239
21.9194350933 23.1261476154
19.8582911427 23.0833164291
17.7971471921 24.0074249826
15.7360032415 24.9364727502
13.6748592909 23.7187466141
11.6137153403 24.1701906278
9.55257138966 24.7360421364
7.49142743906 26.1812609154
5.43028348847 26.8121885223
3.36913953787 27.6007703412
1.30799558727 22.1141788311
-0.753148363331 16.9048317105
-2.81429231393 14.2669613732
-4.87543626453 11.6210999345
-6.93658021513 8.90798898615
-8.99772416573 8.37183671432
-11.0588681163 9.05221774343
-13.1200120669 7.7570323579
-15.1811560175 5.72917491599
-17.2422999681 7.64663290654
-19.3034439187 7.85120187172
-21.3645878693 7.62112949466
-23.4257318199 7.96798754668
-25.4868757705 8.30817634281
-27.5480197211 9.84251720476
-29.6091636717 10.7142438422
-31.6703076223 12.0357958595
-33.7314515729 12.2883756784
-35.7925955235 11.5975496284
-37.8537394741 11.0766209739
-39.9148834247 9.96478060938
-41.9760273753 9.5286300059
-44.0371713259 10.0085222675
-46.0983152765 9.45276424141
-48.1594592271 8.8597770866
-50.2206031777 10.024265902
-52.2817471283 10.8132159075
-54.3428910789 9.63022730005
-56.4040350295 10.432425149
-58.4651789801 10.0480006105
-60.5263229307 9.99518263024
-62.5874668813 6.66868034554
-64.6486108319 8.10802043263
-66.7097547825 6.48758681027
-68.7708987331 4.36035706756
-70.8320426837 2.16201378729
-72.8931866343 3.46674545442
-74.9543305849 1.60383699093
-77.0154745355 0.789573543671
-79.0766184861 1.3132803439
-81.1377624367 0.613210255687
-83.1989063873 1.56449836313
-85.2600503379 -0.137015909889
-87.3211942885 1.96399565204
-89.3823382391 2.33565464338
-91.4434821897 -0.300349494265
-93.5046261403 1.36581724899
-95.5657700909 -0.209134619467
-97.6269140415 -0.610327494226
-99.6880579921 -0.537567628083
-101.749201943 1.46459136989
-103.810345893 -0.150993978698
-105.871489844 -2.08976138277
-107.932633794 -0.335873152677
-109.993777745 -1.06285887311
-112.054921696 0.797431514421
-114.116065646 -0.869831946218
-116.177209597 0.228588817666
-118.238353547 -1.03035423987
-120.299497498 -1.74096600336
-122.360641449 -0.617298744287
-124.421785399 0.0288615549955
-126.48292935 -2.38085845799
-128.5440733 -1.4833810564
-130.605217251 -1.89414527538
-132.666361202 -2.42071850091
-134.727505152 -0.998172129729
-136.788649103 -1.57936335991
-138.849793053 -0.542577136919
-140.910937004 -3.44015613526
-142.972080955 -2.66194205923
-145.033224905 -2.0148398789
-147.094368856 -1.24660228313
-149.155512806 -3.47295138711
-151.216656757 -2.33001790463
-153.277800708 -2.03615482191
-155.338944658 -2.02416683314
-157.400088609 -1.50807274149
-159.461232559 -2.21314383603
-161.52237651 -3.65493049539
-163.583520461 -2.80970399076
-165.644664411 -3.59653598397
-167.705808362 -2.70734490165
-169.766952312 -2.88647665325
-171.828096263 -3.07746208246
-173.889240214 -3.22733276777
-175.950384164 -2.44466285728
-178.011528115 -3.77897531494
-180.072672065 -2.65189110599
-182.133816016 -2.47081293109
-184.194959967 -2.93916279845
-186.256103917 -3.5159604515
-188.317247868 -3.55295247207
-190.378391818 -3.27374110939
-192.439535769 -3.80705010944
-194.50067972 -3.14521682885
-196.56182367 -1.79205333379
-198.622967621 -2.80371642873
-200.684111571 -2.38861792073
-202.745255522 -3.19315154313
-204.806399473 -2.6290449213
-206.867543423 -2.82402054563
-208.928687374 -1.75818289879
-210.989831324 -1.2319607876
-213.050975275 -1.71790978243
-215.112119226 -1.33434487913
-217.173263176 -1.31452200471
-219.234407127 -1.42821656181
-221.295551077 -0.27223151337
