# BEGINHEADER
# This file contains data from the SALSA 2m radio telescope.
# DATE=2020-05-13T06:25:04.0
# GLON and GLAT given in degrees
# GLON=41.7651919157
# GLAT=1.24130390625
# DATA in two columns below. Col. 1 is velocity relative to LSR [km/s]. Col. 2 is uncalibrated antenna temperature [K].
# ENDHEADER
304.240109918 0.000106929890711
302.178965967 0.400866434224
300.117822016 -0.0941996502059
298.056678066 1.48341337704
295.995534115 2.04513089031
293.934390165 2.36802878187
291.873246214 2.75208536719
289.812102263 2.77545466125
287.750958313 2.37106052312
285.689814362 3.97528651523
283.628670412 4.00337608832
281.567526461 4.31311586107
279.50638251 5.20205284265
277.44523856 4.33245036559
275.384094609 4.73714417563
273.322950659 5.08351827822
271.261806708 6.23626041739
269.200662757 7.34814415812
267.139518807 5.35042240967
265.078374856 6.83175285673
263.017230906 8.11678535945
260.956086955 8.39847669998
258.894943004 7.12615904866
256.833799054 6.90014916451
254.772655103 8.24083645033
252.711511153 6.91014413582
250.650367202 8.62049480538
248.589223251 8.37580663343
246.528079301 9.03131175541
244.46693535 8.31499679947
242.4057914 9.6859894127
240.344647449 9.04427815902
238.283503498 8.68868433711
236.222359548 8.58040832535
234.161215597 9.72217975929
232.100071647 9.88976491631
230.038927696 9.30637453812
227.977783745 11.9272164277
225.916639795 10.2570938334
223.855495844 8.99473756673
221.794351894 10.7296733105
219.733207943 11.4774074752
217.672063992 8.798743002
215.610920042 9.01708662319
213.549776091 8.50669004856
211.488632141 10.2823540947
209.42748819 10.1528501957
207.366344239 10.0613775985
205.305200289 10.1829297277
203.244056338 10.2025188801
201.182912388 10.7803822229
199.121768437 10.1467757578
197.060624486 9.93947196611
194.999480536 12.3468597396
192.938336585 11.2811331598
190.877192635 11.7255111566
188.816048684 9.19278981625
186.754904733 10.5383972581
184.693760783 10.7464509158
182.632616832 11.468009619
180.571472882 10.7017364058
178.510328931 10.3563150673
176.44918498 11.8242718199
174.38804103 10.6300718337
172.326897079 11.5075373256
170.265753129 12.0847553533
168.204609178 12.6493871039
166.143465227 11.1795729043
164.082321277 9.90076235543
162.021177326 11.6223246028
159.960033376 10.4037817777
157.898889425 10.1415213224
155.837745474 10.574041026
153.776601524 9.43377324635
151.715457573 10.220445846
149.654313623 10.763721611
147.593169672 11.1622839443
145.532025721 10.5971573637
143.470881771 11.6705797884
141.40973782 11.1815669576
139.34859387 11.6067582684
137.287449919 8.32055785246
135.226305968 11.4664402415
133.165162018 12.0429659209
131.104018067 11.5303427608
129.042874117 11.7628491574
126.981730166 10.1522461753
124.920586215 10.6266159162
122.859442265 10.408400045
120.798298314 10.9044808765
118.737154364 11.7768184573
116.676010413 12.3345044332
114.614866462 10.8489401148
112.553722512 12.3117102856
110.492578561 11.1683114409
108.431434611 11.7567041631
106.37029066 10.4328827458
104.309146709 10.5291995755
102.248002759 12.6866839924
100.186858808 12.2730576884
98.1257148577 9.33227728788
96.0645709071 11.1162980697
94.0034269565 10.8954310024
91.9422830059 10.9115358915
89.8811390553 10.2707006039
87.8199951047 10.7461977338
85.7588511541 9.30707425623
83.6977072035 11.4076647886
81.6365632529 12.7155773815
79.5754193023 12.8100614187
77.5142753517 15.2635516791
75.4531314011 13.4422173287
73.3919874505 15.9528645583
71.3308434999 17.642757183
69.2696995493 16.5002125436
67.2085555987 20.1082725822
65.1474116481 19.0878302444
63.0862676975 21.4191844088
61.0251237469 22.9526739337
58.9639797963 24.3755646848
56.9028358457 23.636468792
54.8416918951 24.6848694616
52.7805479445 23.596150027
50.7194039939 24.298676928
48.6582600433 24.4711569338
46.5971160927 23.127251491
44.5359721421 25.5247371624
42.4748281915 23.6530528168
40.4136842409 25.6564287579
38.3525402903 25.4799556459
36.2913963397 26.7208003785
34.2302523891 29.4009339352
32.1691084385 30.6010411693
30.1079644879 31.0179845091
28.0468205373 28.5976886453
25.9856765867 30.4065156657
23.9245326361 30.3387444234
21.8633886855 29.6420364114
19.8022447349 28.2239528908
17.7411007843 27.2598558154
15.6799568337 28.1382387017
13.6188128831 28.0320810309
11.5576689326 29.2829848888
9.49652498195 28.3898434222
7.43538103135 31.8822969166
5.37423708075 36.5788101438
3.31309313016 34.9465198533
1.25194917956 30.1995954442
-0.809194771041 23.4268826214
-2.87033872164 16.6024109129
-4.93148267224 13.9276830773
-6.99262662284 10.6802996971
-9.05377057344 10.7338230674
-11.114914524 12.0183757644
-13.1760584746 10.1254097283
-15.2372024252 9.14961135123
-17.2983463758 7.79716023561
-19.3594903264 10.030572179
-21.420634277 9.15531673048
-23.4817782276 9.22185567441
-25.5429221782 11.8182923676
-27.6040661288 9.9492119184
-29.6652100794 11.5336827778
-31.72635403 11.7798521089
-33.7874979806 12.5358780731
-35.8486419312 11.8182223558
-37.9097858818 11.3099256262
-39.9709298324 11.1790787325
-42.032073783 12.1262436085
-44.0932177336 13.647204207
-46.1543616842 12.5499368845
-48.2155056348 13.028811269
-50.2766495854 12.7253685858
-52.337793536 11.04471647
-54.3989374866 14.2068038744
-56.4600814372 11.5640014232
-58.5212253878 12.7584698411
-60.5823693384 12.4677511579
-62.643513289 12.9709026497
-64.7046572396 11.7638597593
-66.7658011902 9.67365234459
-68.8269451408 9.41822194738
-70.8880890914 7.47690224312
-72.949233042 3.69068322473
-75.0103769926 4.26273668779
-77.0715209432 3.81896159334
-79.1326648938 4.09728666818
-81.1938088444 3.32388037361
-83.254952795 2.9877770886
-85.3160967456 2.21193495422
-87.3772406962 1.44669761804
-89.4383846468 1.17405365855
-91.4995285974 2.95214390295
-93.560672548 2.208471506
-95.6218164986 2.82619682669
-97.6829604492 -0.627614717573
-99.7441043998 1.76376803777
-101.80524835 1.22509831936
-103.866392301 0.551937124155
-105.927536252 1.11384459707
-107.988680202 -0.221409674381
-110.049824153 0.0755760413976
-112.110968103 1.5888310881
-114.172112054 -0.700929265857
-116.233256005 1.01549482316
-118.294399955 -2.05192277094
-120.355543906 1.69684015466
-122.416687856 0.0122298896114
-124.477831807 -2.10794205736
-126.538975758 -0.961942288102
-128.600119708 -0.819693724539
-130.661263659 -0.26736640139
-132.722407609 -1.81691960847
-134.78355156 -0.620060260289
-136.844695511 -0.983709643917
-138.905839461 -2.39413992246
-140.966983412 -1.50194658892
-143.028127362 -0.465774120427
-145.089271313 -3.18817902585
-147.150415264 -0.777162547917
-149.211559214 -1.49215562015
-151.272703165 -2.58968993518
-153.333847115 -2.19613377197
-155.394991066 -2.67909480134
-157.456135017 -2.28740986245
-159.517278967 -1.81557355221
-161.578422918 -1.13512191677
-163.639566868 -2.36779566529
-165.700710819 -1.85149273905
-167.76185477 -1.20509430569
-169.82299872 -2.88725150551
-171.884142671 -4.32451615832
-173.945286621 -3.02368881666
-176.006430572 -2.13440033253
-178.067574523 -1.87096967923
-180.128718473 -1.7095984454
-182.189862424 -3.08868182075
-184.251006374 -1.65608381824
-186.312150325 -2.98427722632
-188.373294276 -2.89883891755
-190.434438226 -3.68375974655
-192.495582177 -2.73847180177
-194.556726127 -2.06150962169
-196.617870078 -2.93482139326
-198.679014029 -2.46808787342
-200.740157979 -1.82801532729
-202.80130193 -2.32095920437
-204.86244588 -1.58234084146
-206.923589831 -1.57218729811
-208.984733782 -1.38036065372
-211.045877732 -1.79667347825
-213.107021683 -1.82842571505
-215.168165633 -1.16252218889
-217.229309584 -0.8374600902
-219.290453534 -0.525964738643
-221.351597485 0.127120062332
