# BEGINHEADER
# This file contains data from the SALSA 2m radio telescope.
# DATE=2020-05-13T06:31:45.0
# GLON and GLAT given in degrees
# GLON=51.0834519435
# GLAT=1.2843255995
# DATA in two columns below. Col. 1 is velocity relative to LSR [km/s]. Col. 2 is uncalibrated antenna temperature [K].
# ENDHEADER
304.290303027 0.000455972045795
302.229159077 0.349219402338
300.168015126 1.48572784343
298.106871175 1.16651236048
296.045727225 2.02038658265
293.984583274 2.62905936731
291.923439324 3.24122591945
289.862295373 3.32689098603
287.801151422 4.60712794677
285.740007472 3.42678381063
283.678863521 4.91611816416
281.617719571 5.74101381387
279.55657562 4.43133380714
277.495431669 4.91526109498
275.434287719 5.68866994042
273.373143768 5.87345877747
271.311999818 7.24536994184
269.250855867 7.01261025861
267.189711916 5.91072157052
265.128567966 6.73598353915
263.067424015 7.48126267758
261.006280065 10.295400677
258.945136114 9.85836927918
256.883992163 8.55753146868
254.822848213 8.95466098442
252.761704262 9.27599253857
250.700560312 8.21940922724
248.639416361 8.87800854048
246.57827241 10.2624696827
244.51712846 10.578011835
242.455984509 9.84475594464
240.394840559 10.5558702689
238.333696608 10.6514861416
236.272552657 10.7567716043
234.211408707 10.1261789004
232.150264756 9.80911717199
230.089120806 9.25244197019
228.027976855 10.6684533749
225.966832904 11.6396903443
223.905688954 12.1887245514
221.844545003 10.8260769722
219.783401053 12.5115324603
217.722257102 10.7551326789
215.661113151 12.4958090058
213.599969201 13.0217352159
211.53882525 11.3665232173
209.4776813 10.3033158918
207.416537349 10.3899649407
205.355393399 10.277645445
203.294249448 11.5719378543
201.233105497 9.64534167143
199.171961547 10.6563378367
197.110817596 11.6707475652
195.049673646 13.600489573
192.988529695 11.7452263143
190.927385744 10.8771247835
188.866241794 13.1876973508
186.805097843 12.5343521274
184.743953893 11.6118402242
182.682809942 9.97743674258
180.621665991 11.641328672
178.560522041 12.0748188614
176.49937809 12.2121828067
174.43823414 12.2210947466
172.377090189 12.2254517678
170.315946238 9.98538361079
168.254802288 11.6377922592
166.193658337 12.911375001
164.132514387 12.2414905565
162.071370436 10.2070809966
160.010226485 12.1927758318
157.949082535 10.9044756536
155.887938584 12.2717379875
153.826794634 12.1235138483
151.765650683 13.2014169645
149.704506732 10.8425463006
147.643362782 13.5864931508
145.582218831 13.9861426422
143.521074881 12.9532172328
141.45993093 13.6269397572
139.398786979 10.3376518102
137.337643029 11.3366198863
135.276499078 11.2440130926
133.215355128 12.5283591931
131.154211177 12.0345690499
129.093067226 11.4194029451
127.031923276 11.8449402665
124.970779325 12.8647671817
122.909635375 11.2037435143
120.848491424 12.9506590624
118.787347473 12.2736323208
116.726203523 13.9326621975
114.665059572 12.9501842853
112.603915622 13.3153340809
110.542771671 13.1801243841
108.48162772 12.0856178754
106.42048377 11.8742024881
104.359339819 12.8455946569
102.298195869 11.9733172705
100.237051918 10.8747884837
98.1759079674 11.2925128609
96.1147640168 9.79371501482
94.0536200662 11.203029175
91.9924761156 11.7390504513
89.931332165 13.5299663797
87.8701882144 13.5621788586
85.8090442638 11.4651642613
83.7479003132 12.226442005
81.6867563626 11.7634030866
79.625612412 11.4122107184
77.5644684614 11.8244208824
75.5033245108 14.0005934568
73.4421805602 12.8086543753
71.3810366096 11.6814026523
69.319892659 14.4815148083
67.2587487084 13.4803405989
65.1976047578 16.4373014888
63.1364608072 16.4120096211
61.0753168566 17.3381504917
59.014172906 21.1052848442
56.9530289554 21.6756862562
54.8918850048 24.1868023022
52.8307410542 24.8033493256
50.7695971036 24.3669389266
48.708453153 27.6411369699
46.6473092024 27.2263287382
44.5861652518 28.7459073182
42.5250213012 29.1206557348
40.4638773506 29.2010270441
38.4027334 27.5868351718
36.3415894494 27.4571907781
34.2804454988 26.8160303968
32.2193015482 27.877028739
30.1581575976 28.1431439853
28.097013647 26.1114976382
26.0358696964 26.9983137021
23.9747257458 29.0360943328
21.9135817952 30.5603958425
19.8524378446 32.3989188702
17.791293894 29.3849906144
15.7301499434 30.7121038453
13.6690059928 31.6973333524
11.6078620422 35.0589891174
9.54671809163 37.0986728206
7.48557414103 41.3152677258
5.42443019043 42.9182537129
3.36328623983 38.0985448209
1.30214228924 34.2442973283
-0.759001661363 29.9787466642
-2.82014561196 22.0465442831
-4.88128956256 18.8992528041
-6.94243351316 15.1219990084
-9.00357746376 13.8922290613
-11.0647214144 13.1715383944
-13.125865365 12.0136584849
-15.1870093156 13.3378513114
-17.2481532662 10.6670830602
-19.3092972168 10.7805744413
-21.3704411673 9.48552763098
-23.4315851179 11.5201760021
-25.4927290685 11.3931671572
-27.5538730191 10.2123226961
-29.6150169697 10.5906384488
-31.6761609203 10.8652364257
-33.7373048709 12.0004072945
-35.7984488215 11.1294877995
-37.8595927721 13.1909823087
-39.9207367227 11.6483306147
-41.9818806733 11.3737632797
-44.0430246239 12.2265443633
-46.1041685745 16.2348074569
-48.1653125251 13.4978603588
-50.2264564757 15.2530912092
-52.2876004263 14.7109036926
-54.3487443769 13.7768356728
-56.4098883275 12.884419549
-58.4710322781 15.2670066019
-60.5321762287 13.3719958123
-62.5933201793 13.4426601928
-64.6544641299 14.1381823105
-66.7156080805 12.5550481234
-68.7767520311 11.7355370594
-70.8378959817 9.92929873023
-72.8990399323 10.0084723108
-74.9601838829 8.73835884695
-77.0213278335 6.73087056065
-79.0824717841 8.42267852858
-81.1436157347 7.85159963278
-83.2047596853 7.49787283691
-85.2659036359 7.22768809465
-87.3270475865 6.99923983723
-89.3881915371 6.86530200535
-91.4493354877 5.60998857281
-93.5104794383 3.23792170059
-95.5716233889 3.59605273661
-97.6327673395 3.60038928254
-99.6939112901 4.50410679066
-101.755055241 2.57944133263
-103.816199191 1.46045626483
-105.877343142 2.44078332372
-107.938487092 3.02334109491
-109.999631043 0.426336841536
-112.060774994 -0.379421459735
-114.121918944 1.12780546187
-116.183062895 3.14159819875
-118.244206845 2.66138344174
-120.305350796 2.09939927485
-122.366494747 1.51710075552
-124.427638697 0.274923062367
-126.488782648 -1.50997656847
-128.549926598 0.99921978623
-130.611070549 1.05070413747
-132.6722145 0.402306260537
-134.73335845 0.987285432478
-136.794502401 -0.0506327106135
-138.855646351 1.1024080993
-140.916790302 1.90859644313
-142.977934253 -0.261914095536
-145.039078203 -1.42512733487
-147.100222154 1.50952737575
-149.161366104 -0.180447483998
-151.222510055 -1.57954119835
-153.283654006 -0.00339501228178
-155.344797956 -1.80006041593
-157.405941907 -0.508370310684
-159.467085857 -0.372547715602
-161.528229808 -1.52911845104
-163.589373759 -3.00348898356
-165.650517709 -1.78993445348
-167.71166166 -0.641039538417
-169.77280561 -2.56276178242
-171.833949561 -2.09418982744
-173.895093512 -2.46874709196
-175.956237462 -3.55637373801
-178.017381413 -1.28869618564
-180.078525363 -0.139428836339
-182.139669314 -1.80931289343
-184.200813265 -1.61360104706
-186.261957215 -1.64439786022
-188.323101166 -1.91447885494
-190.384245116 -1.7560874302
-192.445389067 -1.41828559448
-194.506533018 -0.844714049274
-196.567676968 -0.92609807872
-198.628820919 -1.3607611207
-200.689964869 -1.97940038759
-202.75110882 -2.09184620251
-204.812252771 -1.56620773552
-206.873396721 -1.0267868828
-208.934540672 -1.1578036531
-210.995684622 -1.71450095733
-213.056828573 -1.66520076282
-215.117972524 -0.527109546467
-217.179116474 -0.609906087476
-219.240260425 -0.306966068588
-221.301404375 0.753194090836
