# BEGINHEADER
# This file contains data from the SALSA 2m radio telescope.
# DATE=2020-05-13T06:33:07.0
# GLON and GLAT given in degrees
# GLON=52.8138511671
# GLAT=-0.28734047504
# DATA in two columns below. Col. 1 is velocity relative to LSR [km/s]. Col. 2 is uncalibrated antenna temperature [K].
# ENDHEADER
304.544213024 5.61076993083e-05
302.483069074 0.563331803086
300.421925123 1.17558643263
298.360781172 1.7198900693
296.299637222 2.26184386787
294.238493271 2.34657060753
292.177349321 2.47321447513
290.11620537 2.34800856764
288.055061419 3.62781194097
285.993917469 4.21788805388
283.932773518 3.48830398868
281.871629568 5.03491783482
279.810485617 5.86063402525
277.749341666 5.55740991008
275.688197716 6.25144237984
273.627053765 6.17948288756
271.565909815 7.35689123625
269.504765864 7.38059819813
267.443621913 8.02554166179
265.382477963 7.53407992337
263.321334012 8.42534015568
261.260190062 8.69007378046
259.199046111 7.54178777281
257.13790216 9.020913722
255.07675821 8.94676864404
253.015614259 7.77814539832
250.954470309 9.2237078922
248.893326358 10.0278302565
246.832182407 10.3102152524
244.771038457 9.02247735734
242.709894506 9.90655761334
240.648750556 9.18384070138
238.587606605 10.0759281115
236.526462654 11.0459064887
234.465318704 10.4216583704
232.404174753 9.54833773839
230.343030803 11.7155189236
228.281886852 10.2949315758
226.220742901 12.2024027938
224.159598951 12.2782088206
222.098455 13.0522886263
220.03731105 11.2536451369
217.976167099 12.4553510096
215.915023148 13.5526026091
213.853879198 10.8223948193
211.792735247 10.6760300705
209.731591297 12.2567918037
207.670447346 10.9395820587
205.609303395 11.014098483
203.548159445 13.2172486749
201.487015494 11.8146187429
199.425871544 11.5846052047
197.364727593 11.80981447
195.303583642 12.0056791173
193.242439692 11.3140936808
191.181295741 11.4657637094
189.120151791 12.8700495445
187.05900784 12.5692594729
184.997863889 11.2308905932
182.936719939 12.1431389572
180.875575988 12.471322262
178.814432038 11.9990900358
176.753288087 10.4583764092
174.692144136 12.2155009579
172.631000186 10.6372151011
170.569856235 11.0108641162
168.508712285 13.7323959811
166.447568334 12.8252469906
164.386424383 11.1621242682
162.325280433 11.7459948353
160.264136482 9.62586926853
158.202992532 12.033089913
156.141848581 13.188695001
154.08070463 13.1181891306
152.01956068 11.9932123234
149.958416729 11.2222526792
147.897272779 11.7306532669
145.836128828 11.2776100591
143.774984877 13.459062964
141.713840927 13.7459807279
139.652696976 13.6728382181
137.591553026 11.9992055068
135.530409075 10.9333661658
133.469265124 12.970177081
131.408121174 12.9053117619
129.346977223 12.6822720399
127.285833273 13.0893962257
125.224689322 14.3616642949
123.163545371 13.2775240664
121.102401421 13.328694017
119.04125747 12.3392953277
116.98011352 14.0655963387
114.918969569 14.1458456502
112.857825619 11.9836649343
110.796681668 11.2971289235
108.735537717 11.5619334021
106.674393767 13.644780699
104.613249816 11.9276943705
102.552105866 11.5387738922
100.490961915 12.2432316044
98.4298179643 11.7946686682
96.3686740137 12.2824771991
94.3075300631 12.455202041
92.2463861125 13.6734601056
90.1852421619 11.0822845831
88.1240982113 12.2406318448
86.0629542607 13.3662250354
84.0018103101 10.8226235909
81.9406663595 11.2472790111
79.8795224089 13.3710513387
77.8183784583 13.1462343629
75.7572345077 13.08438826
73.6960905571 11.0765170078
71.6349466065 14.2052408652
69.5738026559 13.7675844039
67.5126587053 15.1217568088
65.4515147547 17.3738765477
63.3903708041 18.2471339622
61.3292268535 20.1617748955
59.2680829029 24.1513595361
57.2069389523 24.563369029
55.1457950017 28.7804850149
53.0846510511 29.1055465009
51.0235071005 29.0036789852
48.9623631499 32.190115682
46.9012191993 31.9580748448
44.8400752487 31.5814043637
42.7789312981 32.7669131112
40.7177873475 33.0939856058
38.6566433969 30.933018157
36.5954994464 32.5061776028
34.5343554958 30.8878662695
32.4732115452 29.423887352
30.4120675946 30.8363454675
28.350923644 33.6288605007
26.2897796934 32.1948683227
24.2286357428 32.3753213354
22.1674917922 33.6392014611
20.1063478416 34.1747184717
18.045203891 31.8093543241
15.9840599404 32.607167953
13.9229159898 34.4144066622
11.8617720392 34.493846599
9.80062808857 41.5176052937
7.73948413797 44.2283886514
5.67834018737 41.334839694
3.61719623677 39.2492322177
1.55605228617 33.8254417018
-0.505091664424 29.1057725226
-2.56623561502 23.4328943376
-4.62737956562 19.3596569246
-6.68852351622 18.1027424499
-8.74966746682 16.6699232411
-10.8108114174 14.3086160545
-12.871955368 13.5550392316
-14.9330993186 12.5851440924
-16.9942432692 10.2469698122
-19.0553872198 11.7402993185
-21.1165311704 11.1890671876
-23.177675121 11.4361799285
-25.2388190716 9.80146421023
-27.2999630222 11.1459543473
-29.3611069728 12.1917977177
-31.4222509234 13.0683064793
-33.483394874 12.4782035123
-35.5445388246 13.8097685685
-37.6056827752 12.0224187559
-39.6668267258 15.2853206707
-41.7279706764 13.7900108529
-43.789114627 14.9363169548
-45.8502585776 15.3479204929
-47.9114025282 15.7504452137
-49.9725464788 16.1531197561
-52.0336904294 15.6418017932
-54.09483438 14.0455216616
-56.1559783306 15.0425362568
-58.2171222812 15.7328995484
-60.2782662318 15.5858628896
-62.3394101824 15.6231544549
-64.400554133 14.5477539765
-66.4616980836 14.2216796873
-68.5228420342 10.9955901512
-70.5839859848 11.0874423764
-72.6451299354 7.86960829175
-74.706273886 8.835030562
-76.7674178366 8.22689122172
-78.8285617872 6.87403317727
-80.8897057378 5.13895306695
-82.9508496884 6.45383253491
-85.011993639 5.75991332362
-87.0731375896 4.0951132276
-89.1342815402 5.33866106339
-91.1954254908 3.73761229655
-93.2565694414 3.78474335499
-95.317713392 2.61418091122
-97.3788573426 4.21765075584
-99.4400012932 4.75372281699
-101.501145244 1.94422096605
-103.562289194 1.97047599504
-105.623433145 3.21747813738
-107.684577096 2.37083660257
-109.745721046 4.2641256448
-111.806864997 2.39149296903
-113.868008947 1.10680629666
-115.929152898 1.61120970466
-117.990296849 1.19088352588
-120.051440799 1.47669761219
-122.11258475 1.18669820733
-124.1737287 2.17866107418
-126.234872651 0.743528177923
-128.296016602 0.473838869826
-130.357160552 -0.0060920994023
-132.418304503 2.67528292058
-134.479448453 0.403544191401
-136.540592404 0.162327503179
-138.601736355 1.29795951132
-140.662880305 2.25674657386
-142.724024256 -0.0148692601213
-144.785168206 -2.15609148379
-146.846312157 -0.983715720654
-148.907456108 -1.67735767188
-150.968600058 0.0590196893956
-153.029744009 -1.52826761989
-155.090887959 -0.462109848676
-157.15203191 -1.40475256408
-159.213175861 -1.8465120208
-161.274319811 0.663084965874
-163.335463762 -0.112810634809
-165.396607712 -1.21040112826
-167.457751663 0.668848712942
-169.518895614 -2.92378235054
-171.580039564 -2.17905995408
-173.641183515 -2.16759634822
-175.702327465 -2.04700112736
-177.763471416 -1.05080781646
-179.824615367 -1.49830809081
-181.885759317 -2.73355497902
-183.946903268 -1.72513553591
-186.008047218 -2.91901628032
-188.069191169 -1.08759831308
-190.130335119 -2.06620551578
-192.19147907 -1.29389936635
-194.252623021 -2.41466912934
-196.313766971 -2.19949690552
-198.374910922 -2.14994651521
-200.436054872 -2.31831436611
-202.497198823 -1.92154613195
-204.558342774 -1.13765982937
-206.619486724 -1.66400729956
-208.680630675 -1.81014268561
-210.741774625 -1.31803528357
-212.802918576 0.393439761893
-214.864062527 -0.787623766163
-216.925206477 -0.550772981739
-218.986350428 -0.00416963271332
-221.047494378 0.101438062444
