# BEGINHEADER
# This file contains data from the SALSA 2m radio telescope.
# DATE=2020-05-13T05:12:39.0
# GLON and GLAT given in degrees
# GLON=51.9030389048
# GLAT=0.0353435933927
# DATA in two columns below. Col. 1 is velocity relative to LSR [km/s]. Col. 2 is uncalibrated antenna temperature [K].
# ENDHEADER
304.541957796 0.000482821681082
302.480813845 0.998240345141
300.419669894 1.88077811329
298.358525944 1.33293226869
296.297381993 3.11148193825
294.236238043 2.80004434716
292.175094092 3.13474736051
290.113950141 3.66606473788
288.052806191 3.85880707821
285.99166224 4.21600885212
283.93051829 4.56882506393
281.869374339 5.54066778333
279.808230388 5.77602390369
277.747086438 6.09003350281
275.685942487 6.93625326764
273.624798537 7.37450883256
271.563654586 7.80847221138
269.502510635 8.70936839688
267.441366685 7.33260833375
265.380222734 8.35334286928
263.319078784 8.14621578012
261.257934833 7.99433890817
259.196790882 9.92316409225
257.135646932 11.1579887138
255.074502981 7.74070350293
253.013359031 9.57961465867
250.95221508 10.5901477351
248.891071129 11.1462486324
246.829927179 11.0185799017
244.768783228 10.8998026762
242.707639278 10.3604359053
240.646495327 9.24743732513
238.585351376 12.9968398941
236.524207426 10.1734089806
234.463063475 11.5192660267
232.401919525 12.1084338403
230.340775574 10.2897752274
228.279631623 10.6765664366
226.218487673 12.1402054427
224.157343722 11.6619533703
222.096199772 11.732842708
220.035055821 11.5250335743
217.97391187 12.6127786154
215.91276792 11.6755474256
213.851623969 11.5749842217
211.790480019 11.0084409781
209.729336068 11.7431107015
207.668192117 12.4433883635
205.607048167 12.5526089706
203.545904216 13.1860749513
201.484760266 12.114120233
199.423616315 12.7711795722
197.362472364 13.4285084754
195.301328414 12.5457221713
193.240184463 11.1799578633
191.179040513 11.7312420758
189.117896562 14.2104354342
187.056752611 12.4686861684
184.995608661 11.8070120579
182.93446471 12.9411974941
180.87332076 12.8831818315
178.812176809 12.8224179294
176.751032858 13.093488607
174.689888908 12.9619226645
172.628744957 9.83881860321
170.567601007 12.9278499103
168.506457056 12.2523724528
166.445313105 12.4379156567
164.384169155 12.0758114895
162.323025204 11.8083685592
160.261881254 11.8369386492
158.200737303 13.8870420553
156.139593352 14.8739821098
154.078449402 10.8559373046
152.017305451 10.5800988585
149.956161501 13.4718158931
147.89501755 12.2980281142
145.833873599 10.3973858237
143.772729649 12.4259182715
141.711585698 11.4640570799
139.650441748 12.4372576599
137.589297797 11.6785241282
135.528153847 12.7736875606
133.467009896 12.0745932411
131.405865945 12.4847693398
129.344721995 13.194660591
127.283578044 14.7005602738
125.222434094 14.7174492915
123.161290143 14.4693461104
121.100146192 11.6445103158
119.039002242 10.6634113064
116.977858291 11.7531012048
114.916714341 12.297928285
112.85557039 11.4392051646
110.794426439 11.8893959213
108.733282489 10.2422763172
106.672138538 11.0315819836
104.610994588 11.2312377919
102.549850637 11.9868151913
100.488706686 11.880945578
98.4275627357 13.1305873948
96.3664187851 12.3787755703
94.3052748345 12.1932423029
92.2441308839 11.2737608317
90.1829869333 9.87992998573
88.1218429827 10.3232453632
86.0606990321 12.4131363371
83.9995550815 11.1538769063
81.9384111309 10.4636171882
79.8772671803 12.0539940441
77.8161232297 12.2873925979
75.7549792791 9.21962002377
73.6938353285 11.6528130418
71.6326913779 12.7194175807
69.5715474273 15.5969351121
67.5104034767 15.4482002338
65.4492595262 16.9118317218
63.3881155756 20.8519854721
61.326971625 22.3155870288
59.2658276744 24.1200878744
57.2046837238 26.9435353614
55.1435397732 27.9213586331
53.0823958226 30.9651195648
51.021251872 30.9390825006
48.9601079214 32.5031043617
46.8989639708 34.5762988998
44.8378200202 33.17459825
42.7766760696 33.8377781826
40.715532119 31.6229318873
38.6543881684 31.4618683631
36.5932442178 30.6421140303
34.5321002672 29.7233987264
32.4709563166 28.8896376751
30.409812366 29.1370945694
28.3486684154 31.3966512651
26.2875244648 30.8623874075
24.2263805142 32.6473794152
22.1652365636 34.1174538222
20.104092613 33.9811574609
18.0429486624 32.609725266
15.9818047118 32.5028316024
13.9206607612 33.4915967313
11.8595168106 36.0587661311
9.79837285999 40.93045845
7.73722890939 43.4566985653
5.67608495879 42.2282688625
3.61494100819 37.2621674738
1.55379705759 33.3149923722
-0.507346893006 27.6890851515
-2.5684908436 22.9072302563
-4.6296347942 18.9694081078
-6.6907787448 17.2345920806
-8.7519226954 14.3070435741
-10.813066646 13.084271389
-12.8742105966 11.9021244998
-14.9353545472 12.2235658453
-16.9964984978 11.3812491983
-19.0576424484 8.48488229879
-21.118786399 8.96467392807
-23.1799303496 9.22128398414
-25.2410743002 11.2073995362
-27.3022182508 9.51293377762
-29.3633622014 9.15744084919
-31.424506152 10.941462975
-33.4856501026 12.5274398611
-35.5467940532 9.5255438336
-37.6079380038 13.2519207861
-39.6690819544 13.6741896397
-41.730225905 10.8369645715
-43.7913698556 13.7925615495
-45.8525138062 13.3906790166
-47.9136577568 14.1479380003
-49.9748017074 14.44315031
-52.035945658 13.6777963106
-54.0970896086 13.6562138853
-56.1582335592 13.7244195927
-58.2193775098 11.1474615516
-60.2805214604 10.7232232279
-62.341665411 11.863893565
-64.4028093616 11.7677769456
-66.4639533122 10.4898007021
-68.5250972628 8.76060022301
-70.5862412134 8.71539815069
-72.647385164 6.14007432417
-74.7085291146 5.97927877209
-76.7696730652 5.92200538461
-78.8308170158 5.10209685943
-80.8919609664 5.14554531291
-82.953104917 4.56571944051
-85.0142488676 3.62537538675
-87.0753928181 2.83869789354
-89.1365367687 2.75279190056
-91.1976807193 1.48295777518
-93.2588246699 1.66914217907
-95.3199686205 1.41487290093
-97.3811125711 1.70485431385
-99.4422565217 2.43605109797
-101.503400472 -0.129746021998
-103.564544423 2.02632481689
-105.625688374 1.72621516714
-107.686832324 -0.834068808215
-109.747976275 1.00461849821
-111.809120225 0.819360378851
-113.870264176 0.614425215295
-115.931408127 0.527827970117
-117.992552077 0.917964825904
-120.053696028 -1.03612423453
-122.114839978 -0.581355998791
-124.175983929 0.451407032589
-126.23712788 -1.49705231914
-128.29827183 0.362160658833
-130.359415781 -0.0171422841253
-132.420559731 1.05752689746
-134.481703682 -1.18050458799
-136.542847633 -2.40463929132
-138.603991583 -2.6716393143
-140.665135534 -2.05789701129
-142.726279484 -1.03470329087
-144.787423435 -1.11946473462
-146.848567386 -0.487360201123
-148.909711336 -1.69185232897
-150.970855287 -2.83304917307
-153.031999237 -2.38944640854
-155.093143188 -0.261819453359
-157.154287139 -1.2101927096
-159.215431089 -1.25711569847
-161.27657504 -1.78044809652
-163.33771899 -0.823826492106
-165.398862941 -1.67143688117
-167.460006891 -1.81014069633
-169.521150842 -3.61222244313
-171.582294793 -3.23319778266
-173.643438743 -2.60254270053
-175.704582694 -1.25861574036
-177.765726644 -2.36767102265
-179.826870595 -3.56563833226
-181.888014546 -2.4321055323
-183.949158496 -1.45496583368
-186.010302447 -4.16416053597
-188.071446397 -3.25402270149
-190.132590348 -2.3821559
-192.193734299 -2.63082944271
-194.254878249 -2.82755730732
-196.3160222 -2.78676375974
-198.37716615 -2.54014957721
-200.438310101 -2.31771382781
-202.499454052 -2.00943699898
-204.560598002 -2.02582440657
-206.621741953 -1.83883650461
-208.682885903 -1.55369439448
-210.744029854 -1.35898846856
-212.805173805 -0.82610634847
-214.866317755 -1.10259799037
-216.927461706 -0.504311232738
-218.988605656 0.149101449833
-221.049749607 -0.532236952481
