# BEGINHEADER
# This file contains data from the SALSA 2m radio telescope.
# DATE=2020-05-13T06:36:57.0
# GLON and GLAT given in degrees
# GLON=57.8873145998
# GLAT=-0.82881178089
# DATA in two columns below. Col. 1 is velocity relative to LSR [km/s]. Col. 2 is uncalibrated antenna temperature [K].
# ENDHEADER
304.149004969 0.000151163043191
302.087861018 0.818652800776
300.026717068 1.27853972814
297.965573117 0.915836390105
295.904429167 1.88745998265
293.843285216 3.07328022994
291.782141265 3.09181341707
289.720997315 3.22090720576
287.659853364 2.94106896783
285.598709414 3.77365966017
283.537565463 5.02424917305
281.476421512 4.6473995776
279.415277562 5.76043452768
277.354133611 6.09276332344
275.292989661 5.62397575036
273.23184571 6.70720433518
271.170701759 6.84536862241
269.109557809 6.67400304022
267.048413858 7.29047238906
264.987269908 6.33172634568
262.926125957 6.8690002158
260.864982007 8.45799729438
258.803838056 8.78954533186
256.742694105 7.31205534265
254.681550155 9.83441960513
252.620406204 9.76188665506
250.559262254 7.74413689067
248.498118303 10.4972072568
246.436974352 9.09912463499
244.375830402 10.2970701842
242.314686451 8.54291237264
240.253542501 11.181871718
238.19239855 9.72489770186
236.131254599 8.70621313544
234.070110649 8.86501234832
232.008966698 10.856341492
229.947822748 10.4030014439
227.886678797 11.4638686791
225.825534846 11.8995636594
223.764390896 9.52648952436
221.703246945 9.79608638032
219.642102995 9.81049692482
217.580959044 10.3568698435
215.519815093 10.6714456778
213.458671143 10.9754614563
211.397527192 10.9021884891
209.336383242 8.984755127
207.275239291 10.8938454919
205.21409534 9.4387296364
203.15295139 10.9846778717
201.091807439 10.7851762561
199.030663489 11.4986481111
196.969519538 10.4551528018
194.908375587 10.748958251
192.847231637 11.2325054728
190.786087686 12.4278911732
188.724943736 12.8676770993
186.663799785 11.0577157133
184.602655834 11.7314152379
182.541511884 10.1381285749
180.480367933 12.717258839
178.419223983 10.1390549741
176.358080032 12.6386211703
174.296936081 12.5622412497
172.235792131 12.3519622394
170.17464818 12.7135931415
168.11350423 10.9210029378
166.052360279 11.7401695035
163.991216328 12.230076847
161.930072378 13.0508131153
159.868928427 12.0153918777
157.807784477 12.6347843553
155.746640526 10.4340132463
153.685496575 12.4131307224
151.624352625 11.37955613
149.563208674 13.3862735624
147.502064724 13.1758232471
145.440920773 10.794731313
143.379776822 9.93744213205
141.318632872 10.3152467188
139.257488921 11.6488257846
137.196344971 12.5315050487
135.13520102 12.4864851468
133.074057069 12.6674719886
131.012913119 12.7615063354
128.951769168 13.8025062572
126.890625218 11.105619081
124.829481267 12.0914324084
122.768337316 12.3119043288
120.707193366 11.7706327929
118.646049415 10.0170155069
116.584905465 12.4174158876
114.523761514 9.67003974181
112.462617563 11.8932362172
110.401473613 11.4072910791
108.340329662 11.0908110286
106.279185712 12.2385728304
104.218041761 13.0374564954
102.15689781 11.0037965839
100.09575386 10.7081765875
98.0346099092 9.96757511691
95.9734659586 10.7574966788
93.912322008 10.7939891401
91.8511780574 11.0047573273
89.7900341068 12.0866569031
87.7288901562 12.1050784481
85.6677462056 10.9350983695
83.606602255 10.4158582471
81.5454583044 12.9945385623
79.4843143538 10.2482387225
77.4231704032 11.9090233526
75.3620264526 11.3874871992
73.300882502 12.6758251027
71.2397385514 10.0477896114
69.1785946008 13.3972804782
67.1174506502 13.3107099696
65.0563066996 11.9783463285
62.995162749 12.3992414873
60.9340187984 13.2935836227
58.8728748478 12.8333523639
56.8117308972 13.3247175046
54.7505869466 15.4686690226
52.689442996 15.9248935613
50.6282990454 17.6450502896
48.5671550948 18.8142935507
46.5060111442 19.776577457
44.4448671936 20.7019147739
42.383723243 22.1174474898
40.3225792925 23.2878462679
38.2614353419 24.8991157778
36.2002913913 29.1813485693
34.1391474407 30.4180938587
32.0780034901 32.4025961898
30.0168595395 32.7142356113
27.9557155889 33.7005226157
25.8945716383 34.9588669895
23.8334276877 33.5540551484
21.7722837371 33.8417658082
19.7111397865 35.8650212175
17.6499958359 37.2957089255
15.5888518853 37.2852989363
13.5277079347 38.1495546103
11.4665639841 42.3079673043
9.40542003347 45.1136751182
7.34427608287 44.7121729777
5.28313213227 43.4162248167
3.22198818167 37.607722495
1.16084423108 32.6979600115
-0.900299719523 29.3987816914
-2.96144367012 27.8543100235
-5.02258762072 22.400458018
-7.08373157132 22.6913454192
-9.14487552192 20.2448860454
-11.2060194725 18.0869660573
-13.2671634231 16.0194089236
-15.3283073737 15.7477217044
-17.3894513243 15.0160075778
-19.4505952749 16.0685249484
-21.5117392255 14.1850203581
-23.5728831761 13.5309364479
-25.6340271267 11.9360678331
-27.6951710773 10.7198048353
-29.7563150279 10.8732339949
-31.8174589785 7.84698389486
-33.8786029291 9.72546670371
-35.9397468797 11.0401746276
-38.0008908303 11.3322418516
-40.0620347809 10.6611548767
-42.1231787315 9.0972576907
-44.1843226821 10.1315076067
-46.2454666327 11.8930571391
-48.3066105833 13.2759227859
-50.3677545339 15.982530908
-52.4288984845 14.6285266492
-54.4900424351 15.5039099503
-56.5511863857 16.8032905702
-58.6123303363 17.015428245
-60.6734742869 17.2585388925
-62.7346182375 17.8268597697
-64.7957621881 17.7768375634
-66.8569061387 16.7055081739
-68.9180500893 15.5232504099
-70.9791940399 12.2200743792
-73.0403379905 13.0145667513
-75.1014819411 12.4003292931
-77.1626258917 11.6646441739
-79.2237698423 9.76757694356
-81.2849137929 9.0466401756
-83.3460577435 9.14015551593
-85.4072016941 6.61528968539
-87.4683456447 6.77654343077
-89.5294895953 6.69658006354
-91.5906335459 6.2306921844
-93.6517774965 7.62022634083
-95.7129214471 5.93108293617
-97.7740653977 5.14912527823
-99.8352093483 5.09109475708
-101.896353299 4.10215948889
-103.957497249 2.72609840434
-106.0186412 2.95780050945
-108.079785151 2.04571487955
-110.140929101 0.63247427341
-112.202073052 1.6051590389
-114.263217002 1.62980981646
-116.324360953 1.14696939323
-118.385504904 2.06700243853
-120.446648854 1.90378666129
-122.507792805 -0.0437966705344
-124.568936755 1.32679157555
-126.630080706 0.599502648927
-128.691224657 1.35718552994
-130.752368607 -0.526631855796
-132.813512558 1.27068697378
-134.874656508 0.497219542973
-136.935800459 0.541871148699
-138.99694441 0.724729667519
-141.05808836 0.713742930412
-143.119232311 1.70767063911
-145.180376261 0.707442287915
-147.241520212 1.19166903414
-149.302664163 -1.28279260784
-151.363808113 -0.706416360517
-153.424952064 0.376979762779
-155.486096014 0.0997744883439
-157.547239965 -2.4264104888
-159.608383916 -1.65217258328
-161.669527866 0.209751449506
-163.730671817 -1.32211249597
-165.791815767 -3.03119573693
-167.852959718 -0.52176702282
-169.914103669 -1.04155920684
-171.975247619 -0.368977528129
-174.03639157 -2.04144992332
-176.09753552 -0.323997431861
-178.158679471 -1.49716446833
-180.219823422 -1.62958296464
-182.280967372 -2.94935812974
-184.342111323 -1.35623350502
-186.403255273 -2.35648603531
-188.464399224 -2.41094855487
-190.525543175 -2.49445386395
-192.586687125 -1.36782222359
-194.647831076 -1.65521289893
-196.708975026 -1.79042601891
-198.770118977 -1.24127989218
-200.831262928 -2.18421658736
-202.892406878 -1.9474468658
-204.953550829 -2.33074057158
-207.014694779 -0.676415104121
-209.07583873 -1.32164881112
-211.136982681 -0.406558567737
-213.198126631 -0.180247319537
-215.259270582 0.306871391172
-217.320414532 0.339577912047
-219.381558483 -0.548318191605
-221.442702434 -0.552616950117
