# BEGINHEADER
# This file contains data from the SALSA 2m radio telescope.
# DATE=2020-05-13T06:39:03.0
# GLON and GLAT given in degrees
# GLON=62.8730730261
# GLAT=1.16192180462
# DATA in two columns below. Col. 1 is velocity relative to LSR [km/s]. Col. 2 is uncalibrated antenna temperature [K].
# ENDHEADER
302.903990836 -9.97201227335e-06
300.842846885 0.230033200187
298.781702935 1.20426531894
296.720558984 2.03751441427
294.659415034 2.29839897744
292.598271083 2.43227410479
290.537127132 2.39804243049
288.475983182 3.28363325414
286.414839231 3.34307004917
284.353695281 4.20010024284
282.29255133 3.73674112031
280.231407379 5.79851671808
278.170263429 5.20055234683
276.109119478 5.13589542224
274.047975528 5.38428640756
271.986831577 6.04393355254
269.925687627 7.27304065117
267.864543676 6.79448533227
265.803399725 8.08024506371
263.742255775 8.16019952579
261.681111824 6.88134457169
259.619967874 6.79171775929
257.558823923 7.9363414257
255.497679972 6.89486839491
253.436536022 9.53691182953
251.375392071 7.60889382916
249.314248121 9.04372404289
247.25310417 9.25042469884
245.191960219 7.46554532626
243.130816269 9.55524536243
241.069672318 10.1144275337
239.008528368 11.3043620277
236.947384417 9.62697143312
234.886240466 10.2792440147
232.825096516 11.1149952411
230.763952565 10.1801113208
228.702808615 10.7781877066
226.641664664 9.30439390477
224.580520713 10.1296457366
222.519376763 10.2943470954
220.458232812 11.1615142833
218.397088862 10.6856312397
216.335944911 10.5260958706
214.27480096 11.5981010546
212.21365701 9.32782542024
210.152513059 11.0170340655
208.091369109 12.0963598645
206.030225158 11.1885157073
203.969081207 10.5979208792
201.907937257 11.7445500488
199.846793306 10.8304763215
197.785649356 8.84236050719
195.724505405 12.4020323419
193.663361454 11.0626920477
191.602217504 10.2710185701
189.541073553 9.99172961571
187.479929603 12.7485698105
185.418785652 11.9636358268
183.357641701 10.2026596776
181.296497751 11.3605012276
179.2353538 13.0287040364
177.17420985 11.2012876386
175.113065899 13.3002864564
173.051921948 11.9299341233
170.990777998 10.8765991014
168.929634047 11.446478657
166.868490097 10.5146315782
164.807346146 10.7810735484
162.746202195 10.4063008702
160.685058245 13.0411969754
158.623914294 10.2843258088
156.562770344 10.0922471836
154.501626393 12.0416360765
152.440482442 9.4912113345
150.379338492 11.479071665
148.318194541 11.5307551214
146.257050591 11.2027984297
144.19590664 12.6454279457
142.134762689 9.47578337754
140.073618739 12.8975312688
138.012474788 10.9788023569
135.951330838 11.365033534
133.890186887 12.4179346616
131.829042936 11.0345999847
129.767898986 10.282193398
127.706755035 11.6248459344
125.645611085 11.7117873212
123.584467134 10.6664517553
121.523323183 11.8076218803
119.462179233 12.6348284475
117.401035282 13.7352571805
115.339891332 11.238349646
113.278747381 11.830568329
111.21760343 13.3247057971
109.15645948 11.692232058
107.095315529 11.3168695859
105.034171579 11.1326152963
102.973027628 9.72594623467
100.911883677 13.1492736475
98.8507397268 12.3288779047
96.7895957762 9.91572545298
94.7284518256 11.8752481268
92.667307875 12.2391330854
90.6061639244 11.7179611863
88.5450199738 9.04256750448
86.4838760232 10.3760236653
84.4227320726 12.0113241754
82.361588122 11.1658811496
80.3004441714 10.358360847
78.2393002208 9.81313231516
76.1781562702 11.1062951043
74.1170123196 11.1732068384
72.055868369 10.6035240055
69.9947244184 10.4997967343
67.9335804678 10.4494661313
65.8724365172 10.3699239775
63.8112925666 11.9221947159
61.750148616 11.1561459336
59.6890046654 13.1767986636
57.6278607148 12.148854351
55.5667167642 11.2325045413
53.5055728136 12.6978563356
51.444428863 12.3231292817
49.3832849124 13.8785223621
47.3221409618 13.2390330046
45.2609970113 13.2192966402
43.1998530607 13.4458949653
41.1387091101 14.5749078589
39.0775651595 17.5746154231
37.0164212089 16.7933547613
34.9552772583 17.8715643234
32.8941333077 19.9582412041
30.8329893571 21.7657540713
28.7718454065 24.4312536032
26.7107014559 26.2502508298
24.6495575053 28.4302807492
22.5884135547 29.2828870668
20.5272696041 30.7957020887
18.4661256535 32.4323068209
16.4049817029 33.0099339896
14.3438377523 33.5214624054
12.2826938017 38.1327161855
10.2215498511 40.4564256429
8.16040590048 43.9810493773
6.09926194988 43.6006775666
4.03811799928 41.8782793355
1.97697404868 37.0009450896
-0.0841699019194 31.1562064483
-2.14531385252 27.4806913214
-4.20645780312 22.9048008559
-6.26760175372 20.4961826603
-8.32874570431 19.5183835877
-10.3898896549 17.1340702745
-12.4510336055 16.7292384954
-14.5121775561 16.440138029
-16.5733215067 16.1565605849
-18.6344654573 13.855725209
-20.6956094079 13.4987048729
-22.7567533585 14.0425310395
-24.8178973091 11.6733895498
-26.8790412597 10.1657628059
-28.9401852103 11.4497949298
-31.0013291609 10.0055937558
-33.0624731115 12.5238416885
-35.1236170621 10.5543314308
-37.1847610127 9.84414014761
-39.2459049633 10.1018896382
-41.3070489139 9.23794523799
-43.3681928645 10.3507958585
-45.4293368151 10.0777266057
-47.4904807657 10.4111069721
-49.5516247163 8.96155734368
-51.6127686669 9.86095929856
-53.6739126175 11.4363469972
-55.7350565681 12.0479085909
-57.7962005187 15.1747513262
-59.8573444693 15.8504049456
-61.9184884199 15.9809092828
-63.9796323705 18.1812825065
-66.0407763211 18.8212110228
-68.1019202717 16.7876894849
-70.1630642223 16.3297364186
-72.2242081729 18.6659343411
-74.2853521235 17.1173569311
-76.3464960741 14.0664334976
-78.4076400247 13.4940912765
-80.4687839753 12.2371809316
-82.5299279259 10.9721388447
-84.5910718765 9.97909706646
-86.6522158271 9.12285414675
-88.7133597777 8.91401963591
-90.7745037283 9.02558396
-92.8356476789 7.4865842637
-94.8967916295 5.29943243296
-96.9579355801 6.33241928324
-99.0190795307 4.04033957685
-101.080223481 5.72251684938
-103.141367432 4.51178195407
-105.202511382 5.08205705083
-107.263655333 4.31354226007
-109.324799284 3.93288222339
-111.385943234 2.4684775584
-113.447087185 2.82683535925
-115.508231135 2.71533640632
-117.569375086 2.79997832131
-119.630519037 2.0766868014
-121.691662987 1.39717486484
-123.752806938 1.3580922399
-125.813950888 2.17191674122
-127.875094839 1.90768916545
-129.93623879 0.845013873093
-131.99738274 1.47025015632
-134.058526691 0.44098078965
-136.119670641 0.969376264793
-138.180814592 1.67524889808
-140.241958543 2.01233855945
-142.303102493 0.477608640649
-144.364246444 0.269272645816
-146.425390394 -0.411582283315
-148.486534345 1.4046570056
-150.547678296 0.164449872822
-152.608822246 -1.24246374075
-154.669966197 -0.356058022837
-156.731110147 0.0574454893821
-158.792254098 0.256663900435
-160.853398049 -1.17739438556
-162.914541999 -1.06670836253
-164.97568595 -1.34497308723
-167.0368299 -1.56020046889
-169.097973851 -1.66132503112
-171.159117802 -0.802151790775
-173.220261752 -3.33120352331
-175.281405703 -1.80571276626
-177.342549653 -1.58159829701
-179.403693604 -1.6013605267
-181.464837555 -0.417013886096
-183.525981505 -1.10103709315
-185.587125456 -1.07963550922
-187.648269406 -1.85274161801
-189.709413357 -0.967458562063
-191.770557308 -1.23848590031
-193.831701258 -1.21062700312
-195.892845209 -1.10719727849
-197.953989159 -2.37029152828
-200.01513311 -1.70246190848
-202.076277061 -0.987980791588
-204.137421011 -2.49015568455
-206.198564962 -1.42263310747
-208.259708912 -0.764157506538
-210.320852863 -1.29253840272
-212.381996814 -0.585649214981
-214.443140764 -0.987788115611
-216.504284715 -0.0976155893534
-218.565428665 -0.487962411271
-220.626572616 0.247795025952
-222.687716567 0.970634863879
