# BEGINHEADER
# This file contains data from the SALSA 2m radio telescope.
# DATE=2020-05-13T06:40:48.0
# GLON and GLAT given in degrees
# GLON=62.8582225992
# GLAT=-0.830838478367
# DATA in two columns below. Col. 1 is velocity relative to LSR [km/s]. Col. 2 is uncalibrated antenna temperature [K].
# ENDHEADER
303.352453317 -8.03409616271e-05
301.291309366 0.157453393617
299.230165416 1.22455136307
297.169021465 1.56404775401
295.107877514 1.40412948491
293.046733564 2.23563392174
290.985589613 3.02269956748
288.924445663 3.49931815724
286.863301712 3.46252264929
284.802157761 4.26198985956
282.741013811 3.59109097483
280.67986986 4.65447817744
278.61872591 4.60924618374
276.557581959 5.0100197741
274.496438008 6.47126221386
272.435294058 6.09794361413
270.374150107 6.47543638846
268.313006157 6.76006181917
266.251862206 7.26520440198
264.190718255 7.099633212
262.129574305 6.08448090571
260.068430354 8.23452584471
258.007286404 7.74131159066
255.946142453 7.65463642527
253.884998502 8.53755752661
251.823854552 8.59014861985
249.762710601 9.06558509088
247.701566651 8.99408744857
245.6404227 9.13812265357
243.579278749 9.51001539877
241.518134799 8.65624293087
239.456990848 10.3201724242
237.395846898 8.65786212102
235.334702947 8.51633430037
233.273558996 9.66949175824
231.212415046 9.83343728212
229.151271095 10.9483202113
227.090127145 10.5440146555
225.028983194 9.25761477706
222.967839243 10.7858932317
220.906695293 11.9957490274
218.845551342 10.3733921169
216.784407392 10.0970729651
214.723263441 9.97913937475
212.66211949 11.2457585379
210.60097554 10.7034488636
208.539831589 9.83462967343
206.478687639 10.4720669998
204.417543688 11.2782811953
202.356399737 10.6906022313
200.295255787 12.8247397515
198.234111836 10.3322285576
196.172967886 12.5493346929
194.111823935 12.2063915358
192.050679984 10.6797028153
189.989536034 9.6126592251
187.928392083 11.1849903413
185.867248133 10.9126691739
183.806104182 11.4011586939
181.744960231 12.694763538
179.683816281 10.6214684083
177.62267233 10.5460067925
175.56152838 10.2814957907
173.500384429 10.7808252845
171.439240478 11.2229731538
169.378096528 11.9201552758
167.316952577 10.9915191751
165.255808627 12.180033525
163.194664676 11.9214443397
161.133520725 10.3199811868
159.072376775 12.2327693961
157.011232824 11.5792388799
154.950088874 10.976866632
152.888944923 11.4277146482
150.827800972 11.3943791915
148.766657022 9.65742824034
146.705513071 11.4514136481
144.644369121 11.7950665034
142.58322517 10.7590202586
140.522081219 11.5050331678
138.460937269 11.2806534162
136.399793318 10.1873026714
134.338649368 12.7624840203
132.277505417 12.1595313017
130.216361466 11.106236878
128.155217516 11.4133852555
126.094073565 9.28229127602
124.032929615 12.0360837513
121.971785664 10.7025785055
119.910641713 10.5130159041
117.849497763 12.0670341191
115.788353812 12.1831295858
113.727209862 11.9726023369
111.666065911 9.97810203212
109.60492196 11.3938550389
107.54377801 11.1366252505
105.482634059 11.0480899714
103.421490109 12.0436170765
101.360346158 12.0809966372
99.2992022075 12.1689809566
97.2380582569 12.9826702361
95.1769143063 13.291584695
93.1157703557 11.6877423462
91.0546264051 11.519258319
88.9934824545 10.5056967552
86.9323385039 12.7297902138
84.8711945533 12.2198745386
82.8100506027 11.8357462224
80.7489066521 10.6755518384
78.6877627015 9.80403949492
76.6266187509 11.3643850266
74.5654748003 9.49531823522
72.5043308497 10.6417619102
70.4431868991 11.5121404419
68.3820429485 11.2024868695
66.3208989979 11.5273064624
64.2597550473 10.9056153676
62.1986110967 10.8824043416
60.1374671461 11.5430642872
58.0763231955 12.6392046245
56.0151792449 12.6830677187
53.9540352943 10.7625822854
51.8928913437 10.5979640158
49.8317473931 13.0963525006
47.7706034425 12.3199713473
45.7094594919 13.2510150852
43.6483155413 14.480179693
41.5871715907 14.5280434343
39.5260276401 17.4305235852
37.4648836895 18.0401075955
35.4037397389 21.0686978297
33.3425957883 22.8730542379
31.2814518378 21.4201674959
29.2203078872 25.6668950842
27.1591639366 28.9352908509
25.098019986 30.7726678729
23.0368760354 33.5797395737
20.9757320848 36.6299487294
18.9145881342 36.6788677616
16.8534441836 37.878098887
14.792300233 39.9803821446
12.7311562824 40.6807769105
10.6700123318 42.7133339361
8.60886838117 48.3240102535
6.54772443057 48.9244243573
4.48658047997 45.7066618288
2.42543652937 42.0596475264
0.364292578771 36.3675436154
-1.69685137183 31.8687209402
-3.75799532243 26.3748113072
-5.81913927302 24.239556765
-7.88028322362 22.495264171
-9.94142717422 18.5446433273
-12.0025711248 19.387864331
-14.0637150754 18.0911246357
-16.124859026 17.9850055508
-18.1860029766 16.1961262663
-20.2471469272 15.9106060702
-22.3082908778 14.3245410353
-24.3694348284 13.0603420763
-26.430578779 13.4688773121
-28.4917227296 13.3746328791
-30.5528666802 10.8635370502
-32.6140106308 11.4664928802
-34.6751545814 11.0374425202
-36.736298532 11.503802527
-38.7974424826 11.4083241356
-40.8585864332 8.76710947557
-42.9197303838 9.86792340525
-44.9808743344 10.3089145804
-47.042018285 10.9400514613
-49.1031622356 10.9650319852
-51.1643061862 12.3626323102
-53.2254501368 11.0151077388
-55.2865940874 13.5437854262
-57.347738038 14.3546983668
-59.4088819886 16.5349546749
-61.4700259392 19.1650245523
-63.5311698898 20.3303487678
-65.5923138404 21.0412980142
-67.653457791 19.7145363383
-69.7146017416 18.7129727767
-71.7757456922 18.8543509017
-73.8368896428 17.7710285352
-75.8980335934 15.9339191469
-77.959177544 12.7648207686
-80.0203214946 10.824054076
-82.0814654452 11.2192912991
-84.1426093958 8.15081552126
-86.2037533464 6.09867261
-88.264897297 6.5257685748
-90.3260412476 7.61002543664
-92.3871851982 5.32314011768
-94.4483291488 7.19014644486
-96.5094730994 5.37952585091
-98.57061705 3.51029314119
-100.631761001 6.09039916818
-102.692904951 4.90171082251
-104.754048902 2.56741403713
-106.815192852 3.71550516123
-108.876336803 3.34401512189
-110.937480754 2.79330491501
-112.998624704 3.49057830161
-115.059768655 2.25381270776
-117.120912605 1.32760650323
-119.182056556 2.55778174392
-121.243200507 2.63297745043
-123.304344457 1.57312792405
-125.365488408 1.69396904384
-127.426632358 0.894947202051
-129.487776309 -0.347116751433
-131.54892026 1.83231531338
-133.61006421 0.217907880617
-135.671208161 -0.0253773193747
-137.732352111 -0.0591753572311
-139.793496062 -1.25639778911
-141.854640013 -0.236505121245
-143.915783963 1.06105012978
-145.976927914 -0.329367773165
-148.038071864 -0.418260963185
-150.099215815 -1.73264647948
-152.160359766 -0.424377765742
-154.221503716 0.578832299424
-156.282647667 -0.200407408703
-158.343791617 -0.667540423032
-160.404935568 -1.15675145731
-162.466079519 -1.82507653358
-164.527223469 -1.24726394986
-166.58836742 0.0335929211743
-168.64951137 -1.83244858692
-170.710655321 -1.61645061483
-172.771799272 -1.37196872425
-174.832943222 -2.23442217855
-176.894087173 -2.24638752615
-178.955231123 -1.38462253078
-181.016375074 -1.18325670504
-183.077519025 -1.90939800538
-185.138662975 -2.7559542203
-187.199806926 -3.21868472882
-189.260950876 -2.45982833779
-191.322094827 -2.01173429051
-193.383238778 -1.68328762233
-195.444382728 -2.80710773745
-197.505526679 -2.26490559726
-199.566670629 -2.63519538724
-201.62781458 -1.19171678994
-203.68895853 -2.06764570505
-205.750102481 -0.903562041323
-207.811246432 -1.62209450687
-209.872390382 -1.21276061189
-211.933534333 -1.15706495078
-213.994678283 -0.77590743925
-216.055822234 -0.815229657023
-218.116966185 -0.378708905627
-220.178110135 -0.306120668537
-222.239254086 0.224832181916
