# BEGINHEADER
# This file contains data from the SALSA 2m radio telescope.
# DATE=2020-05-13T05:17:34.0
# GLON and GLAT given in degrees
# GLON=66.7215344346
# GLAT=-0.0822206969963
# DATA in two columns below. Col. 1 is velocity relative to LSR [km/s]. Col. 2 is uncalibrated antenna temperature [K].
# ENDHEADER
302.376529318 0.000443616433949
300.315385367 0.824522665184
298.254241417 1.13645364836
296.193097466 1.15059944051
294.131953515 2.19138281309
292.070809565 3.04564471724
290.009665614 3.81386981578
287.948521664 4.27440711067
285.887377713 3.97276170188
283.826233762 4.2391516054
281.765089812 4.24407865815
279.703945861 5.37980443747
277.642801911 5.32379560873
275.58165796 6.41757253219
273.520514009 5.87103782071
271.459370059 6.95224290458
269.398226108 6.77811418888
267.337082158 8.03204677413
265.275938207 7.804729023
263.214794256 9.16935203305
261.153650306 7.12909886665
259.092506355 11.4434643452
257.031362405 9.0399339691
254.970218454 9.64878510652
252.909074503 10.156451658
250.847930553 11.2712183113
248.786786602 12.0432311626
246.725642652 10.3683164587
244.664498701 10.7447219739
242.60335475 12.2811409562
240.5422108 11.5254829
238.481066849 10.5971564751
236.419922899 11.6233100205
234.358778948 11.7748426743
232.297634997 12.0345858961
230.236491047 12.6284207984
228.175347096 10.8751657384
226.114203146 11.6821939556
224.053059195 11.459133966
221.991915244 11.7459918533
219.930771294 11.4281605634
217.869627343 12.7315884501
215.808483393 9.91794863929
213.747339442 11.3110212134
211.686195491 10.7289675533
209.625051541 11.7771325794
207.56390759 12.8729704684
205.50276364 10.3207529405
203.441619689 11.1163634588
201.380475738 11.0970240627
199.319331788 11.9681610878
197.258187837 12.8110388964
195.197043887 12.0084291259
193.135899936 13.0904723389
191.074755985 11.2880067501
189.013612035 11.5549977189
186.952468084 12.3784952166
184.891324134 13.4427824621
182.830180183 12.5330719012
180.769036232 11.6649486959
178.707892282 12.0813881842
176.646748331 13.365682594
174.585604381 11.1016171476
172.52446043 11.9712322218
170.463316479 11.6052610971
168.402172529 12.1492246043
166.341028578 12.3056297081
164.279884628 11.7319209851
162.218740677 10.8547263954
160.157596726 11.1254258512
158.096452776 12.4769862018
156.035308825 11.6236978311
153.974164875 13.896720729
151.913020924 13.5240934577
149.851876973 11.9158133755
147.790733023 12.5395089228
145.729589072 12.3225313531
143.668445122 12.2512472022
141.607301171 11.5985286408
139.54615722 11.887760923
137.48501327 12.716018484
135.423869319 11.7199306887
133.362725369 11.658375496
131.301581418 12.300742152
129.240437467 12.3625458617
127.179293517 10.7476261092
125.118149566 11.3000340043
123.057005616 11.842843655
120.995861665 12.3402552609
118.934717714 10.9985842372
116.873573764 11.931319253
114.812429813 12.5489826063
112.751285863 10.9619388332
110.690141912 11.6095003029
108.628997961 10.6459624709
106.567854011 12.6542941285
104.50671006 12.7605846158
102.44556611 12.5379627233
100.384422159 11.9117095194
98.3232782085 12.0518539645
96.2621342579 11.3463119413
94.2009903073 12.1532852639
92.1398463567 10.4665428751
90.0787024061 9.88392230718
88.0175584555 9.83057860704
85.9564145049 11.4109083317
83.8952705543 11.0441362132
81.8341266037 11.0600713135
79.7729826531 9.06784400353
77.7118387025 12.2767732196
75.6506947519 9.98928262335
73.5895508013 9.76065445086
71.5284068507 10.6204718181
69.4672629001 10.4869892286
67.4061189495 11.0143123375
65.3449749989 10.8686970976
63.2838310483 11.335130072
61.2226870977 10.2869329018
59.1615431471 11.5162576811
57.1003991965 12.1539732071
55.0392552459 9.8360101901
52.9781112953 11.6875581384
50.9169673447 10.780896465
48.8558233941 10.6667593402
46.7946794435 10.9194016577
44.7335354929 11.5332473065
42.6723915423 10.6535297131
40.6112475917 11.8490633556
38.5501036411 11.9462689283
36.4889596905 11.8513496239
34.4278157399 10.4574249869
32.3666717893 12.8716124177
30.3055278387 14.7284192293
28.2443838881 16.3266525793
26.1832399375 17.5866290135
24.1220959869 21.3871574213
22.0609520363 25.8759397542
19.9998080857 28.9297187047
17.9386641351 33.5701795973
15.8775201846 38.0591036589
13.816376234 42.624560783
11.7552322834 48.4932828174
9.69408833275 49.2557415447
7.63294438216 54.4845416192
5.57180043156 52.3964448609
3.51065648096 51.5565875892
1.44951253036 47.3861015715
-0.611631420239 42.1364943434
-2.67277537084 35.5866447128
-4.73391932144 30.2347754949
-6.79506327203 25.8426345859
-8.85620722263 24.0401545975
-10.9173511732 19.7453815766
-12.9784951238 20.4238340774
-15.0396390744 18.0468452596
-17.100783025 16.9266102319
-19.1619269756 16.884986385
-21.2230709262 16.4900017476
-23.2842148768 15.5938414194
-25.3453588274 13.6644913983
-27.406502778 12.4987326676
-29.4676467286 10.9865683585
-31.5287906792 10.7446099122
-33.5899346298 10.4458021831
-35.6510785804 10.2284556841
-37.712222531 7.42158066655
-39.7733664816 8.848839169
-41.8345104322 8.51380187474
-43.8956543828 9.07011949403
-45.9567983334 8.5075806641
-48.017942284 9.48885919403
-50.0790862346 9.73024834685
-52.1402301852 10.6373792959
-54.2013741358 10.2839569763
-56.2625180864 9.76662749191
-58.323662037 12.9688745123
-60.3848059876 14.6573012796
-62.4459499382 16.9946766938
-64.5070938888 16.395101039
-66.5682378394 16.3822263082
-68.62938179 18.9656794989
-70.6905257406 17.5465794409
-72.7516696912 17.6077574584
-74.8128136418 14.5443735325
-76.8739575924 11.952126567
-78.935101543 11.2082062856
-80.9962454936 7.13976654041
-83.0573894442 8.4882406262
-85.1185333948 5.60207946764
-87.1796773454 4.31332164409
-89.240821296 2.14627566563
-91.3019652466 2.82098074492
-93.3631091972 3.48639813837
-95.4242531478 2.95839846555
-97.4853970984 3.19196347745
-99.546541049 2.65488372865
-101.607685 -0.0433118692572
-103.66882895 2.06310047118
-105.729972901 3.58199598609
-107.791116851 0.582314573969
-109.852260802 0.969910953378
-111.913404753 1.03570810456
-113.974548703 0.412731144729
-116.035692654 0.355507961168
-118.096836604 0.575061118041
-120.157980555 1.7042554201
-122.219124506 -0.240725915283
-124.280268456 -0.175643110661
-126.341412407 0.0177673553343
-128.402556357 -2.14725657923
-130.463700308 -1.22434795881
-132.524844259 0.576148497982
-134.585988209 -0.657742717566
-136.64713216 0.79944371349
-138.70827611 -1.03233543286
-140.769420061 -1.72867747687
-142.830564012 -1.34483412291
-144.891707962 -1.91565907143
-146.952851913 -0.465406169167
-149.013995863 -1.96502032915
-151.075139814 -0.570301536433
-153.136283765 -2.91347759465
-155.197427715 -1.98620402782
-157.258571666 -1.78636775325
-159.319715616 -0.618652773693
-161.380859567 -1.11501199051
-163.442003518 -2.51798101172
-165.503147468 -2.06090806318
-167.564291419 -2.29198081301
-169.625435369 -2.87915790801
-171.68657932 -1.34125206387
-173.747723271 -2.25539479782
-175.808867221 -2.1503920414
-177.870011172 -3.26976960905
-179.931155122 -2.67869534185
-181.992299073 -2.811066474
-184.053443024 -1.48332562539
-186.114586974 -4.03442986904
-188.175730925 -2.37362726128
-190.236874875 -2.17238064932
-192.298018826 -4.10431349296
-194.359162777 -2.22120352778
-196.420306727 -2.65763761181
-198.481450678 -2.28900827869
-200.542594628 -1.98454815221
-202.603738579 -2.70146086074
-204.66488253 -1.87800161399
-206.72602648 -1.17363855699
-208.787170431 -1.04352060006
-210.848314381 -0.41481959769
-212.909458332 -1.33604044775
-214.970602282 -0.692790459372
-217.031746233 -0.533553438478
-219.092890184 -1.04994206657
-221.154034134 -0.160093671475
-223.215178085 0.207009540156
