# BEGINHEADER
# This file contains data from the SALSA 2m radio telescope.
# DATE=2020-05-13T06:44:36.0
# GLON and GLAT given in degrees
# GLON=72.8330443797
# GLAT=-0.886300160084
# DATA in two columns below. Col. 1 is velocity relative to LSR [km/s]. Col. 2 is uncalibrated antenna temperature [K].
# ENDHEADER
300.908671752 0.000203586715556
298.847527801 0.490595456729
296.786383851 1.01296258798
294.7252399 1.67643110099
292.66409595 2.198124174
290.602951999 3.18706123764
288.541808048 2.31519243665
286.480664098 3.25472611375
284.419520147 3.41823764855
282.358376197 3.36675865928
280.297232246 4.72819986324
278.236088295 4.25216644783
276.174944345 6.02963066568
274.113800394 6.40383539602
272.052656444 7.07704553242
269.991512493 6.09709603181
267.930368542 6.41112519672
265.869224592 6.96139806438
263.808080641 7.70229253413
261.746936691 7.30393699847
259.68579274 8.04065348168
257.624648789 7.27634222436
255.563504839 7.2366140931
253.502360888 6.93722373287
251.441216938 8.12752384785
249.380072987 8.54055136783
247.318929036 10.1417970459
245.257785086 10.8352375252
243.196641135 10.4468425706
241.135497185 11.8160486218
239.074353234 10.422585139
237.013209283 7.83850609921
234.952065333 8.41651776914
232.890921382 10.3771084501
230.829777432 10.341316967
228.768633481 10.6884228947
226.70748953 11.4244075398
224.64634558 10.7367178362
222.585201629 10.156826315
220.524057679 10.7640836305
218.462913728 11.0054550664
216.401769777 11.4212576261
214.340625827 11.6948034166
212.279481876 11.1938490005
210.218337926 9.081747558
208.157193975 11.2126973107
206.096050025 11.810569885
204.034906074 12.2610399859
201.973762123 10.8640972017
199.912618173 11.8012203222
197.851474222 12.8138603236
195.790330272 11.4905432983
193.729186321 10.6938049007
191.66804237 10.5912808703
189.60689842 12.2838800568
187.545754469 11.4525200198
185.484610519 12.2498052042
183.423466568 12.4471170993
181.362322617 12.6906584996
179.301178667 11.8638661671
177.240034716 10.1262510839
175.178890766 10.5714427051
173.117746815 13.4856181575
171.056602864 10.8413717784
168.995458914 10.8685508347
166.934314963 11.5401251541
164.873171013 11.1128736095
162.812027062 11.8931326346
160.750883111 10.9119205928
158.689739161 11.3158687825
156.62859521 10.5145636685
154.56745126 11.9864180888
152.506307309 11.5895772774
150.445163358 10.9141897956
148.384019408 13.1593608493
146.322875457 12.7650237261
144.261731507 11.9150250733
142.200587556 12.5738611351
140.139443605 11.3938233364
138.078299655 12.2346094793
136.017155704 13.2952175755
133.956011754 13.644804796
131.894867803 12.6262732427
129.833723852 12.3726323217
127.772579902 14.2266609348
125.711435951 12.6510119499
123.650292001 13.7838772459
121.58914805 13.6600125176
119.528004099 13.1548324761
117.466860149 12.7133527659
115.405716198 14.2901862837
113.344572248 11.349825263
111.283428297 12.5018512336
109.222284346 11.2946143569
107.161140396 14.2948623133
105.099996445 13.5696750112
103.038852495 13.498819682
100.977708544 12.6461817833
98.9165645934 12.1847539478
96.8554206428 11.9685912682
94.7942766922 12.6216145224
92.7331327416 11.8411447204
90.671988791 10.1725609498
88.6108448404 11.6647984001
86.5497008898 11.4776048642
84.4885569392 13.3302371793
82.4274129886 9.61206834495
80.366269038 12.4032189329
78.3051250874 10.7238353675
76.2439811368 12.3002076881
74.1828371862 11.3457614597
72.1216932356 10.5302453898
70.060549285 12.3706799776
67.9994053344 10.486691382
65.9382613838 10.2603949535
63.8771174332 11.8766005612
61.8159734826 10.1650844133
59.754829532 12.4642925451
57.6936855814 10.706133249
55.6325416308 11.6092434799
53.5713976802 11.1989567974
51.5102537296 11.1720055901
49.449109779 11.8759116896
47.3879658284 11.1507273432
45.3268218778 13.1661481794
43.2656779272 10.712686322
41.2045339766 10.3483259987
39.143390026 12.3345647999
37.0822460754 11.3676706359
35.0211021248 12.3656744661
32.9599581742 10.2131309494
30.8988142236 11.7877278936
28.837670273 11.6773357583
26.7765263224 14.793478175
24.7153823718 15.4832672001
22.6542384212 16.0147620086
20.5930944706 19.2145166217
18.53195052 23.5251208591
16.4708065694 25.6013529513
14.4096626188 31.883704258
12.3485186682 38.2457880067
10.2873747176 44.0770875002
8.22623076704 51.2590413689
6.16508681644 54.921320777
4.10394286584 54.4691309343
2.04279891524 56.6381430083
-0.0183450353576 51.4070923731
-2.07948898596 50.3753657174
-4.14063293655 45.433869756
-6.20177688715 40.319959192
-8.26292083775 33.1562840974
-10.3240647884 29.6018709692
-12.3852087389 25.4057333699
-14.4463526895 23.8049282826
-16.5074966401 21.8498511351
-18.5686405907 22.0585996362
-20.6297845413 21.8995218255
-22.6909284919 20.1593160594
-24.7520724425 19.9627947952
-26.8132163931 19.0115698486
-28.8743603437 19.549364283
-30.9355042943 18.4352036675
-32.9966482449 17.1204985388
-35.0577921955 16.8226337345
-37.1189361461 14.5940261373
-39.1800800967 14.5720508701
-41.2412240473 15.5926011905
-43.3023679979 13.3161046822
-45.3635119485 11.3205191522
-47.4246558991 14.8460581768
-49.4857998497 13.8016271817
-51.5469438003 14.1770684047
-53.6080877509 13.239210543
-55.6692317015 15.0075260743
-57.7303756521 15.4636964406
-59.7915196027 17.9285638937
-61.8526635533 16.1360397487
-63.9138075039 18.1765643107
-65.9749514545 19.4403035422
-68.0360954051 18.4478705097
-70.0972393557 19.3890362714
-72.1583833063 20.7255567924
-74.2195272569 20.4911822467
-76.2806712075 18.7668872194
-78.3418151581 17.2437796223
-80.4029591087 17.0342447339
-82.4641030593 15.4440198127
-84.5252470099 11.9339954067
-86.5863909605 9.93581552858
-88.6475349111 8.27030293246
-90.7086788617 7.97769563061
-92.7698228123 7.04399708399
-94.8309667629 5.63668709895
-96.8921107135 5.12308379822
-98.9532546641 4.15024562405
-101.014398615 4.36880643678
-103.075542565 3.4025239719
-105.136686516 4.11907823673
-107.197830466 5.34505379629
-109.258974417 1.37328560599
-111.320118368 3.47289144028
-113.381262318 3.92413243516
-115.442406269 3.47261657631
-117.503550219 2.70060499809
-119.56469417 2.24823552203
-121.625838121 2.31836209424
-123.686982071 2.44638382459
-125.748126022 2.25549011315
-127.809269972 2.36291702601
-129.870413923 1.13186806473
-131.931557874 1.70861260684
-133.992701824 1.84690990605
-136.053845775 -0.363599730437
-138.114989725 1.1999236755
-140.176133676 1.56358341345
-142.237277627 2.33634058837
-144.298421577 0.922457013582
-146.359565528 1.09130849055
-148.420709478 -0.339345540358
-150.481853429 -0.74073816355
-152.54299738 -0.302722705995
-154.60414133 -1.57917411549
-156.665285281 -0.207929275446
-158.726429231 -0.844801443409
-160.787573182 1.22766162718
-162.848717133 -0.396121798937
-164.909861083 0.427557744266
-166.971005034 -1.42058931961
-169.032148984 0.738550818514
-171.093292935 -1.39068649574
-173.154436886 -1.81712879475
-175.215580836 -2.10127551776
-177.276724787 -2.12272576437
-179.337868737 -0.758879822329
-181.399012688 -2.72421047712
-183.460156639 -1.61967051845
-185.521300589 -1.49757986773
-187.58244454 -1.39920586027
-189.64358849 -0.0897463468292
-191.704732441 -1.55361755214
-193.765876392 -2.7404801858
-195.827020342 -2.26503398174
-197.888164293 -1.58295212392
-199.949308243 -1.16212147044
-202.010452194 -0.735567966845
-204.071596145 -1.5149573222
-206.132740095 -0.809301788716
-208.193884046 -0.551829038234
-210.255027996 0.00758074821111
-212.316171947 -0.0277979651222
-214.377315898 -0.436825092238
-216.438459848 -0.137578248082
-218.499603799 -0.279814142951
-220.560747749 0.58863624639
-222.6218917 0.19469447165
-224.683035651 0.269109551289
