# BEGINHEADER
# This file contains data from the SALSA 2m radio telescope.
# DATE=2020-05-13T05:23:00.0
# GLON and GLAT given in degrees
# GLON=72.8555902114
# GLAT=0.0841795948194
# DATA in two columns below. Col. 1 is velocity relative to LSR [km/s]. Col. 2 is uncalibrated antenna temperature [K].
# ENDHEADER
300.692042737 0.000295181494956
298.630898786 0.389486858852
296.569754835 1.26249840198
294.508610885 1.76938906181
292.447466934 2.14442092365
290.386322984 2.16170430419
288.325179033 2.86564825293
286.264035082 2.88237148539
284.202891132 3.25499460147
282.141747181 4.92966580527
280.080603231 4.57120148902
278.01945928 5.44572204947
275.958315329 5.4127246415
273.897171379 5.65224357629
271.836027428 5.93824550367
269.774883478 6.41873550315
267.713739527 6.76934805553
265.652595576 7.80541322094
263.591451626 7.83911836643
261.530307675 8.78267590608
259.469163725 7.75444441017
257.408019774 7.68084019571
255.346875823 6.86006866866
253.285731873 7.8467032259
251.224587922 8.3334400002
249.163443972 9.82724000474
247.102300021 8.92165093524
245.041156071 8.990130813
242.98001212 10.7503598357
240.918868169 9.5120194119
238.857724219 9.73492985559
236.796580268 9.80769879037
234.735436318 9.0564599477
232.674292367 10.7116508372
230.613148416 9.44047130686
228.552004466 10.0895091355
226.490860515 10.1722774443
224.429716565 10.1812014166
222.368572614 9.85784987889
220.307428663 11.6435459946
218.246284713 11.3649973181
216.185140762 9.64627286694
214.123996812 11.0250352718
212.062852861 10.8437646411
210.00170891 10.4342781455
207.94056496 11.7189806423
205.879421009 13.1001729901
203.818277059 12.213875262
201.757133108 12.4713275497
199.695989157 11.7835530699
197.634845207 8.3811310524
195.573701256 10.8731221667
193.512557306 11.2971647346
191.451413355 12.6817549656
189.390269404 10.9324731586
187.329125454 10.9142360899
185.267981503 9.82436913344
183.206837553 11.8372461166
181.145693602 10.644746358
179.084549651 9.98147753353
177.023405701 10.8550649975
174.96226175 12.5848716954
172.9011178 11.2409793581
170.839973849 11.434950008
168.778829898 11.5526583177
166.717685948 13.4007295017
164.656541997 11.934486561
162.595398047 11.7944149632
160.534254096 11.4625442526
158.473110145 10.5258143417
156.411966195 13.2951215546
154.350822244 12.0464927638
152.289678294 11.2347201002
150.228534343 13.3012400841
148.167390392 13.5152703169
146.106246442 9.93122834257
144.045102491 12.3944381194
141.983958541 10.618626415
139.92281459 12.0548378352
137.861670639 11.6415616001
135.800526689 12.0458788541
133.739382738 11.4531813442
131.678238788 10.5747631572
129.617094837 11.881009511
127.555950886 10.2866856805
125.494806936 11.9582460352
123.433662985 10.8440079511
121.372519035 10.3854668877
119.311375084 11.1015378557
117.250231133 10.5505962847
115.189087183 10.7701945939
113.127943232 9.55429579599
111.066799282 13.044148942
109.005655331 10.3697098284
106.94451138 11.1844204659
104.88336743 11.5028853546
102.822223479 13.7067567192
100.761079529 10.1448143185
98.699935578 11.1970550147
96.6387916274 11.4740543548
94.5776476768 10.7981345521
92.5165037262 10.6777937304
90.4553597756 11.1477462456
88.394215825 9.27773544485
86.3330718744 10.9741932439
84.2719279238 10.8749343908
82.2107839732 12.5987233817
80.1496400226 10.7706482731
78.088496072 12.1006624904
76.0273521214 8.71184430706
73.9662081708 9.61398560073
71.9050642202 10.7574911739
69.8439202696 9.2740246817
67.782776319 11.2984141654
65.7216323684 8.21011776136
63.6604884178 9.77520823162
61.5993444672 10.5077164049
59.5382005166 11.9444192589
57.477056566 8.90725833322
55.4159126154 8.73905222363
53.3547686648 11.820365586
51.2936247142 9.95833290504
49.2324807636 8.89741849823
47.171336813 10.571985003
45.1101928624 11.6807930767
43.0490489118 11.7635345072
40.9879049612 9.07598731139
38.9267610106 10.3235422298
36.86561706 10.6080087216
34.8044731094 9.88817853628
32.7433291588 11.0449068329
30.6821852082 10.9411101668
28.6210412576 11.9535951928
26.559897307 11.312885397
24.4987533565 14.9028496575
22.4376094059 16.2597019441
20.3764654553 18.4130133092
18.3153215047 19.7757236751
16.2541775541 26.3483120068
14.1930336035 29.9767248759
12.1318896529 37.781545883
10.0707457023 44.8384508738
8.00960175166 52.8588703757
5.94845780106 56.656818382
3.88731385046 55.9465657539
1.82616989987 55.7851211827
-0.234974050733 54.072317668
-2.29611800133 50.3559635181
-4.35726195193 43.9320070444
-6.41840590253 36.9314998459
-8.47954985313 32.1475648943
-10.5406938037 25.7619898521
-12.6018377543 21.2377609901
-14.6629817049 21.4276845554
-16.7241256555 18.9496483681
-18.7852696061 19.2385381216
-20.8464135567 18.4581233741
-22.9075575073 18.3262049203
-24.9687014579 16.2865823366
-27.0298454085 17.7939961769
-29.0909893591 17.4845032526
-31.1521333097 16.1419365561
-33.2132772603 14.8262327619
-35.2744212109 14.0281808022
-37.3355651615 12.6446198259
-39.3967091121 13.2344624929
-41.4578530627 12.0452950457
-43.5189970133 10.8135821019
-45.5801409639 9.47498161883
-47.6412849145 9.71934973911
-49.7024288651 11.8742078428
-51.7635728157 11.6858561606
-53.8247167663 12.1066526567
-55.8858607169 11.7329605332
-57.9470046675 12.7547562777
-60.0081486181 11.1317835928
-62.0692925687 13.5249067228
-64.1304365193 13.9798560553
-66.1915804699 16.0924055777
-68.2527244205 15.4604164942
-70.3138683711 14.9153076545
-72.3750123217 16.4339951378
-74.4361562723 15.6590741499
-76.4973002229 15.0703004757
-78.5584441735 13.5509703301
-80.6195881241 11.848752489
-82.6807320747 9.50215535215
-84.7418760253 7.38824331186
-86.8030199759 7.35142666444
-88.8641639265 6.18579460089
-90.9253078771 5.67638511916
-92.9864518277 3.62018989596
-95.0475957783 2.9652657492
-97.1087397289 2.75747895004
-99.1698836795 0.805963016997
-101.23102763 4.8652583028
-103.292171581 1.84859772847
-105.353315531 3.46764789831
-107.414459482 2.62195080871
-109.475603432 1.22696684313
-111.536747383 0.956285616746
-113.597891334 0.619023009277
-115.659035284 0.340355150593
-117.720179235 1.78375822816
-119.781323185 0.254142109952
-121.842467136 0.0184152722602
-123.903611087 1.08960048182
-125.964755037 -0.0846767227038
-128.025898988 -0.826570242115
-130.087042938 -2.1546102671
-132.148186889 -1.15185743324
-134.20933084 0.618283631459
-136.27047479 -1.89574017427
-138.331618741 -0.482487922181
-140.392762691 -0.651508621256
-142.453906642 -0.817810874534
-144.515050593 -0.625063272963
-146.576194543 -1.77096829494
-148.637338494 -1.08276949155
-150.698482444 -1.09727591747
-152.759626395 -0.606404386121
-154.820770346 -0.496207598769
-156.881914296 -2.76207186197
-158.943058247 -2.52456483126
-161.004202197 -1.83500983463
-163.065346148 -1.5171671068
-165.126490099 -2.49405663546
-167.187634049 -2.93445681518
-169.248778 -2.83012527835
-171.30992195 -4.06611669838
-173.371065901 -2.91341784857
-175.432209852 -1.43593706977
-177.493353802 -2.37185262063
-179.554497753 -3.39113114643
-181.615641703 -2.01100992128
-183.676785654 -1.72610797026
-185.737929605 -3.2649719803
-187.799073555 -2.05280597196
-189.860217506 -3.90838821275
-191.921361456 -2.53842781415
-193.982505407 -3.51791170506
-196.043649358 -1.05344449663
-198.104793308 -3.71076004459
-200.165937259 -2.77715718864
-202.227081209 -2.79785506744
-204.28822516 -2.04877248548
-206.349369111 -1.50821012373
-208.410513061 -2.44569893812
-210.471657012 -1.68875411272
-212.532800962 -1.28583116902
-214.593944913 -1.56790319283
-216.655088864 -1.88339801587
-218.716232814 -1.40924228787
-220.777376765 -0.482348013277
-222.838520715 0.139197027386
-224.899664666 0.604698829163
