# BEGINHEADER
# This file contains data from the SALSA 2m radio telescope.
# DATE=2020-05-13T06:54:02.0
# GLON and GLAT given in degrees
# GLON=77.8618894497
# GLAT=-1.47681393001
# DATA in two columns below. Col. 1 is velocity relative to LSR [km/s]. Col. 2 is uncalibrated antenna temperature [K].
# ENDHEADER
299.379834383 0.000728267260482
297.318690432 1.05194870293
295.257546482 0.917542797445
293.196402531 1.69864625034
291.135258581 1.96251375454
289.07411463 2.42727726147
287.012970679 3.01652763281
284.951826729 2.92684646301
282.890682778 3.08343526578
280.829538828 3.36051692863
278.768394877 4.322375786
276.707250926 4.71244600153
274.646106976 5.21477726419
272.584963025 5.21931878635
270.523819075 4.75255894723
268.462675124 5.88057300153
266.401531173 6.85575426464
264.340387223 6.09763577643
262.279243272 6.55423769655
260.218099322 7.70532314317
258.156955371 7.84499598357
256.09581142 8.23133324938
254.03466747 8.39699003975
251.973523519 8.19408836014
249.912379569 9.09491426713
247.851235618 8.91271070629
245.790091667 9.28128849983
243.728947717 10.4048606889
241.667803766 10.2313800241
239.606659816 8.33277610086
237.545515865 7.80372895128
235.484371914 9.63226395035
233.423227964 10.2319920693
231.362084013 8.8091701274
229.300940063 10.1074190071
227.239796112 10.8573087902
225.178652161 8.92988998334
223.117508211 9.07762064869
221.05636426 9.83458721545
218.99522031 9.92466169735
216.934076359 10.5125066666
214.872932408 11.0990378688
212.811788458 10.5567961629
210.750644507 9.24594515218
208.689500557 11.6317075459
206.628356606 11.4266238892
204.567212655 10.5994910028
202.506068705 9.38528774096
200.444924754 10.2722392437
198.383780804 10.0494705792
196.322636853 10.1115451236
194.261492902 11.8867081486
192.200348952 10.836857639
190.139205001 11.8171103993
188.078061051 12.2309737517
186.0169171 11.4016107953
183.955773149 12.3029573886
181.894629199 11.6236090986
179.833485248 11.3867650035
177.772341298 11.1754291649
175.711197347 13.7372022182
173.650053396 12.9934287249
171.588909446 10.5211666468
169.527765495 11.4817573357
167.466621545 10.8666368293
165.405477594 13.5365738665
163.344333643 12.0360529769
161.283189693 9.40268565604
159.222045742 12.0013025127
157.160901792 12.5491870033
155.099757841 13.0683324696
153.03861389 12.5318581568
150.97746994 11.7872241681
148.916325989 12.8278363875
146.855182039 12.2665997141
144.794038088 12.7504990174
142.732894137 12.5342537883
140.671750187 13.7525364333
138.610606236 12.8644331853
136.549462286 13.1560015934
134.488318335 10.9613368636
132.427174384 10.369923874
130.366030434 11.9789433672
128.304886483 11.8830853336
126.243742533 13.2392113936
124.182598582 10.8973556316
122.121454631 11.8420118769
120.060310681 11.0741356737
117.99916673 11.3515184327
115.93802278 12.1812161883
113.876878829 12.4193882486
111.815734878 11.8171207306
109.754590928 9.00130330555
107.693446977 11.1277353406
105.632303027 11.7335605881
103.571159076 11.7972125944
101.510015125 14.0275242978
99.4488711748 11.3454265765
97.3877272242 13.3640752775
95.3265832737 11.4254294732
93.2654393231 11.1158359602
91.2042953725 12.7867094178
89.1431514219 14.5912502638
87.0820074713 10.5630580806
85.0208635207 12.320942179
82.9597195701 12.272201258
80.8985756195 12.6801833872
78.8374316689 9.88262925198
76.7762877183 10.1464023253
74.7151437677 10.9130447092
72.6539998171 9.96736349782
70.5928558665 11.2731324775
68.5317119159 10.9616157379
66.4705679653 11.4223446902
64.4094240147 10.7745700041
62.3482800641 9.86387433007
60.2871361135 12.9481237757
58.2259921629 13.5437535494
56.1648482123 11.470749724
54.1037042617 13.1372332901
52.0425603111 11.19835319
49.9814163605 9.43798102071
47.9202724099 12.369513405
45.8591284593 11.9327393296
43.7979845087 11.5806011993
41.7368405581 10.9413555631
39.6756966075 13.1739997989
37.6145526569 10.8548330712
35.5534087063 10.9445872713
33.4922647557 10.1901724927
31.4311208051 13.7380397221
29.3699768545 12.3683991533
27.3088329039 11.9710824199
25.2476889533 13.8528649559
23.1865450027 12.8972963852
21.1254010521 16.3297802452
19.0642571015 20.1851959818
17.0031131509 25.801518905
14.9419692003 29.2046818918
12.8808252497 40.5893632176
10.8196812991 45.5624336612
8.75853734851 51.8078068551
6.69739339791 51.8541959144
4.63624944731 54.674920183
2.57510549671 54.3708071125
0.513961546113 52.4139170099
-1.54718240449 51.8723840996
-3.60832635508 52.6765568765
-5.66947030568 47.0998715488
-7.73061425628 42.197923639
-9.79175820688 37.8936202029
-11.8529021575 32.3664554502
-13.9140461081 30.378743253
-15.9751900587 23.2335570636
-18.0363340093 23.1238259173
-20.0974779599 23.2074027549
-22.1586219105 19.5238746441
-24.2197658611 18.2917229001
-26.2809098117 18.9033131698
-28.3420537623 18.0510659336
-30.4031977129 19.9827437828
-32.4643416635 20.6477762167
-34.5254856141 20.9478165404
-36.5866295647 21.5134724826
-38.6477735153 19.2730618584
-40.7089174659 18.0259148204
-42.7700614165 19.0643231887
-44.8312053671 18.0200421362
-46.8923493177 16.3360749921
-48.9534932683 15.4567932008
-51.0146372189 13.3629191841
-53.0757811695 11.6958237012
-55.1369251201 15.058459794
-57.1980690706 14.4479310217
-59.2592130212 13.603254967
-61.3203569718 15.7842710519
-63.3815009224 17.4994188266
-65.442644873 17.5916758694
-67.5037888236 18.7174293163
-69.5649327742 21.4940079808
-71.6260767248 19.5921410402
-73.6872206754 17.599053401
-75.748364626 16.9662552086
-77.8095085766 15.6505148856
-79.8706525272 17.1770938652
-81.9317964778 15.5873346269
-83.9929404284 14.8620590888
-86.054084379 12.1033419942
-88.1152283296 11.8540023328
-90.1763722802 9.35508736114
-92.2375162308 9.9570883898
-94.2986601814 8.15311802376
-96.359804132 6.84589742365
-98.4209480826 7.72342774439
-100.482092033 4.08551244374
-102.543235984 4.1335722446
-104.604379934 4.28322977506
-106.665523885 4.30800904021
-108.726667836 3.43562627946
-110.787811786 4.52527087964
-112.848955737 4.63715041215
-114.910099687 2.09093075642
-116.971243638 1.49634633854
-119.032387589 0.930445891232
-121.093531539 2.34190658706
-123.15467549 2.11725392162
-125.21581944 2.68841233576
-127.276963391 2.87958364203
-129.338107342 2.43447753041
-131.399251292 0.962040254161
-133.460395243 2.40286144942
-135.521539193 2.92033525081
-137.582683144 2.03817677689
-139.643827095 1.59052786896
-141.704971045 -0.467054325613
-143.766114996 -0.0287594110391
-145.827258946 0.656075802157
-147.888402897 1.32734756352
-149.949546848 -1.09403347385
-152.010690798 -0.138226569339
-154.071834749 0.136112178014
-156.132978699 -0.171101231977
-158.19412265 0.254779381676
-160.255266601 0.423852391519
-162.316410551 -1.18044945825
-164.377554502 -0.391680032776
-166.438698452 -1.73168055794
-168.499842403 0.878013911419
-170.560986354 -0.561216175926
-172.622130304 -0.779600920408
-174.683274255 -0.704075495397
-176.744418205 -2.34836427932
-178.805562156 -0.780881940118
-180.866706107 -1.52177247191
-182.927850057 -0.539393830472
-184.988994008 -1.24032994708
-187.050137958 -0.688695875455
-189.111281909 -1.02145452704
-191.17242586 -0.707737744205
-193.23356981 -0.258140513108
-195.294713761 -0.901626291787
-197.355857711 -1.90099849786
-199.417001662 -0.395839185123
-201.478145613 0.0724644612705
-203.539289563 -0.923884993239
-205.600433514 -1.42470477496
-207.661577464 0.160879016037
-209.722721415 1.11681708223
-211.783865366 -1.28665039951
-213.845009316 -1.6132892374
-215.906153267 -0.121812288829
-217.967297217 0.0248668424026
-220.028441168 -0.629263295914
-222.089585119 0.249022663219
-224.150729069 0.109176736283
-226.21187302 -0.0906919853171
