# BEGINHEADER
# This file contains data from the SALSA 2m radio telescope.
# DATE=2020-05-13T05:24:48.0
# GLON and GLAT given in degrees
# GLON=77.4588989757
# GLAT=-0.00182495007416
# DATA in two columns below. Col. 1 is velocity relative to LSR [km/s]. Col. 2 is uncalibrated antenna temperature [K].
# ENDHEADER
299.205390802 0.000937549165121
297.144246851 0.869025514917
295.083102901 0.515857061504
293.02195895 1.28900298199
290.960815 1.64327116944
288.899671049 2.44733675689
286.838527098 3.32936002318
284.777383148 2.9036063963
282.716239197 3.58782225547
280.655095247 4.62234336386
278.593951296 4.74482233775
276.532807346 4.31352938095
274.471663395 5.98644136023
272.410519444 5.7009125434
270.349375494 6.42880524302
268.288231543 6.81369411041
266.227087593 7.08394607542
264.165943642 7.35718525304
262.104799691 7.24951384455
260.043655741 8.25747374636
257.98251179 8.06135933862
255.92136784 9.54500013879
253.860223889 8.75308220881
251.799079938 9.85274522548
249.737935988 7.6055387761
247.676792037 8.25456390079
245.615648087 9.64171014705
243.554504136 8.66557199145
241.493360185 9.58553838998
239.432216235 9.94439000306
237.371072284 11.1730350954
235.309928334 10.3290545083
233.248784383 9.26932897709
231.187640432 8.40001503623
229.126496482 10.2641852819
227.065352531 10.7286511797
225.004208581 12.5202545057
222.94306463 10.7164544061
220.881920679 10.1235275811
218.820776729 11.2914489595
216.759632778 11.0202387334
214.698488828 10.5634707111
212.637344877 11.7601365938
210.576200926 10.8547837844
208.515056976 11.8143814581
206.453913025 10.2947716869
204.392769075 10.4896601226
202.331625124 11.7643090276
200.270481173 12.9027785561
198.209337223 11.6691091096
196.148193272 12.773282608
194.087049322 10.3751077665
192.025905371 9.87581869878
189.96476142 11.5851961369
187.90361747 11.8642279525
185.842473519 9.78052485448
183.781329569 12.5812640876
181.720185618 13.2687276288
179.659041667 11.4194086272
177.597897717 10.3407207879
175.536753766 11.0430828846
173.475609816 11.6507387607
171.414465865 12.3434022898
169.353321914 9.69704181747
167.292177964 12.0482779418
165.231034013 10.9368670485
163.169890063 10.8981647284
161.108746112 10.0264139312
159.047602161 11.2716412891
156.986458211 11.604428643
154.92531426 11.2464262372
152.86417031 12.0351621027
150.803026359 9.3527601686
148.741882408 11.0298404644
146.680738458 11.7290798893
144.619594507 10.4220782461
142.558450557 12.2881067063
140.497306606 11.9322725863
138.436162655 10.0276665086
136.375018705 10.7201742596
134.313874754 11.4663064357
132.252730804 10.6570858284
130.191586853 11.0087551111
128.130442902 12.1764172585
126.069298952 10.0546085066
124.008155001 11.2541783206
121.947011051 13.4205115377
119.8858671 11.6588093117
117.824723149 12.0961065201
115.763579199 10.4762665552
113.702435248 10.2681108276
111.641291298 11.9913102351
109.580147347 12.4320637142
107.519003396 11.5750511276
105.457859446 9.39563750402
103.396715495 10.808303244
101.335571545 11.354789915
99.274427594 9.92225195296
97.2132836434 9.46729667957
95.1521396928 10.2062947768
93.0909957422 9.69854656226
91.0298517916 10.2277334007
88.968707841 9.45703617457
86.9075638904 10.7220691542
84.8464199398 11.7321866724
82.7852759892 10.6010165668
80.7241320386 12.3339103984
78.662988088 11.5992503942
76.6018441374 9.8494262964
74.5407001868 10.2365165762
72.4795562362 10.7424353455
70.4184122856 8.93844697835
68.357268335 12.3175732767
66.2961243844 12.5453819164
64.2349804338 10.5863040102
62.1738364832 10.7600195904
60.1126925326 9.52796990934
58.051548582 11.2364989735
55.9904046314 10.7033596399
53.9292606808 10.7106579728
51.8681167302 9.05987703602
49.8069727797 9.74519309888
47.7458288291 10.4904970574
45.6846848785 7.7772854968
43.6235409279 10.8876430409
41.5623969773 10.8432980939
39.5012530267 11.02843825
37.4401090761 10.8388194151
35.3789651255 10.271142685
33.3178211749 9.72188406734
31.2566772243 9.37922352807
29.1955332737 10.231398554
27.1343893231 10.2264066702
25.0732453725 12.6628618625
23.0121014219 12.4832474332
20.9509574713 14.4642238105
18.8898135207 17.1833258925
16.8286695701 21.4369824319
14.7675256195 27.379521547
12.7063816689 33.4226079802
10.6452377183 41.1690943197
8.58409376768 46.2666142388
6.52294981708 48.5326667423
4.46180586648 53.5981757787
2.40066191588 55.2198389251
0.339517965283 53.1950141321
-1.72162598532 49.3318529883
-3.78276993591 49.1408433038
-5.84391388651 47.3602667667
-7.90505783711 42.2779710551
-9.96620178771 34.8560413929
-12.0273457383 30.1372401199
-14.0884896889 26.133195253
-16.1496336395 22.8987107235
-18.2107775901 20.3062253436
-20.2719215407 20.6780301629
-22.3330654913 16.7999880695
-24.3942094419 16.4476037052
-26.4553533925 17.677256436
-28.5164973431 16.7451850816
-30.5776412937 19.1287850576
-32.6387852443 17.4533247254
-34.6999291949 18.882798407
-36.7610731455 13.0001295764
-38.8222170961 16.1654978219
-40.8833610467 16.4900932275
-42.9445049973 13.4978541027
-45.0056489479 14.073420665
-47.0667928985 11.9928537765
-49.1279368491 11.8527738687
-51.1890807997 10.814471367
-53.2502247503 10.8083924329
-55.3113687009 11.6289736305
-57.3725126515 12.264382843
-59.4336566021 10.7953261046
-61.4948005527 13.5079286593
-63.5559445033 14.4399352469
-65.6170884539 14.3124587152
-67.6782324045 14.8539742113
-69.7393763551 16.2482648328
-71.8005203057 13.8131122688
-73.8616642563 15.2348920066
-75.9228082069 16.2373487235
-77.9839521575 16.0482952632
-80.0450961081 14.8034869611
-82.1062400587 12.6360968672
-84.1673840093 13.3308762165
-86.2285279599 10.3677426397
-88.2896719105 8.40611914148
-90.3508158611 5.94061348857
-92.4119598117 7.51362691813
-94.4731037623 6.06440417628
-96.5342477129 3.90045213481
-98.5953916635 4.27066524597
-100.656535614 3.29031881631
-102.717679565 2.96243544233
-104.778823515 2.17943923089
-106.839967466 2.40020412353
-108.901111416 0.966102097646
-110.962255367 0.1207426355
-113.023399318 -0.115012606665
-115.084543268 1.48097661015
-117.145687219 1.50236523781
-119.206831169 -0.462858735405
-121.26797512 0.866617091674
-123.329119071 -0.334121827644
-125.390263021 1.01858802836
-127.451406972 0.643081703826
-129.512550922 -0.149139972249
-131.573694873 -1.67006322705
-133.634838824 0.550546611112
-135.695982774 -0.840775377839
-137.757126725 -2.6413236014
-139.818270675 0.0171194718352
-141.879414626 -1.23220896937
-143.940558577 -0.934615576326
-146.001702527 -0.426337227644
-148.062846478 -2.97441928112
-150.123990428 -0.866639461052
-152.185134379 -2.23236279624
-154.24627833 -1.67337229532
-156.30742228 -1.22777877106
-158.368566231 -4.06962248255
-160.429710181 -2.98998531396
-162.490854132 -1.99773183224
-164.551998083 -1.10482415353
-166.613142033 -2.18704450453
-168.674285984 -1.45777750218
-170.735429934 -2.71536401196
-172.796573885 -2.44755043633
-174.857717836 -2.18841506471
-176.918861786 -3.12514696856
-178.980005737 -2.41517650315
-181.041149687 -1.90055760644
-183.102293638 -2.78278168088
-185.163437589 -2.89525969295
-187.224581539 -2.29352143969
-189.28572549 -2.50572901969
-191.34686944 -1.4733943729
-193.408013391 -2.50414964975
-195.469157342 -2.21827347414
-197.530301292 -2.3835952348
-199.591445243 -2.44819362074
-201.652589193 -2.13818896238
-203.713733144 -2.80525561563
-205.774877095 -3.76310486462
-207.836021045 -1.51327446998
-209.897164996 -2.49231858256
-211.958308946 -1.38929005045
-214.019452897 -2.06906261919
-216.080596848 -1.04579923335
-218.141740798 -0.791026251189
-220.202884749 -0.817899430582
-222.264028699 -0.0866409917104
-224.32517265 0.412840766164
-226.386316601 0.722305227858
