# BEGINHEADER
# This file contains data from the SALSA 2m radio telescope.
# DATE=2020-05-13T06:55:58.0
# GLON and GLAT given in degrees
# GLON=82.3921591304
# GLAT=1.90670780748
# DATA in two columns below. Col. 1 is velocity relative to LSR [km/s]. Col. 2 is uncalibrated antenna temperature [K].
# ENDHEADER
296.909383627 -8.09865198446e-05
294.848239676 -0.0959721678669
292.787095726 0.508324058219
290.725951775 1.81231742592
288.664807825 2.05609764726
286.603663874 1.99776742631
284.542519923 1.77406195774
282.481375973 3.07974729572
280.420232022 2.61340107853
278.359088072 4.00706747971
276.297944121 4.11834924577
274.23680017 4.04930575488
272.17565622 5.1550819667
270.114512269 5.06772542646
268.053368319 5.90189443465
265.992224368 6.37789758116
263.931080417 6.52995851246
261.869936467 6.73795844506
259.808792516 6.30669132
257.747648566 7.60976874683
255.686504615 7.32257462251
253.625360664 7.63273621315
251.564216714 8.18974952198
249.503072763 8.63057627934
247.441928813 7.63393701087
245.380784862 7.46241042409
243.319640911 7.38712057442
241.258496961 8.14946467401
239.19735301 8.3071597256
237.13620906 10.1512855992
235.075065109 7.92346729474
233.013921158 10.6943473501
230.952777208 9.07308257235
228.891633257 9.54704061045
226.830489307 8.87173951675
224.769345356 8.82988131244
222.708201405 10.4450662596
220.647057455 9.96046664606
218.585913504 10.9564686237
216.524769554 9.62349222034
214.463625603 11.625821991
212.402481652 11.3978069759
210.341337702 11.0090225214
208.280193751 9.98805008012
206.219049801 9.77951058822
204.15790585 12.1390314733
202.096761899 10.4901930536
200.035617949 11.1322507896
197.974473998 9.64434781085
195.913330048 11.0289819253
193.852186097 12.7150813458
191.791042146 10.685199572
189.729898196 11.0295696617
187.668754245 11.0049095317
185.607610295 9.18171141286
183.546466344 10.8414398243
181.485322393 11.9392506485
179.424178443 10.7494303337
177.363034492 12.319763539
175.301890542 11.0944051959
173.240746591 12.1422911653
171.17960264 10.1672041995
169.11845869 11.4759860481
167.057314739 10.0916615383
164.996170789 12.167535082
162.935026838 10.0001883714
160.873882887 11.4603961843
158.812738937 10.8582886717
156.751594986 12.54696508
154.690451036 12.7875704756
152.629307085 8.78258589796
150.568163134 11.7095292194
148.507019184 12.7623171057
146.445875233 11.1265411964
144.384731283 13.2791508819
142.323587332 14.5394548679
140.262443381 13.3478951172
138.201299431 13.2466896247
136.14015548 12.9590390851
134.07901153 13.0772084777
132.017867579 11.8082075316
129.956723629 13.1088869947
127.895579678 10.9944648755
125.834435727 13.0774971114
123.773291777 10.7555371525
121.712147826 11.5134226934
119.651003876 12.6858697665
117.589859925 11.6628394142
115.528715974 11.3701396227
113.467572024 11.1007061737
111.406428073 12.3717101579
109.345284123 12.1919231186
107.284140172 10.95111498
105.222996221 13.3282338864
103.161852271 12.9590245855
101.10070832 9.91595799026
99.0395643695 11.1728245542
96.9784204189 12.647761878
94.9172764683 10.6610288741
92.8561325177 11.9125983602
90.7949885671 11.0561100053
88.7338446165 11.4315401816
86.6727006659 10.9345043148
84.6115567153 13.5656929837
82.5504127647 12.7616185771
80.4892688141 10.866407548
78.4281248635 10.6164494014
76.3669809129 13.0760077185
74.3058369623 9.46859653681
72.2446930117 10.8552127862
70.1835490611 10.2840178891
68.1224051105 12.2708522663
66.0612611599 10.675368609
64.0001172093 12.4430722863
61.9389732588 11.7420326779
59.8778293082 10.6359626397
57.8166853576 13.0170094892
55.755541407 12.1261982701
53.6943974564 10.742757996
51.6332535058 13.8394374003
49.5721095552 11.433280012
47.5109656046 10.2889450972
45.449821654 11.1022597239
43.3886777034 10.8664019783
41.3275337528 11.1222260629
39.2663898022 11.1541750714
37.2052458516 10.9074031769
35.144101901 11.3320737467
33.0829579504 13.0730382552
31.0218139998 10.2633570705
28.9606700492 10.1258764901
26.8995260986 13.7010535532
24.838382148 12.0853694381
22.7772381974 11.3589923143
20.7160942468 13.0241810994
18.6549502962 14.7207678457
16.5938063456 19.2421663101
14.532662395 20.9390958264
12.4715184444 26.3716984554
10.4103744938 37.1571271929
8.34923054319 42.7382094098
6.28808659259 45.9703093148
4.22694264199 48.7239711456
2.16579869139 50.1999041252
0.104654740791 51.1924019392
-1.95648920981 52.0700164037
-4.01763316041 52.0905905533
-6.07877711101 49.6178302691
-8.1399210616 47.6766828776
-10.2010650122 43.6221506997
-12.2622089628 38.3708621431
-14.3233529134 34.3402484272
-16.384496864 30.1541722726
-18.4456408146 26.6719277814
-20.5067847652 20.1585749983
-22.5679287158 18.3216597083
-24.6290726664 16.6777455251
-26.690216617 16.4385593101
-28.7513605676 15.5452901484
-30.8125045182 16.1892281402
-32.8736484688 17.6880091055
-34.9347924194 16.913505489
-36.99593637 20.0916177676
-39.0570803206 18.7988143128
-41.1182242712 19.7703842712
-43.1793682218 19.5211945347
-45.2405121724 19.4742117427
-47.301656123 17.5706027412
-49.3628000736 18.8123504487
-51.4239440242 18.1318265458
-53.4850879748 16.2661363234
-55.5462319254 14.5767092396
-57.607375876 14.2244469289
-59.6685198266 13.0526513986
-61.7296637772 12.5999298124
-63.7908077278 13.9368770681
-65.8519516784 12.9510547655
-67.913095629 15.4023627449
-69.9742395796 18.8715215648
-72.0353835302 18.3287771128
-74.0965274808 18.1929435887
-76.1576714314 19.8053936737
-78.218815382 17.8230145855
-80.2799593326 18.8831694239
-82.3411032832 16.5248104218
-84.4022472338 16.7768168005
-86.4633911844 15.2941220093
-88.524535135 14.5206090894
-90.5856790855 13.5680129318
-92.6468230361 13.5909248297
-94.7079669867 13.4312857275
-96.7691109373 10.9382430838
-98.8302548879 9.5107386649
-100.891398839 7.01404061103
-102.952542789 5.39907233903
-105.01368674 6.20678510839
-107.07483069 7.57782491712
-109.135974641 6.9414174018
-111.197118592 5.37020252748
-113.258262542 5.37842854911
-115.319406493 4.85454587254
-117.380550443 4.83793751678
-119.441694394 4.46632168899
-121.502838345 1.92375993224
-123.563982295 3.65893948969
-125.625126246 1.75567071194
-127.686270196 4.11252995105
-129.747414147 3.50813055801
-131.808558098 2.61510219421
-133.869702048 1.37640310866
-135.930845999 1.34352251037
-137.991989949 2.56604376254
-140.0531339 1.49492872222
-142.114277851 -0.16065968287
-144.175421801 0.395354887616
-146.236565752 0.845527441787
-148.297709702 1.13257516275
-150.358853653 -0.926494970166
-152.419997604 -0.177122564418
-154.481141554 -0.562278324396
-156.542285505 -0.590369138399
-158.603429455 -0.0584538407455
-160.664573406 -0.29934786822
-162.725717357 -0.233554610196
-164.786861307 1.56076187374
-166.848005258 1.47300564768
-168.909149208 -1.41663369513
-170.970293159 -1.00954032774
-173.031437109 -0.0740844757879
-175.09258106 -0.232933916661
-177.153725011 -1.32448599737
-179.214868961 -1.00743106226
-181.276012912 -1.01279574668
-183.337156862 -1.82794145142
-185.398300813 -0.801204406391
-187.459444764 -1.70762650527
-189.520588714 -1.46205399824
-191.581732665 -0.485107670204
-193.642876615 -0.250740339584
-195.704020566 -2.64534512741
-197.765164517 -1.42796920913
-199.826308467 -0.808284293696
-201.887452418 -2.34965732285
-203.948596368 -1.68035025246
-206.009740319 -1.37047429088
-208.07088427 -1.19685107586
-210.13202822 -1.74559030665
-212.193172171 -0.943574101308
-214.254316121 -1.32118726001
-216.315460072 -0.470536724464
-218.376604023 -0.464499028729
-220.437747973 -0.194330050386
-222.498891924 -0.533594901241
-224.560035874 0.237364671098
-226.621179825 0.594828995786
-228.682323776 1.18110657094
