# BEGINHEADER
# This file contains data from the SALSA 2m radio telescope.
# DATE=2020-05-13T05:26:39.0
# GLON and GLAT given in degrees
# GLON=82.5869387442
# GLAT=-0.0232079633078
# DATA in two columns below. Col. 1 is velocity relative to LSR [km/s]. Col. 2 is uncalibrated antenna temperature [K].
# ENDHEADER
297.273790363 -0.000742810942248
295.212646412 -0.485897102034
293.151502462 0.902037637486
291.090358511 1.01137409985
289.029214561 0.993897886534
286.96807061 0.849017902561
284.906926659 1.97208122417
282.845782709 2.50532396128
280.784638758 2.40237475391
278.723494808 3.83144188594
276.662350857 3.76350176896
274.601206906 3.32709862952
272.540062956 4.30595929038
270.478919005 4.94946209956
268.417775055 5.3040481797
266.356631104 5.71963507198
264.295487153 5.02325175497
262.234343203 4.88018696475
260.173199252 6.16166702167
258.112055302 6.49363100266
256.050911351 7.12998110739
253.9897674 6.33124263915
251.92862345 6.50543799703
249.867479499 7.81675341355
247.806335549 5.43226894322
245.745191598 8.17468462094
243.684047647 9.25067579613
241.622903697 9.14060338348
239.561759746 8.07824200659
237.500615796 8.19392521142
235.439471845 6.31952532924
233.378327894 8.115597495
231.317183944 9.04362175717
229.256039993 8.7616256918
227.194896043 7.42663620992
225.133752092 8.32440829427
223.072608141 8.85503845418
221.011464191 9.4620524163
218.95032024 9.05791095335
216.88917629 8.36384583135
214.828032339 8.70813389464
212.766888388 9.29050674516
210.705744438 8.32926750009
208.644600487 10.7444892815
206.583456537 10.2626169134
204.522312586 9.866626452
202.461168635 8.43811844277
200.400024685 8.40303638751
198.338880734 10.5203130169
196.277736784 12.1985800856
194.216592833 9.93168204726
192.155448882 10.1208191114
190.094304932 11.2672232174
188.033160981 10.5303037887
185.972017031 9.13600083424
183.91087308 10.0918476279
181.849729129 11.4155352619
179.788585179 10.9293759803
177.727441228 11.1472895264
175.666297278 9.49769922182
173.605153327 11.2897260815
171.544009376 9.08396019235
169.482865426 9.22387901795
167.421721475 10.6823273324
165.360577525 10.6048090067
163.299433574 10.9942448947
161.238289623 8.92933162959
159.177145673 9.86802840351
157.116001722 11.3442719098
155.054857772 8.40111016273
152.993713821 8.60955153286
150.93256987 9.79343613503
148.87142592 8.65438960191
146.810281969 8.57273957914
144.749138019 10.051078573
142.687994068 10.6443521614
140.626850118 10.5662483591
138.565706167 10.2498098198
136.504562216 8.78046164854
134.443418266 10.9675198058
132.382274315 9.91575552019
130.321130365 9.96064495309
128.259986414 10.1895906967
126.198842463 11.0044330177
124.137698513 9.94255250548
122.076554562 9.70837830737
120.015410612 9.42514943475
117.954266661 8.13992271006
115.89312271 9.01938797592
113.83197876 9.21221473312
111.770834809 9.54837354205
109.709690859 10.5483187985
107.648546908 9.92439345771
105.587402957 9.14898981468
103.526259007 11.0587535062
101.465115056 10.4418146763
99.4039711055 9.53799693219
97.3428271549 10.7193153122
95.2816832043 7.81314799814
93.2205392537 8.64193923409
91.1593953031 9.56870503118
89.0982513525 8.19742147268
87.0371074019 9.38825412798
84.9759634513 8.15801499542
82.9148195007 11.0755362716
80.8536755501 8.30564379545
78.7925315995 8.65076869793
76.7313876489 9.14404234999
74.6702436983 9.25708658981
72.6090997477 10.350128762
70.5479557971 9.44840372309
68.4868118466 8.76587488517
66.425667896 8.89765781722
64.3645239454 6.78712621268
62.3033799948 8.31172922678
60.2422360442 8.59248898554
58.1810920936 7.79181609386
56.119948143 7.82373995961
54.0588041924 9.28934196216
51.9976602418 7.4052565143
49.9365162912 6.57002710739
47.8753723406 8.16051059836
45.81422839 7.88804462801
43.7530844394 7.96451422766
41.6919404888 8.83219159182
39.6307965382 8.49013546707
37.5696525876 9.79424596442
35.508508637 7.76309747264
33.4473646864 9.21352058982
31.3862207358 6.98313753261
29.3250767852 6.93938653211
27.2639328346 7.79937525641
25.202788884 9.93527667042
23.1416449334 8.9344416413
21.0805009828 11.5511400824
19.0193570322 13.5626363412
16.9582130816 17.5827975279
14.897069131 24.4605326331
12.8359251804 29.5767730259
10.7747812298 35.1603591333
8.71363727919 42.7229521466
6.65249332859 44.355431946
4.59134937799 48.1214733496
2.53020542739 46.1916577526
0.469061476795 44.4941630769
-1.5920824738 45.1080297374
-3.6532264244 41.534844072
-5.714370375 40.1861757276
-7.7755143256 38.6525387784
-9.8366582762 34.4771046851
-11.8978022268 32.4693246997
-13.9589461774 27.8900515162
-16.020090128 23.2134803345
-18.0812340786 21.6502542509
-20.1423780292 18.765535509
-22.2035219798 15.3004821217
-24.2646659304 14.803543887
-26.325809881 12.3009975406
-28.3869538316 11.1283791938
-30.4480977822 11.7940815758
-32.5092417328 13.5662005518
-34.5703856834 13.5652759877
-36.631529634 15.3213769381
-38.6926735846 19.5565454851
-40.7538175352 19.0114812998
-42.8149614858 18.1485708557
-44.8761054364 17.2330867035
-46.937249387 18.4179055685
-48.9983933376 15.9370466045
-51.0595372882 13.3164123422
-53.1206812388 10.1341158663
-55.1818251894 9.44697185415
-57.24296914 9.06682941827
-59.3041130906 7.99425811141
-61.3652570412 7.93588248645
-63.4264009918 9.36688699663
-65.4875449424 10.4617115222
-67.548688893 11.0786820032
-69.6098328436 12.0815530306
-71.6709767942 13.6147106913
-73.7321207448 14.9746139547
-75.7932646954 14.0945474619
-77.854408646 12.1278787869
-79.9155525966 11.1285411963
-81.9766965472 9.58337281688
-84.0378404977 9.72347869563
-86.0989844483 10.0868451722
-88.1601283989 5.66555691471
-90.2212723495 4.98649127802
-92.2824163001 4.30272002572
-94.3435602507 4.24742482459
-96.4047042013 2.85095777397
-98.4658481519 2.81835176907
-100.526992103 2.86980676469
-102.588136053 1.05078987702
-104.649280004 0.678839430052
-106.710423954 -1.20438153063
-108.771567905 -1.25478086401
-110.832711856 -0.97914264028
-112.893855806 -0.940379728886
-114.954999757 -1.58818340954
-117.016143707 -0.244085475798
-119.077287658 -0.529367589394
-121.138431609 -0.520499878754
-123.199575559 -0.984600259703
-125.26071951 -2.70979868659
-127.32186346 -1.64892716144
-129.383007411 -4.23651749902
-131.444151362 -3.25822704884
-133.505295312 -1.7954781105
-135.566439263 -3.68609105391
-137.627583213 -2.46489688566
-139.688727164 -2.56546342505
-141.749871115 -2.91118252264
-143.811015065 -1.72407642259
-145.872159016 -3.95955548064
-147.933302966 -4.07549836692
-149.994446917 -3.3257978098
-152.055590868 -3.14998376154
-154.116734818 -2.666086237
-156.177878769 -4.72705450902
-158.239022719 -4.27347629021
-160.30016667 -3.61615405773
-162.36131062 -3.45995034781
-164.422454571 -5.413408211
-166.483598522 -5.35968164294
-168.544742472 -5.1484527845
-170.605886423 -3.25801507053
-172.667030373 -5.04086112219
-174.728174324 -4.76447071315
-176.789318275 -5.6889573518
-178.850462225 -4.24390198758
-180.911606176 -5.03982060606
-182.972750126 -5.23350981556
-185.033894077 -5.46179362692
-187.095038028 -4.57584381751
-189.156181978 -5.28879482426
-191.217325929 -4.277105036
-193.278469879 -3.8894574618
-195.33961383 -3.41567752245
-197.400757781 -4.21521258033
-199.461901731 -4.20075504122
-201.523045682 -4.2894003702
-203.584189632 -5.12423840545
-205.645333583 -3.32239067886
-207.706477534 -3.0573918661
-209.767621484 -3.33559552179
-211.828765435 -3.80274747724
-213.889909385 -2.64268500504
-215.951053336 -2.37671994366
-218.012197287 -2.08344731919
-220.073341237 -1.51904464412
-222.134485188 -1.34050631954
-224.195629138 -1.50233151774
-226.256773089 -1.02003767802
-228.31791704 -1.41331562862
