# BEGINHEADER
# This file contains data from the SALSA 2m radio telescope.
# DATE=2020-05-13T05:35:31.0
# GLON and GLAT given in degrees
# GLON=87.8600191261
# GLAT=1.04617181909
# DATA in two columns below. Col. 1 is velocity relative to LSR [km/s]. Col. 2 is uncalibrated antenna temperature [K].
# ENDHEADER
294.772433744 0.00079755614128
292.711289794 1.18480416165
290.650145843 1.66201793999
288.589001893 1.30998499275
286.527857942 1.92796224681
284.466713991 2.58514820143
282.405570041 3.81134130927
280.34442609 3.59989617462
278.28328214 3.39156513414
276.222138189 4.43311014852
274.160994238 5.10339855399
272.099850288 4.99882475343
270.038706337 4.79873085042
267.977562387 5.11067147167
265.916418436 5.81214677453
263.855274485 7.38450432589
261.794130535 6.24877893905
259.732986584 7.08978595503
257.671842634 5.68076562141
255.610698683 7.257682468
253.549554732 5.69562619788
251.488410782 8.29967523204
249.427266831 8.12822149597
247.366122881 7.64261072208
245.30497893 8.59371300216
243.243834979 10.3508078003
241.182691029 9.57654905303
239.121547078 9.36120656165
237.060403128 9.01609204928
234.999259177 10.2315317345
232.938115226 9.83104820647
230.876971276 10.4136739578
228.815827325 10.1996468436
226.754683375 10.8777161974
224.693539424 10.8872183533
222.632395473 10.2322975899
220.571251523 10.1391546154
218.510107572 11.1079884905
216.448963622 9.97264450143
214.387819671 9.9011258682
212.32667572 9.53610068154
210.26553177 10.1855621173
208.204387819 12.1573162915
206.143243869 9.49835251918
204.082099918 10.9803343807
202.020955967 11.3306415988
199.959812017 11.3576449262
197.898668066 11.002313007
195.837524116 12.4933446106
193.776380165 11.5237298146
191.715236214 10.6156132162
189.654092264 13.2290583124
187.592948313 12.7894178729
185.531804363 13.5625794302
183.470660412 11.6545812205
181.409516461 11.1986589035
179.348372511 10.6830532966
177.28722856 9.90973469765
175.22608461 10.7584699811
173.164940659 11.5318143579
171.103796708 11.4620089895
169.042652758 10.2907294919
166.981508807 10.5537508906
164.920364857 12.7571429048
162.859220906 12.5443042363
160.798076955 13.3455760626
158.736933005 11.028863501
156.675789054 13.4188575285
154.614645104 13.4980321628
152.553501153 12.9900976749
150.492357202 12.2806143349
148.431213252 11.5950258131
146.370069301 11.811977523
144.308925351 11.1585080601
142.2477814 13.6899582813
140.186637449 11.9455150124
138.125493499 11.1891736345
136.064349548 12.3239235034
134.003205598 13.0873878107
131.942061647 12.1524292989
129.880917696 12.8622687945
127.819773746 13.7836500755
125.758629795 11.3130691103
123.697485845 11.5793914554
121.636341894 11.8676375143
119.575197943 10.1920012583
117.514053993 10.6847361414
115.452910042 11.9479609847
113.391766092 11.7413551499
111.330622141 11.0997584062
109.26947819 13.8440848272
107.20833424 11.2908884058
105.147190289 11.939139646
103.086046339 10.3305350482
101.024902388 13.0893627399
98.9637584374 10.0033496177
96.9026144868 12.1057648922
94.8414705362 10.5322573634
92.7803265856 10.9360927684
90.719182635 9.67375602772
88.6580386844 9.8109881966
86.5968947338 9.51741299411
84.5357507832 11.4931169208
82.4746068326 11.7090062688
80.413462882 11.091270447
78.3523189315 11.7890216295
76.2911749809 11.2685747101
74.2300310303 10.5826511923
72.1688870797 10.4320423085
70.1077431291 6.80920073833
68.0465991785 12.6754493725
65.9854552279 11.651253105
63.9243112773 10.6152635239
61.8631673267 11.8424747687
59.8020233761 9.89267565162
57.7408794255 11.8093490446
55.6797354749 11.7184782925
53.6185915243 11.2350628448
51.5574475737 11.2144790478
49.4963036231 9.99636811165
47.4351596725 10.0974692403
45.3740157219 11.8965302267
43.3128717713 11.4073311566
41.2517278207 9.19275363085
39.1905838701 8.95550405355
37.1294399195 10.5188915552
35.0682959689 9.02069085789
33.0071520183 11.5308208577
30.9460080677 10.8238152072
28.8848641171 9.28490803047
26.8237201665 10.9005924779
24.7625762159 8.75325823481
22.7014322653 9.53172051042
20.6402883147 11.3343158074
18.5791443641 10.8340246614
16.5180004135 14.0724156724
14.4568564629 16.1171147667
12.3957125123 17.8309512927
10.3345685617 22.7141434251
8.2734246111 28.9542498088
6.2122806605 34.5483461381
4.1511367099 40.740075148
2.0899927593 40.9983922616
0.0288488087017 42.1090487678
-2.0322951419 38.7323854184
-4.0934390925 35.8246055143
-6.15458304309 34.7858751184
-8.21572699369 32.5756924164
-10.2768709443 31.0180321294
-12.3380148949 29.3067627442
-14.3991588455 29.6124772482
-16.4603027961 26.5468752383
-18.5214467467 27.1202796215
-20.5825906973 23.3662833681
-22.6437346479 22.9123417405
-24.7048785985 19.2409242987
-26.7660225491 19.6510522778
-28.8271664997 17.4458945677
-30.8883104503 19.0757282032
-32.9494544009 18.3406982704
-35.0105983515 16.5845960748
-37.0717423021 18.7230916371
-39.1328862527 19.3929578141
-41.1940302033 19.8744315782
-43.2551741539 21.9045093771
-45.3163181045 21.5217584537
-47.3774620551 19.5383069739
-49.4386060057 21.6631364852
-51.4997499563 20.3044119268
-53.5608939069 17.695998286
-55.6220378575 17.8091142054
-57.6831818081 15.72993841
-59.7443257587 17.3215005187
-61.8054697093 15.3212509963
-63.8666136599 15.7950057946
-65.9277576105 14.9665291723
-67.9889015611 13.0610044085
-70.0500455117 14.9230487601
-72.1111894623 18.7489774531
-74.1723334128 16.4616089827
-76.2334773634 17.7917494972
-78.294621314 17.8594498978
-80.3557652646 17.7822786628
-82.4169092152 15.6080546016
-84.4780531658 16.4562991216
-86.5391971164 15.6807114342
-88.600341067 13.193498894
-90.6614850176 12.5074643396
-92.7226289682 10.2168517768
-94.7837729188 8.69943093666
-96.8449168694 8.483575563
-98.90606082 8.07072091309
-100.967204771 7.97360332947
-103.028348721 4.13704362701
-105.089492672 4.74674252963
-107.150636622 4.49845619589
-109.211780573 5.2320245777
-111.272924524 4.10041412388
-113.334068474 2.95520535531
-115.395212425 0.655401197103
-117.456356375 1.95069978397
-119.517500326 1.79097038572
-121.578644277 3.278967441
-123.639788227 1.01984238366
-125.700932178 -0.77224273375
-127.762076128 0.62722041685
-129.823220079 -0.13650127854
-131.88436403 -0.100318996155
-133.94550798 0.0577560612762
-136.006651931 1.19358535396
-138.067795881 0.934215841042
-140.128939832 -2.03643099286
-142.190083783 -0.998352497312
-144.251227733 -2.22465353402
-146.312371684 -1.78173883367
-148.373515634 -0.750755296405
-150.434659585 -1.55891098913
-152.495803536 0.00990529884188
-154.556947486 -1.8829890716
-156.618091437 -2.24737534164
-158.679235387 -2.98596251859
-160.740379338 -1.46824667082
-162.801523289 -1.9214334384
-164.862667239 -2.27476990325
-166.92381119 -3.61232000954
-168.98495514 -1.91458258459
-171.046099091 -1.87291901401
-173.107243042 -1.80491587534
-175.168386992 -2.56160495956
-177.229530943 -3.0282469612
-179.290674893 -4.12996537622
-181.351818844 -2.59055862744
-183.412962795 -1.7832380064
-185.474106745 -4.22736106791
-187.535250696 -1.85064502841
-189.596394646 -2.32718393391
-191.657538597 -2.50482587037
-193.718682548 -2.04319281904
-195.779826498 -2.71641197702
-197.840970449 -3.26018430967
-199.902114399 -2.03617282569
-201.96325835 -2.5761262345
-204.024402301 -2.47993970166
-206.085546251 -2.59650886897
-208.146690202 -1.87734478743
-210.207834152 -2.39908677068
-212.268978103 -2.38740653215
-214.330122054 -2.29864111221
-216.391266004 -1.0522642291
-218.452409955 -1.40420099998
-220.513553905 -0.874653480681
-222.574697856 -0.955679014256
-224.635841807 -1.26725058825
-226.696985757 -0.376904245118
-228.758129708 -0.412648204345
-230.819273658 0.190571271211
