# BEGINHEADER
# This file contains data from the SALSA 2m radio telescope.
# DATE=2020-05-13T05:29:55.0
# GLON and GLAT given in degrees
# GLON=87.7981864735
# GLAT=0.245810364134
# DATA in two columns below. Col. 1 is velocity relative to LSR [km/s]. Col. 2 is uncalibrated antenna temperature [K].
# ENDHEADER
294.982138708 0.000387927726753
292.920994757 0.865762597117
290.859850807 1.08431107556
288.798706856 1.37283751252
286.737562905 2.58833951124
284.676418955 1.8576935482
282.615275004 3.29841412471
280.554131054 3.18313589077
278.492987103 3.22150023395
276.431843152 4.09044158363
274.370699202 5.11641681655
272.309555251 4.07699038531
270.248411301 6.00135144829
268.18726735 4.3378697368
266.126123399 6.51488616293
264.064979449 6.73606732879
262.003835498 6.14155500823
259.942691548 9.0989009562
257.881547597 8.02373992204
255.820403646 7.23617906516
253.759259696 7.32848500649
251.698115745 8.93143705437
249.636971795 8.71918025302
247.575827844 8.9557677966
245.514683893 8.40668136237
243.453539943 9.93266914049
241.392395992 8.71037286639
239.331252042 10.3468431908
237.270108091 9.90900344494
235.20896414 9.74908243333
233.14782019 10.6884229542
231.086676239 10.273710287
229.025532289 11.1169106696
226.964388338 11.4107423407
224.903244387 10.0377652329
222.842100437 11.0114436103
220.780956486 9.39363543017
218.719812536 13.0681589182
216.658668585 12.6449655583
214.597524634 10.8131761788
212.536380684 11.7110394824
210.475236733 11.6100379214
208.414092783 12.7909208684
206.352948832 14.6174179361
204.291804881 11.4877035958
202.230660931 10.9098160076
200.16951698 11.353552379
198.10837303 11.7202463019
196.047229079 10.9941212088
193.986085128 11.7372491238
191.924941178 13.7116473868
189.863797227 10.4384122766
187.802653277 12.0688159723
185.741509326 12.7171942318
183.680365375 13.5500493676
181.619221425 14.1283207752
179.558077474 12.2616473478
177.496933524 12.7472462341
175.435789573 11.9588800102
173.374645622 12.8342134872
171.313501672 11.6609884734
169.252357721 12.1802126106
167.191213771 11.1127000749
165.13006982 11.4342319163
163.068925869 10.6909485627
161.007781919 12.8422218993
158.946637968 12.2241835989
156.885494018 12.9961961753
154.824350067 12.2281145774
152.763206116 13.2645485961
150.702062166 12.6106904789
148.640918215 11.9643434811
146.579774265 10.842310012
144.518630314 10.9416426383
142.457486363 11.5556511689
140.396342413 12.2433293127
138.335198462 11.5364426006
136.274054512 13.5679708264
134.212910561 11.490624251
132.15176661 11.7615418972
130.09062266 11.6233833894
128.029478709 10.5715979522
125.968334759 10.4079694358
123.907190808 9.99178458154
121.846046857 11.127489356
119.784902907 12.1784126591
117.723758956 12.0790779328
115.662615006 12.1005358191
113.601471055 11.4841296682
111.540327105 10.6513962288
109.479183154 10.5200367548
107.418039203 11.7120289129
105.356895253 12.6466347238
103.295751302 12.6037792217
101.234607352 11.7319551536
99.1734634009 11.1150986202
97.1123194503 10.7364154172
95.0511754997 11.3259285715
92.9900315491 11.0463593272
90.9288875985 11.8586475636
88.8677436479 10.8806230869
86.8065996973 11.0450695364
84.7454557467 11.0592808281
82.6843117961 9.89502654435
80.6231678455 8.9490741215
78.5620238949 9.2845386
76.5008799443 10.1001807756
74.4397359937 10.7003599355
72.3785920431 11.6723694689
70.3174480925 11.5291517626
68.2563041419 11.7317730946
66.1951601913 10.8319654882
64.1340162407 11.3090858594
62.0728722901 10.5592439896
60.0117283395 8.47952436771
57.9505843889 11.072797508
55.8894404383 11.1735908997
53.8282964877 10.4291997756
51.7671525371 10.8912365183
49.7060085865 11.3841087399
47.6448646359 10.3155868351
45.5837206853 11.0686263968
43.5225767347 8.23481520846
41.4614327842 10.035336638
39.4002888336 11.0143346628
37.339144883 8.54724144144
35.2780009324 9.31731898297
33.2168569818 8.64766520175
31.1557130312 9.4857537151
29.0945690806 8.12874992062
27.03342513 9.26728483796
24.9722811794 10.44665586
22.9111372288 9.26513480357
20.8499932782 10.1759530878
18.7888493276 11.3277649205
16.727705377 12.8021520419
14.6665614264 13.0769269311
12.6054174758 14.6218113718
10.5442735252 22.3478919673
8.48312957457 27.4152537982
6.42198562397 35.3063143546
4.36084167338 37.9041707801
2.29969772278 41.8639590142
0.238553772178 39.6177747175
-1.82259017842 37.5310189406
-3.88373412902 33.2206497187
-5.94487807962 31.8885331506
-8.00602203022 29.4653660577
-10.0671659808 29.3071204594
-12.1283099314 27.5323230059
-14.189453882 26.572136475
-16.2505978326 25.9461622391
-18.3117417832 24.2876107894
-20.3728857338 24.1164888209
-22.4340296844 23.1004848311
-24.495173635 19.5202074113
-26.5563175856 17.1326167742
-28.6174615362 19.3480849693
-30.6786054868 18.473560321
-32.7397494374 15.1774898675
-34.800893388 17.0111979669
-36.8620373386 15.7815940694
-38.9231812892 17.6941811364
-40.9843252398 17.4140145577
-43.0454691904 21.5124721713
-45.106613141 22.0336000762
-47.1677570916 18.6742661959
-49.2289010422 19.0995240772
-51.2900449928 16.3265852043
-53.3511889434 13.6403839959
-55.412332894 13.3930888562
-57.4734768446 13.7796762187
-59.5346207952 15.0842855365
-61.5957647458 12.7757006756
-63.6569086964 13.1676843837
-65.718052647 11.1196076599
-67.7791965976 14.021070259
-69.8403405482 13.4589438664
-71.9014844988 13.4729026922
-73.9626284494 16.6625553327
-76.0237724 15.4507646376
-78.0849163506 15.1274251969
-80.1460603012 14.4910218073
-82.2072042518 14.9170559673
-84.2683482024 13.3754565427
-86.329492153 12.1807623611
-88.3906361036 9.15048236146
-90.4517800542 10.6457852544
-92.5129240048 8.58760494056
-94.5740679554 7.88171003317
-96.635211906 7.3655390379
-98.6963558566 5.00246949024
-100.757499807 4.91522581653
-102.818643758 4.71128951138
-104.879787708 3.36195480207
-106.940931659 4.60499971258
-109.00207561 3.48195851635
-111.06321956 2.41602186107
-113.124363511 3.95423139884
-115.185507461 2.80620660366
-117.246651412 0.36499630997
-119.307795363 -0.127678180748
-121.368939313 0.03934643294
-123.430083264 0.317375889185
-125.491227214 0.214163362527
-127.552371165 0.358531602878
-129.613515116 1.5933109214
-131.674659066 0.218152709233
-133.735803017 -0.5911870208
-135.796946967 -1.6455886389
-137.858090918 -1.5899452345
-139.919234869 -1.33716849587
-141.980378819 -0.924050504007
-144.04152277 -0.865905675002
-146.10266672 -0.521802253617
-148.163810671 -2.04616586483
-150.224954622 -2.96482496365
-152.286098572 -2.35148663444
-154.347242523 -1.55580819421
-156.408386473 -2.92428820705
-158.469530424 -3.21002503112
-160.530674375 -3.58544736946
-162.591818325 -2.52765880213
-164.652962276 -3.85109549478
-166.714106226 -3.38682890542
-168.775250177 -2.35797926793
-170.836394128 -2.46559442419
-172.897538078 -4.01458553524
-174.958682029 -1.65299724799
-177.019825979 -2.43285204136
-179.08096993 -3.1836519551
-181.142113881 -2.66966439391
-183.203257831 -3.90912829348
-185.264401782 -3.33869120024
-187.325545732 -2.09116813502
-189.386689683 -2.22627448489
-191.447833633 -3.23909172699
-193.508977584 -3.11837338526
-195.570121535 -2.14622213782
-197.631265485 -3.3050983955
-199.692409436 -3.70102623703
-201.753553386 -3.80104704059
-203.814697337 -2.57043001292
-205.875841288 -3.19789861789
-207.936985238 -2.92885008621
-209.998129189 -2.46926618399
-212.059273139 -1.70982535776
-214.12041709 -1.538017965
-216.181561041 -2.06407496425
-218.242704991 -1.11808815255
-220.303848942 -2.07282874382
-222.364992892 -1.09817836348
-224.426136843 -0.855292976428
-226.487280794 -0.265470770022
-228.548424744 -0.874907248462
-230.609568695 0.369824580807
