# BEGINHEADER
# This file contains data from the SALSA 2m radio telescope.
# DATE=2020-05-13T05:39:46.0
# GLON and GLAT given in degrees
# GLON=92.7638261161
# GLAT=0.133474550637
# DATA in two columns below. Col. 1 is velocity relative to LSR [km/s]. Col. 2 is uncalibrated antenna temperature [K].
# ENDHEADER
292.650374443 0.00047690923683
290.589230492 0.357496614162
288.528086541 1.08674234078
286.466942591 1.42699785007
284.40579864 1.35993885534
282.34465469 2.69346776363
280.283510739 1.93693296793
278.222366788 2.95995135437
276.161222838 2.7099542019
274.100078887 4.23748169008
272.038934937 4.28230381234
269.977790986 5.10408091259
267.916647035 4.24159857116
265.855503085 6.10917566914
263.794359134 5.84814006233
261.733215184 6.88218809263
259.672071233 6.51123463895
257.610927282 7.55768966222
255.549783332 6.45224591255
253.488639381 7.18154459845
251.427495431 6.95212169979
249.36635148 8.86723391333
247.305207529 9.11813221149
245.244063579 8.61398139815
243.182919628 9.23524339809
241.121775678 9.65876172311
239.060631727 9.50175425862
236.999487776 9.99461605858
234.938343826 8.92952574085
232.877199875 9.77196369158
230.816055925 10.5670503082
228.754911974 8.19698485435
226.693768023 10.2636806223
224.632624073 9.94336965368
222.571480122 10.4291386188
220.510336172 11.3200222839
218.449192221 10.7907779963
216.38804827 10.0131232617
214.32690432 10.8192639092
212.265760369 11.4468856914
210.204616419 11.3919912341
208.143472468 10.8093506984
206.082328517 9.37452201153
204.021184567 10.7472505603
201.960040616 10.8959371383
199.898896666 10.9427648712
197.837752715 10.9790156167
195.776608764 10.8978163305
193.715464814 11.2957222581
191.654320863 10.7750516621
189.593176913 11.413474125
187.532032962 10.2374677004
185.470889011 12.6438933108
183.409745061 9.87993831872
181.34860111 10.6674946257
179.28745716 9.61556839844
177.226313209 10.1892572554
175.165169258 11.8324439876
173.104025308 10.8305567996
171.042881357 10.8788958198
168.981737407 9.85052067667
166.920593456 12.1380068419
164.859449505 10.2635843598
162.798305555 11.6279028494
160.737161604 11.4460380383
158.676017654 11.7340911537
156.614873703 11.5335646581
154.553729752 12.2210817785
152.492585802 11.081631082
150.431441851 11.5395339586
148.370297901 10.6643145377
146.30915395 12.5560035975
144.248009999 12.4246796025
142.186866049 11.7921032938
140.125722098 12.064566958
138.064578148 11.8661216963
136.003434197 11.739521869
133.942290246 11.8080057578
131.881146296 12.6687013253
129.820002345 11.7009699307
127.758858395 10.9897350231
125.697714444 10.2093589981
123.636570493 10.8647511054
121.575426543 12.08353106
119.514282592 10.6961733245
117.453138642 11.8057836948
115.391994691 11.5792519187
113.33085074 11.845392333
111.26970679 12.0023681346
109.208562839 12.1449193237
107.147418889 10.3078109563
105.086274938 8.80038445408
103.025130987 12.3617106631
100.963987037 11.5338602865
98.9028430862 9.45435556497
96.8416991356 13.3551947826
94.780555185 11.5803083496
92.7194112344 12.1300640743
90.6582672838 10.5023871583
88.5971233332 11.7219416416
86.5359793826 12.3584408454
84.474835432 10.7930717319
82.4136914814 9.6214999163
80.3525475309 12.3421395238
78.2914035803 10.3993430505
76.2302596297 12.1672634827
74.1691156791 10.3628051017
72.1079717285 10.2911406902
70.0468277779 11.7942017976
67.9856838273 10.6006062456
65.9245398767 11.0404555479
63.8633959261 10.65976735
61.8022519755 11.8109256445
59.7411080249 10.5907675419
57.6799640743 9.00121148764
55.6188201237 9.4546558029
53.5576761731 10.4052378135
51.4965322225 10.6529078477
49.4353882719 10.1208612811
47.3742443213 9.70808233985
45.3131003707 9.07249748827
43.2519564201 8.83426000988
41.1908124695 9.09450675262
39.1296685189 9.19921248584
37.0685245683 10.7058193235
35.0073806177 11.1598587938
32.9462366671 9.53604766968
30.8850927165 10.3336331582
28.8239487659 9.60699899549
26.7628048153 8.65872961629
24.7016608647 7.21070305183
22.6405169141 10.3767000007
20.5793729635 10.006886625
18.5182290129 9.97711659846
16.4570850623 9.2113570201
14.3959411117 11.2114013272
12.3347971611 11.262745348
10.2736532105 15.5809369028
8.2125092599 19.0553856768
6.1513653093 25.3505865447
4.0902213587 35.6995884654
2.0290774081 38.5288439882
-0.0320665424957 42.5119644523
-2.09321049309 41.1869890302
-4.15435444369 35.5543464656
-6.21549839429 32.7129670286
-8.27664234489 31.157202167
-10.3377862955 27.4114293131
-12.3989302461 26.6435747897
-14.4600741967 23.1200092379
-16.5212181473 25.2088372332
-18.5823620979 22.4733020002
-20.6435060485 20.5350935522
-22.7046499991 20.2330514982
-24.7657939497 16.501354066
-26.8269379003 17.1142505903
-28.8880818509 19.2528146681
-30.9492258015 19.0806229904
-33.0103697521 18.8183483112
-35.0715137027 17.3273733757
-37.1326576533 19.2861498015
-39.1938016039 20.8056989104
-41.2549455545 21.8440540997
-43.3160895051 21.5750543771
-45.3772334557 17.7353999979
-47.4383774063 19.0002959683
-49.4995213569 20.0242780356
-51.5606653075 17.6064514844
-53.6218092581 18.1751670271
-55.6829532087 17.1481390932
-57.7440971593 17.5045605728
-59.8052411099 15.8785173817
-61.8663850605 16.1853485406
-63.9275290111 13.4916210001
-65.9886729617 14.0187283069
-68.0498169123 13.5223107438
-70.1109608628 12.5794386123
-72.1721048134 14.613895796
-74.233248764 12.0087575812
-76.2943927146 14.9753168255
-78.3555366652 13.1602923081
-80.4166806158 11.4535569559
-82.4778245664 8.63624033025
-84.538968517 7.05861441147
-86.6001124676 9.09168278243
-88.6612564182 10.2293880512
-90.7224003688 8.06473687933
-92.7835443194 8.30936683872
-94.84468827 7.81933877822
-96.9058322206 7.75408548963
-98.9669761712 7.04236017009
-101.028120122 7.09045884675
-103.089264072 4.51343439124
-105.150408023 4.15888635817
-107.211551974 4.28996410137
-109.272695924 5.97303606939
-111.333839875 4.78138815719
-113.394983825 3.61952408083
-115.456127776 4.12069206665
-117.517271727 0.643312982552
-119.578415677 0.216432934872
-121.639559628 0.770418006555
-123.700703578 -0.418826499504
-125.761847529 -0.198950463474
-127.82299148 0.860861672457
-129.88413543 0.803208318686
-131.945279381 0.278981619591
-134.006423331 0.465936831815
-136.067567282 -0.524078745387
-138.128711233 -1.09462820096
-140.189855183 -1.53891736737
-142.250999134 -1.18408085404
-144.312143084 -1.55985010131
-146.373287035 -1.89017133376
-148.434430986 -0.164796534412
-150.495574936 0.877010191149
-152.556718887 -1.23585280633
-154.617862837 -1.18320574105
-156.679006788 -1.78076304864
-158.740150739 -2.61059902699
-160.801294689 -3.6534929956
-162.86243864 -2.16923450034
-164.92358259 -1.57205492825
-166.984726541 -3.39824713574
-169.045870492 -3.15461560217
-171.107014442 -1.91571703633
-173.168158393 -1.85085280697
-175.229302343 -2.21007511273
-177.290446294 -3.03381965805
-179.351590245 -2.7921409435
-181.412734195 -4.19853659019
-183.473878146 -3.81716135727
-185.535022096 -1.8378076918
-187.596166047 -2.37857555376
-189.657309998 -2.28544609237
-191.718453948 -2.91977418824
-193.779597899 -2.87794327533
-195.840741849 -2.52800268993
-197.9018858 -3.11465201147
-199.963029751 -3.06459782151
-202.024173701 -3.743899214
-204.085317652 -3.35104267204
-206.146461602 -2.5092363275
-208.207605553 -2.22024454169
-210.268749504 -1.785320379
-212.329893454 -3.22760896931
-214.391037405 -3.56579570902
-216.452181355 -2.30838952636
-218.513325306 -2.80205222159
-220.574469257 -1.98039816887
-222.635613207 -1.10210768473
-224.696757158 -1.0945151232
-226.757901108 -0.476813017645
-228.819045059 -1.60930063289
-230.88018901 -0.640041407464
-232.94133296 -0.244248284253
