# BEGINHEADER
# This file contains data from the SALSA 2m radio telescope.
# DATE=2020-05-13T09:10:56.0
# GLON and GLAT given in degrees
# GLON=157.677051881
# GLAT=-40.5259221141
# DATA in two columns below. Col. 1 is velocity relative to LSR [km/s]. Col. 2 is uncalibrated antenna temperature [K].
# ENDHEADER
2457.73224395 0.0466153181687
2455.6711 70.8823753938
2453.60995605 116.384355711
2451.5488121 118.284942753
2449.48766815 121.580981243
2447.4265242 124.225327065
2445.36538025 127.882310443
2443.3042363 131.607332722
2441.24309235 138.581195424
2439.1819484 144.224663627
2437.12080445 152.169142697
2435.0596605 159.425479564
2432.99851655 165.729123391
2430.9373726 171.479140281
2428.87622865 178.966425389
2426.81508469 187.078881757
2424.75394074 196.686468997
2422.69279679 204.007013526
2420.63165284 210.881990373
2418.57050889 216.86948153
2416.50936494 224.822713627
2414.44822099 229.997350018
2412.38707704 234.893716356
2410.32593309 238.883753748
2408.26478914 244.277977622
2406.20364519 250.401507572
2404.14250124 253.915568345
2402.08135729 256.656421646
2400.02021334 259.503373336
2397.95906939 261.78060437
2395.89792544 267.793825171
2393.83678149 271.605799342
2391.77563753 271.371723199
2389.71449358 273.482822284
2387.65334963 276.345054623
2385.59220568 277.064332079
2383.53106173 278.009266438
2381.46991778 277.115965291
2379.40877383 280.466847374
2377.34762988 282.016157991
2375.28648593 282.198851805
2373.22534198 281.088011199
2371.16419803 284.727643967
2369.10305408 285.649684065
2367.04191013 282.518610846
2364.98076618 284.590814717
2362.91962223 285.142392176
2360.85847828 287.367149064
2358.79733433 287.473136806
2356.73619037 289.899810869
2354.67504642 289.196896063
2352.61390247 290.695062767
2350.55275852 289.81048472
2348.49161457 289.876527572
2346.43047062 292.743117065
2344.36932667 290.938150278
2342.30818272 293.483299876
2340.24703877 292.731039399
2338.18589482 294.150471366
2336.12475087 297.166082451
2334.06360692 297.527987127
2332.00246297 294.975374189
2329.94131902 298.36532716
2327.88017507 294.303388115
2325.81903112 297.881123299
2323.75788717 298.961151864
2321.69674321 297.396179298
2319.63559926 298.08404145
2317.57445531 302.76751835
2315.51331136 299.435860323
2313.45216741 300.602383945
2311.39102346 301.987108507
2309.32987951 302.504907587
2307.26873556 303.371237562
2305.20759161 300.88862287
2303.14644766 305.178281505
2301.08530371 302.26494998
2299.02415976 302.984603293
2296.96301581 301.786181561
2294.90187186 301.433824971
2292.84072791 304.973990581
2290.77958396 304.197848049
2288.71844 307.493029613
2286.65729605 304.464402719
2284.5961521 306.489750137
2282.53500815 307.62496453
2280.4738642 306.694936958
2278.41272025 306.507217803
2276.3515763 307.163351567
2274.29043235 305.341321491
2272.2292884 307.385453792
2270.16814445 308.103953448
2268.1070005 309.598727979
2266.04585655 305.925620394
2263.9847126 305.538871218
2261.92356865 306.829397234
2259.8624247 306.87049224
2257.80128075 306.209882312
2255.7401368 310.492016972
2253.67899284 308.922570969
2251.61784889 310.27357205
2249.55670494 310.589325966
2247.49556099 308.666755599
2245.43441704 311.793397847
2243.37327309 308.902670126
2241.31212914 307.385458789
2239.25098519 308.309144856
2237.18984124 310.98106753
2235.12869729 309.598428664
2233.06755334 305.853432374
2231.00640939 310.561681916
2228.94526544 310.236012251
2226.88412149 311.700250167
2224.82297754 309.706888682
2222.76183359 309.5909659
2220.70068964 307.976605278
2218.63954568 310.633474992
2216.57840173 311.730497431
2214.51725778 311.816373327
2212.45611383 311.087490676
2210.39496988 309.940883687
2208.33382593 310.487485647
2206.27268198 312.260333799
2204.21153803 310.87339268
2202.15039408 311.580506319
2200.08925013 311.8745463
2198.02810618 310.346821707
2195.96696223 311.520142583
2193.90581828 310.674005622
2191.84467433 299.653600476
2189.78353038 310.199350406
2187.72238643 312.700400587
2185.66124247 311.579005918
2183.60009852 308.905637833
2181.53895457 311.52074467
2179.47781062 311.975199738
2177.41666667 314.409613121
2175.35552272 308.282604875
2173.29437877 310.596720173
2171.23323482 311.046599322
2169.17209087 310.333053181
2167.11094692 310.624063307
2165.04980297 311.036053167
2162.98865902 309.673174976
2160.92751507 308.301709423
2158.86637112 310.738097507
2156.80522717 306.557442261
2154.74408322 311.882515557
2152.68293927 306.191054345
2150.62179531 307.547561913
2148.56065136 306.903549509
2146.49950741 309.303877196
2144.43836346 308.982874384
2142.37721951 307.099011444
2140.31607556 306.350100013
2138.25493161 307.680177852
2136.19378766 305.360490976
2134.13264371 309.712223455
2132.07149976 308.91043208
2130.01035581 305.933378086
2127.94921186 307.528344673
2125.88806791 305.485890313
2123.82692396 304.745540852
2121.76578001 305.757969609
2119.70463606 302.509317485
2117.64349211 301.350641651
2115.58234815 302.832442436
2113.5212042 306.255421551
2111.46006025 303.652024174
2109.3989163 304.044697825
2107.33777235 305.435887967
2105.2766284 302.827735465
2103.21548445 304.157398115
2101.1543405 302.412641256
2099.09319655 302.597542749
2097.0320526 300.473460777
2094.97090865 299.759757
2092.9097647 300.232127142
2090.84862075 300.723085548
2088.7874768 296.357971274
2086.72633285 296.090725027
2084.6651889 299.073434123
2082.60404495 299.365751524
2080.54290099 296.861789199
2078.48175704 297.583270135
2076.42061309 298.940871081
2074.35946914 297.531633205
2072.29832519 298.712010751
2070.23718124 296.156160008
2068.17603729 298.291362343
2066.11489334 297.639889888
2064.05374939 295.230133739
2061.99260544 291.429814404
2059.93146149 296.250371983
2057.87031754 295.290913528
2055.80917359 291.224334438
2053.74802964 290.963640801
2051.68688569 292.663762709
2049.62574174 291.829713628
2047.56459778 288.903264448
2045.50345383 290.457829453
2043.44230988 291.003447248
2041.38116593 289.147531244
2039.32002198 289.352232356
2037.25887803 286.88814571
2035.19773408 285.394567891
2033.13659013 285.647532053
2031.07544618 285.717053414
2029.01430223 282.841731713
2026.95315828 282.939398123
2024.89201433 281.20703589
2022.83087038 282.86990292
2020.76972643 280.18348229
2018.70858248 277.951720434
2016.64743853 278.263439483
2014.58629458 280.783815827
2012.52515062 277.680592535
2010.46400667 278.796221452
2008.40286272 277.110328675
2006.34171877 275.319264467
2004.28057482 277.688712399
2002.21943087 274.292464304
2000.15828692 269.342652244
1998.09714297 269.919449002
1996.03599902 268.265126581
1993.97485507 267.362522571
1991.91371112 264.767601241
1989.85256717 262.982582686
1987.79142322 261.935341425
1985.73027927 261.338440637
1983.66913532 255.376137466
1981.60799137 252.909061266
1979.54684742 249.350521905
1977.48570346 242.843053926
1975.42455951 239.142599922
1973.36341556 232.511727762
1971.30227161 228.917888067
1969.24112766 225.56601346
1967.17998371 216.919399999
1965.11883976 212.493617889
1963.05769581 205.944361159
1960.99655186 198.159043438
1958.93540791 189.525377338
1956.87426396 183.29961509
1954.81312001 177.435272161
1952.75197606 168.923923018
1950.69083211 160.310820797
1948.62968816 152.671849725
1946.56854421 148.496708782
1944.50740025 142.279111762
1942.4462563 135.919359765
1940.38511235 130.659107496
1938.3239684 126.525143436
1936.26282445 121.736905173
1934.2016805 118.621571297
1932.14053655 117.731995374
