# BEGINHEADER
# This file contains data from the SALSA 2m radio telescope.
# DATE=2020-05-13T09:06:31.0
# GLON and GLAT given in degrees
# GLON=164.754448978
# GLAT=-33.1709330401
# DATA in two columns below. Col. 1 is velocity relative to LSR [km/s]. Col. 2 is uncalibrated antenna temperature [K].
# ENDHEADER
2451.61369066 0.0970160531645
2449.55254671 147.548365074
2447.49140276 242.228053667
2445.43025881 245.16937514
2443.36911486 250.607691424
2441.30797091 256.419854396
2439.24682696 264.376084918
2437.18568301 274.612618869
2435.12453906 287.461860265
2433.06339511 299.89532815
2431.00225116 314.933565257
2428.9411072 328.657599423
2426.87996325 344.971257499
2424.8188193 358.175239113
2422.75767535 372.883562757
2420.6965314 389.907901211
2418.63538745 406.167244367
2416.5742435 418.000859242
2414.51309955 436.967495648
2412.4519556 450.860763466
2410.39081165 457.677786213
2408.3296677 475.231038768
2406.26852375 484.994893878
2404.2073798 498.176395434
2402.14623585 507.603615479
2400.0850919 520.783282096
2398.02394795 525.470840712
2395.962804 536.877933588
2393.90166004 540.700560606
2391.84051609 542.365117892
2389.77937214 546.394980699
2387.71822819 556.4855406
2385.65708424 563.042991355
2383.59594029 562.199592359
2381.53479634 569.764430851
2379.47365239 570.762630949
2377.41250844 571.418478167
2375.35136449 577.085954584
2373.29022054 573.615794603
2371.22907659 585.979974613
2369.16793264 588.001795021
2367.10678869 582.981598641
2365.04564474 585.654301449
2362.98450079 592.701633444
2360.92335684 589.895202273
2358.86221288 594.031594981
2356.80106893 595.552118525
2354.73992498 596.183903085
2352.67878103 598.137215628
2350.61763708 600.068819997
2348.55649313 602.092289766
2346.49534918 599.998563895
2344.43420523 601.733901
2342.37306128 604.276777508
2340.31191733 611.255884429
2338.25077338 604.339762952
2336.18962943 601.424848315
2334.12848548 608.307667754
2332.06734153 608.098919555
2330.00619758 610.572388502
2327.94505363 611.48129018
2325.88390967 612.741989899
2323.82276572 617.169817991
2321.76162177 615.311308097
2319.70047782 612.1656331
2317.63933387 619.126947241
2315.57818992 616.700431246
2313.51704597 615.416706241
2311.45590202 619.429982383
2309.39475807 623.858783252
2307.33361412 624.747076112
2305.27247017 629.489100151
2303.21132622 626.211743946
2301.15018227 627.533452029
2299.08903832 625.912041788
2297.02789437 624.264322309
2294.96675042 635.09807565
2292.90560647 630.287142027
2290.84446251 626.961364342
2288.78331856 629.002699969
2286.72217461 635.42794572
2284.66103066 637.737627002
2282.59988671 631.743516627
2280.53874276 634.213400822
2278.47759881 634.170766402
2276.41645486 635.911311603
2274.35531091 628.968047059
2272.29416696 643.016649841
2270.23302301 634.035969015
2268.17187906 627.457888449
2266.11073511 637.027099899
2264.04959116 638.985638521
2261.98844721 644.968419777
2259.92730326 632.07269305
2257.86615931 635.510824764
2255.80501535 639.53761098
2253.7438714 642.314056583
2251.68272745 640.667702152
2249.6215835 654.48304648
2247.56043955 640.87105345
2245.4992956 642.687675727
2243.43815165 639.724816777
2241.3770077 638.754152987
2239.31586375 636.885298248
2237.2547198 643.565603654
2235.19357585 646.550958346
2233.1324319 647.535104965
2231.07128795 643.433580696
2229.010144 644.102690979
2226.94900005 641.071275064
2224.8878561 649.012954173
2222.82671214 643.093349584
2220.76556819 641.954452981
2218.70442424 644.708582764
2216.64328029 644.74791983
2214.58213634 648.829228801
2212.52099239 645.802920048
2210.45984844 652.699148745
2208.39870449 649.427480935
2206.33756054 645.552798731
2204.27641659 643.447682799
2202.21527264 645.238199066
2200.15412869 642.578662364
2198.09298474 650.268652974
2196.03184079 646.389471858
2193.97069684 645.781717833
2191.90955289 651.598355424
2189.84840894 644.996971326
2187.78726498 644.57061839
2185.72612103 616.857924149
2183.66497708 649.712338613
2181.60383313 642.4344779
2179.54268918 639.235187286
2177.48154523 648.483756764
2175.42040128 650.546807426
2173.35925733 645.513432323
2171.29811338 643.305685865
2169.23696943 646.460723411
2167.17582548 643.514430892
2165.11468153 646.727561111
2163.05353758 646.888117197
2160.99239363 647.899497865
2158.93124968 637.869487807
2156.87010573 641.386009714
2154.80896178 646.650404076
2152.74781782 638.833202053
2150.68667387 642.50364108
2148.62552992 642.202253338
2146.56438597 640.947201924
2144.50324202 644.85557977
2142.44209807 644.185976384
2140.38095412 639.197582537
2138.31981017 644.299125574
2136.25866622 637.457735561
2134.19752227 644.254710689
2132.13637832 642.57626126
2130.07523437 639.728067884
2128.01409042 636.620713567
2125.95294647 637.957816765
2123.89180252 644.662335007
2121.83065857 637.835015073
2119.76951462 634.146380106
2117.70837066 636.442541815
2115.64722671 637.213477738
2113.58608276 636.427551354
2111.52493881 623.479144818
2109.46379486 628.301384359
2107.40265091 635.967485548
2105.34150696 631.648678349
2103.28036301 639.925682967
2101.21921906 634.693958266
2099.15807511 635.921345215
2097.09693116 633.917747151
2095.03578721 630.089503024
2092.97464326 626.019489964
2090.91349931 631.24367467
2088.85235536 627.060726024
2086.79121141 627.436750788
2084.73006745 627.306811422
2082.6689235 631.060586541
2080.60777955 625.113162891
2078.5466356 623.140349561
2076.48549165 621.130020873
2074.4243477 626.721839571
2072.36320375 624.807403108
2070.3020598 624.529739022
2068.24091585 615.292676438
2066.1797719 617.886121345
2064.11862795 615.38486889
2062.057484 608.894806619
2059.99634005 615.699848855
2057.9351961 615.045883066
2055.87405215 613.365026157
2053.8129082 611.936049547
2051.75176425 612.718302713
2049.69062029 608.580065064
2047.62947634 614.283911765
2045.56833239 610.164815637
2043.50718844 607.41275077
2041.44604449 607.45597621
2039.38490054 602.528516062
2037.32375659 607.01358478
2035.26261264 598.909807992
2033.20146869 605.533573081
2031.14032474 598.00632301
2029.07918079 594.877433417
2027.01803684 602.645140095
2024.95689289 594.829495372
2022.89574894 593.175734166
2020.83460499 594.05990859
2018.77346104 590.603850077
2016.71231709 587.081521667
2014.65117313 589.153941956
2012.59002918 579.268174011
2010.52888523 578.698804097
2008.46774128 579.568047384
2006.40659733 582.223687564
2004.34545338 582.813029482
2002.28430943 572.389722235
2000.22316548 578.324856337
1998.16202153 576.815260194
1996.10087758 570.529833455
1994.03973363 563.876607771
1991.97858968 561.98676753
1989.91744573 556.493912431
1987.85630178 554.296252871
1985.79515783 554.727566933
1983.73401388 545.936868164
1981.67286992 542.28044746
1979.61172597 538.587290225
1977.55058202 529.97206893
1975.48943807 526.077066926
1973.42829412 512.2789465
1971.36715017 509.59287267
1969.30600622 497.802276987
1967.24486227 485.450653444
1965.18371832 479.673509211
1963.12257437 467.903623727
1961.06143042 454.301093989
1959.00028647 440.952510053
1956.93914252 426.693088319
1954.87799857 411.847266064
1952.81685462 394.131507928
1950.75571067 382.596291574
1948.69456672 370.226980239
1946.63342276 350.472459975
1944.57227881 334.887181863
1942.51113486 320.096464152
1940.44999091 308.89807947
1938.38884696 298.630644995
1936.32770301 280.682714065
1934.26655906 269.889328061
1932.20541511 262.051357402
1930.14427116 255.191315931
1928.08312721 250.628727334
1926.02198326 243.790776447
