# BEGINHEADER
# This file contains data from the SALSA 2m radio telescope.
# DATE=2020-05-13T08:54:35.0
# GLON and GLAT given in degrees
# GLON=170.543771687
# GLAT=-33.8654287807
# DATA in two columns below. Col. 1 is velocity relative to LSR [km/s]. Col. 2 is uncalibrated antenna temperature [K].
# ENDHEADER
2449.0018007 0.05267417999
2446.94065675 79.3862583527
2444.8795128 129.868377516
2442.81836885 131.102122191
2440.7572249 134.677705785
2438.69608095 135.970583963
2436.634937 142.398892217
2434.57379305 145.693687053
2432.5126491 152.771560567
2430.45150515 160.27358554
2428.39036119 166.402301748
2426.32921724 175.466457289
2424.26807329 182.382908325
2422.20692934 191.922390472
2420.14578539 200.239893913
2418.08464144 208.610708455
2416.02349749 216.615779539
2413.96235354 224.152664085
2411.90120959 231.211366128
2409.84006564 239.093162397
2407.77892169 246.834392528
2405.71777774 257.021531846
2403.65663379 259.488672487
2401.59548984 267.445569821
2399.53434589 271.97987349
2397.47320194 275.888910276
2395.41205799 279.568650491
2393.35091403 284.109425055
2391.28977008 288.596905538
2389.22862613 294.224869161
2387.16748218 293.770983095
2385.10633823 297.886020598
2383.04519428 301.247762799
2380.98405033 300.276924938
2378.92290638 302.795502077
2376.86176243 305.28669773
2374.80061848 306.891859405
2372.73947453 307.198458831
2370.67833058 306.991355677
2368.61718663 310.594731578
2366.55604268 314.137968126
2364.49489873 312.86226958
2362.43375478 314.564658243
2360.37261082 314.348405378
2358.31146687 315.336153931
2356.25032292 318.526566934
2354.18917897 319.17540236
2352.12803502 317.861734328
2350.06689107 317.180586177
2348.00574712 317.976949918
2345.94460317 318.26874793
2343.88345922 320.375582026
2341.82231527 321.439561206
2339.76117132 320.604242412
2337.70002737 321.343608982
2335.63888342 323.687466347
2333.57773947 326.493009651
2331.51659552 325.98714974
2329.45545157 326.44735013
2327.39430762 324.617295281
2325.33316366 327.766354512
2323.27201971 325.537669005
2321.21087576 327.814468516
2319.14973181 329.960550711
2317.08858786 329.156259021
2315.02744391 328.101855492
2312.96629996 331.93677259
2310.90515601 332.405960255
2308.84401206 330.679300489
2306.78286811 331.814078383
2304.72172416 332.63227453
2302.66058021 335.753452117
2300.59943626 329.9595722
2298.53829231 332.606842187
2296.47714836 331.379733389
2294.41600441 333.557351287
2292.35486046 333.473752212
2290.2937165 335.121901226
2288.23257255 335.73693893
2286.1714286 335.022177838
2284.11028465 334.742989636
2282.0491407 337.738173602
2279.98799675 340.787310654
2277.9268528 336.959908133
2275.86570885 338.261552438
2273.8045649 338.163887898
2271.74342095 340.067052709
2269.682277 339.115989661
2267.62113305 339.235580359
2265.5599891 338.919790049
2263.49884515 338.643629128
2261.4377012 339.000526126
2259.37655725 341.497059061
2257.31541329 340.260215617
2255.25426934 342.088434894
2253.19312539 339.822657602
2251.13198144 340.681370099
2249.07083749 339.692404353
2247.00969354 342.668269345
2244.94854959 341.025101735
2242.88740564 346.116811366
2240.82626169 341.126374644
2238.76511774 345.132420344
2236.70397379 344.794331705
2234.64282984 342.290879494
2232.58168589 341.37374168
2230.52054194 341.502183927
2228.45939799 341.736889602
2226.39825404 343.867202149
2224.33711009 341.093759688
2222.27596613 343.58858507
2220.21482218 344.598093277
2218.15367823 341.052857663
2216.09253428 339.723161445
2214.03139033 339.585911804
2211.97024638 344.631679635
2209.90910243 341.785998734
2207.84795848 342.502337018
2205.78681453 341.947746599
2203.72567058 344.66085043
2201.66452663 342.268163825
2199.60338268 341.329090559
2197.54223873 344.394273541
2195.48109478 344.201939737
2193.41995083 342.852266269
2191.35880688 344.041928811
2189.29766293 343.397508278
2187.23651897 341.646042523
2185.17537502 341.407378594
2183.11423107 332.902239809
2181.05308712 344.4125764
2178.99194317 341.507974617
2176.93079922 341.584660863
2174.86965527 340.257659018
2172.80851132 343.223942222
2170.74736737 341.42892619
2168.68622342 345.120497623
2166.62507947 342.557318258
2164.56393552 339.959997165
2162.50279157 344.770997582
2160.44164762 342.545258871
2158.38050367 345.981391276
2156.31935972 344.091560142
2154.25821577 343.076331853
2152.19707181 341.9573149
2150.13592786 340.33514858
2148.07478391 341.828910319
2146.01363996 341.398764865
2143.95249601 343.322755867
2141.89135206 344.675934211
2139.83020811 340.413898075
2137.76906416 337.861838239
2135.70792021 342.409052669
2133.64677626 340.056396985
2131.58563231 343.698355664
2129.52448836 342.129682148
2127.46334441 339.030607674
2125.40220046 338.882713096
2123.34105651 337.565549421
2121.27991256 337.06557242
2119.2187686 336.924579501
2117.15762465 335.378622595
2115.0964807 341.935263
2113.03533675 340.988056857
2110.9741928 337.366443724
2108.91304885 338.486915538
2106.8519049 335.877718643
2104.79076095 336.859618582
2102.729617 335.492377723
2100.66847305 335.305861106
2098.6073291 337.944777814
2096.54618515 336.442374418
2094.4850412 333.875231885
2092.42389725 335.470339749
2090.3627533 333.536745815
2088.30160935 336.312629383
2086.2404654 335.279327746
2084.17932144 335.13338646
2082.11817749 334.479605064
2080.05703354 331.704761612
2077.99588959 333.307510408
2075.93474564 328.325578327
2073.87360169 335.798583231
2071.81245774 330.405185398
2069.75131379 330.324049216
2067.69016984 329.50213734
2065.62902589 330.584841727
2063.56788194 328.666343471
2061.50673799 327.744841294
2059.44559404 328.755395825
2057.38445009 329.096077644
2055.32330614 323.766968738
2053.26216219 325.615326689
2051.20101824 323.961987048
2049.13987428 321.592316815
2047.07873033 319.562028696
2045.01758638 324.836750222
2042.95644243 323.925120753
2040.89529848 326.28114683
2038.83415453 322.352385135
2036.77301058 321.028778429
2034.71186663 316.971932942
2032.65072268 320.226943799
2030.58957873 315.928481387
2028.52843478 319.0301215
2026.46729083 317.625570111
2024.40614688 316.554219503
2022.34500293 317.637473126
2020.28385898 316.190360873
2018.22271503 311.575806555
2016.16157107 314.658606751
2014.10042712 312.209850355
2012.03928317 310.300977923
2009.97813922 309.7094329
2007.91699527 308.893396196
2005.85585132 309.444833127
2003.79470737 307.734968651
2001.73356342 305.565386077
1999.67241947 305.831168396
1997.61127552 302.97746214
1995.55013157 303.544814638
1993.48898762 303.138611839
1991.42784367 298.378312292
1989.36669972 297.30490166
1987.30555577 297.73881506
1985.24441182 297.352464874
1983.18326787 293.048565564
1981.12212391 291.08843676
1979.06097996 288.836527168
1976.99983601 284.186510012
1974.93869206 283.087359577
1972.87754811 278.150381821
1970.81640416 276.411324368
1968.75526021 268.658239035
1966.69411626 265.014417432
1964.63297231 262.323999318
1962.57182836 253.28581643
1960.51068441 245.841678932
1958.44954046 240.411874936
1956.38839651 232.218776515
1954.32725256 226.69762815
1952.26610861 217.795694294
1950.20496466 212.592630147
1948.14382071 202.410125493
1946.08267675 194.279516519
1944.0215328 185.226370765
1941.96038885 177.980048791
1939.8992449 170.439355913
1937.83810095 165.235527181
1935.776957 158.086735199
1933.71581305 149.782772316
1931.6546691 145.492682462
1929.59352515 139.976609916
1927.5323812 136.039751752
1925.47123725 132.167442301
1923.4100933 129.89465621
