# BEGINHEADER
# This file contains data from the SALSA 2m radio telescope.
# DATE=2020-05-13T09:02:04.0
# GLON and GLAT given in degrees
# GLON=169.288008914
# GLAT=-23.4786803993
# DATA in two columns below. Col. 1 is velocity relative to LSR [km/s]. Col. 2 is uncalibrated antenna temperature [K].
# ENDHEADER
2445.75036282 0.0483210381616
2443.68921887 73.3247636275
2441.62807492 120.281457067
2439.56693097 121.919518174
2437.50578702 123.98763947
2435.44464307 127.614556423
2433.38349912 133.529624521
2431.32235517 136.552690484
2429.26121122 142.244279517
2427.20006727 149.274686447
2425.13892332 156.493981057
2423.07777937 162.968916388
2421.01663542 170.902928251
2418.95549146 177.374753183
2416.89434751 185.976212039
2414.83320356 193.255384084
2412.77205961 198.905836831
2410.71091566 208.820248101
2408.64977171 217.297431366
2406.58862776 222.503765402
2404.52748381 228.493297552
2402.46633986 235.162638837
2400.40519591 239.792950882
2398.34405196 247.197952879
2396.28290801 249.699811527
2394.22176406 255.843311648
2392.16062011 262.468618971
2390.09947616 264.803034746
2388.03833221 270.24529202
2385.97718826 271.354557038
2383.9160443 271.347167767
2381.85490035 276.39627609
2379.7937564 277.44103733
2377.73261245 279.499714971
2375.6714685 284.114545219
2373.61032455 283.075644372
2371.5491806 285.001261048
2369.48803665 284.568192123
2367.4268927 285.993569718
2365.36574875 287.157915318
2363.3046048 290.170868459
2361.24346085 288.999403203
2359.1823169 289.691789578
2357.12117295 294.988637727
2355.060029 289.776574761
2352.99888505 293.255794226
2350.9377411 295.910883101
2348.87659714 297.114584319
2346.81545319 294.818503054
2344.75430924 297.380588376
2342.69316529 298.603374352
2340.63202134 299.608207006
2338.57087739 299.62667504
2336.50973344 298.647251378
2334.44858949 297.80843931
2332.38744554 300.923659207
2330.32630159 301.43959512
2328.26515764 299.717297066
2326.20401369 301.741246815
2324.14286974 302.862982034
2322.08172579 303.841092451
2320.02058184 307.871205548
2317.95943789 303.931978299
2315.89829394 303.338466862
2313.83714998 303.535039277
2311.77600603 307.06038207
2309.71486208 307.98052433
2307.65371813 308.80289195
2305.59257418 306.296513311
2303.53143023 307.435916022
2301.47028628 309.548948697
2299.40914233 310.128503175
2297.34799838 309.910027092
2295.28685443 312.368266442
2293.22571048 313.089541538
2291.16456653 308.691208259
2289.10342258 309.487733103
2287.04227863 316.491206788
2284.98113468 311.84196417
2282.91999073 314.056639624
2280.85884677 311.241326893
2278.79770282 314.25792596
2276.73655887 315.260968502
2274.67541492 309.143733095
2272.61427097 311.639478657
2270.55312702 310.548224886
2268.49198307 314.472241845
2266.43083912 311.875951391
2264.36969517 312.755823947
2262.30855122 317.900519383
2260.24740727 317.707555167
2258.18626332 315.77618985
2256.12511937 314.338194964
2254.06397542 313.639648347
2252.00283147 313.973080893
2249.94168752 315.670376239
2247.88054357 315.309239028
2245.81939961 316.808758472
2243.75825566 317.88122544
2241.69711171 318.004715382
2239.63596776 316.085711797
2237.57482381 317.749104654
2235.51367986 314.893434333
2233.45253591 315.658276346
2231.39139196 317.186728744
2229.33024801 317.629439866
2227.26910406 318.954410505
2225.20796011 320.071747143
2223.14681616 320.146677337
2221.08567221 318.544797609
2219.02452826 315.787598938
2216.96338431 317.574029826
2214.90224036 319.179961425
2212.84109641 317.615199974
2210.77995245 316.78902462
2208.7188085 314.910060316
2206.65766455 318.412465924
2204.5965206 319.10464372
2202.53537665 321.06147442
2200.4742327 318.011337783
2198.41308875 319.960677928
2196.3519448 320.0851547
2194.29080085 320.574950542
2192.2296569 318.62056837
2190.16851295 319.42017001
2188.107369 318.979184926
2186.04622505 318.770281177
2183.9850811 317.89610805
2181.92393715 316.42730502
2179.8627932 304.923343018
2177.80164924 319.216709372
2175.74050529 320.234904806
2173.67936134 321.559550595
2171.61821739 321.107135352
2169.55707344 317.972986072
2167.49592949 316.667099102
2165.43478554 316.770096381
2163.37364159 319.046098773
2161.31249764 319.050954242
2159.25135369 318.440552546
2157.19020974 318.256230137
2155.12906579 317.550320251
2153.06792184 317.528983947
2151.00677789 317.292317608
2148.94563394 317.689500181
2146.88448999 319.410393014
2144.82334604 315.959553057
2142.76220208 318.669231607
2140.70105813 314.29016872
2138.63991418 317.034276686
2136.57877023 319.610272807
2134.51762628 316.57061246
2132.45648233 315.379553436
2130.39533838 318.075496431
2128.33419443 317.204962401
2126.27305048 315.027345943
2124.21190653 313.411703705
2122.15076258 316.161163561
2120.08961863 316.741861107
2118.02847468 314.620445092
2115.96733073 316.621021785
2113.90618678 314.227649094
2111.84504283 314.245973733
2109.78389888 315.447924502
2107.72275492 315.86937957
2105.66161097 313.435688188
2103.60046702 311.953844376
2101.53932307 310.861473197
2099.47817912 313.985525905
2097.41703517 311.609109022
2095.35589122 313.278838035
2093.29474727 313.509296519
2091.23360332 312.652247776
2089.17245937 311.750382581
2087.11131542 311.366091039
2085.05017147 311.564913038
2082.98902752 311.623896671
2080.92788357 309.48015024
2078.86673962 307.179363239
2076.80559567 308.062843253
2074.74445171 308.776256699
2072.68330776 307.870526878
2070.62216381 309.473690821
2068.56101986 307.07334825
2066.49987591 303.849257661
2064.43873196 303.44302625
2062.37758801 305.210839151
2060.31644406 307.636796009
2058.25530011 308.004634111
2056.19415616 304.903140816
2054.13301221 303.655838131
2052.07186826 303.353623825
2050.01072431 304.014834517
2047.94958036 301.914800304
2045.88843641 300.432809854
2043.82729246 299.516732875
2041.76614851 299.402793287
2039.70500455 298.271154429
2037.6438606 299.267960413
2035.58271665 299.661375336
2033.5215727 297.001443894
2031.46042875 295.680419703
2029.3992848 296.39934881
2027.33814085 298.116047111
2025.2769969 297.028314535
2023.21585295 296.471663704
2021.154709 295.392880531
2019.09356505 294.143541775
2017.0324211 293.795089095
2014.97127715 293.992444046
2012.9101332 293.173336807
2010.84898925 292.494925864
2008.7878453 289.578809769
2006.72670135 286.824952721
2004.66555739 286.945493117
2002.60441344 284.963546937
2000.54326949 284.646054425
1998.48212554 286.651992033
1996.42098159 284.925467598
1994.35983764 284.444992206
1992.29869369 281.840901152
1990.23754974 283.088603866
1988.17640579 278.967063158
1986.11526184 278.492865443
1984.05411789 278.876460389
1981.99297394 277.088803125
1979.93182999 274.840421367
1977.87068604 270.158336847
1975.80954209 266.986216969
1973.74839814 263.671798595
1971.68725419 263.423685856
1969.62611023 258.668570823
1967.56496628 255.86769796
1965.50382233 251.936078267
1963.44267838 247.678704549
1961.38153443 241.20677564
1959.32039048 233.59841672
1957.25924653 228.932488216
1955.19810258 225.384729521
1953.13695863 217.465934344
1951.07581468 210.888722174
1949.01467073 204.813025062
1946.95352678 197.158077036
1944.89238283 190.03753511
1942.83123888 180.856716487
1940.77009493 174.236296743
1938.70895098 166.180529515
1936.64780702 158.072598232
1934.58666307 153.065750846
1932.52551912 146.022239982
1930.46437517 139.834385888
1928.40323122 134.510250887
1926.34208727 129.731967195
1924.28094332 126.68896038
1922.21979937 123.556460434
1920.15865542 120.855257445
