# BEGINHEADER
# This file contains data from the SALSA 2m radio telescope.
# DATE=2020-05-13T09:05:08.0
# GLON and GLAT given in degrees
# GLON=166.494588833
# GLAT=-30.2926353308
# DATA in two columns below. Col. 1 is velocity relative to LSR [km/s]. Col. 2 is uncalibrated antenna temperature [K].
# ENDHEADER
2449.66983102 0.0840118663581
2447.60868707 126.898682431
2445.54754312 209.748495645
2443.48639917 210.807069667
2441.42525522 214.816036632
2439.36411127 220.835601968
2437.30296732 228.477537346
2435.24182337 235.46405213
2433.18067942 246.658305849
2431.11953547 258.109304665
2429.05839152 266.896385121
2426.99724757 281.121302809
2424.93610362 293.169732353
2422.87495967 307.994614311
2420.81381572 319.295875983
2418.75267177 336.589730893
2416.69152782 349.046838124
2414.63038386 359.089328244
2412.56923991 371.802739138
2410.50809596 382.233023798
2408.44695201 396.625915597
2406.38580806 405.642240085
2404.32466411 420.371147001
2402.26352016 431.448218542
2400.20237621 438.511452929
2398.14123226 441.31777318
2396.08008831 449.16924501
2394.01894436 461.860158
2391.95780041 466.051692759
2389.89665646 468.879427304
2387.83551251 476.374824115
2385.77436856 480.114874159
2383.71322461 482.631000499
2381.65208065 483.28318663
2379.5909367 485.094509362
2377.52979275 492.077557267
2375.4686488 493.193622937
2373.40750485 490.497596673
2371.3463609 499.117646797
2369.28521695 502.2360689
2367.224073 494.255218641
2365.16292905 505.799879665
2363.1017851 507.521158647
2361.04064115 507.482998911
2358.9794972 507.095132968
2356.91835325 508.039031894
2354.8572093 506.340345764
2352.79606535 510.239566399
2350.7349214 512.947715597
2348.67377745 511.297409177
2346.61263349 514.655386194
2344.55148954 518.81836132
2342.49034559 514.606004522
2340.42920164 517.093710745
2338.36805769 526.307766715
2336.30691374 522.891540957
2334.24576979 516.713031255
2332.18462584 520.920064983
2330.12348189 522.071409214
2328.06233794 524.412642036
2326.00119399 527.326237964
2323.94005004 526.472111571
2321.87890609 531.129268481
2319.81776214 532.317556081
2317.75661819 530.218347765
2315.69547424 534.048601106
2313.63433029 537.157247588
2311.57318633 537.529506617
2309.51204238 535.378054067
2307.45089843 534.234827803
2305.38975448 538.276129797
2303.32861053 530.795255649
2301.26746658 535.683653878
2299.20632263 537.347757122
2297.14517868 536.560825424
2295.08403473 538.564338862
2293.02289078 538.35449255
2290.96174683 539.219055519
2288.90060288 535.434429773
2286.83945893 541.803106892
2284.77831498 544.014223178
2282.71717103 539.971055745
2280.65602708 541.34644917
2278.59488313 547.215399709
2276.53373917 547.309958262
2274.47259522 547.742680779
2272.41145127 548.043937873
2270.35030732 554.141912281
2268.28916337 543.131827929
2266.22801942 546.979478898
2264.16687547 548.913965836
2262.10573152 545.788770204
2260.04458757 548.3396874
2257.98344362 551.952568746
2255.92229967 548.986776512
2253.86115572 547.992949339
2251.80001177 552.68211166
2249.73886782 552.044383563
2247.67772387 554.224557103
2245.61657992 558.950551885
2243.55543596 557.849245238
2241.49429201 546.780640102
2239.43314806 548.239713362
2237.37200411 553.393976778
2235.31086016 550.954726465
2233.24971621 552.744433471
2231.18857226 556.183380143
2229.12742831 551.419067044
2227.06628436 552.189566835
2225.00514041 557.53195398
2222.94399646 555.217590723
2220.88285251 554.153026435
2218.82170856 554.26757186
2216.76056461 560.03586162
2214.69942066 550.730540422
2212.63827671 548.692232431
2210.57713276 551.460973756
2208.5159888 554.358148659
2206.45484485 559.838770203
2204.3937009 552.268873939
2202.33255695 557.088587878
2200.271413 555.841197706
2198.21026905 553.354412044
2196.1491251 557.381820834
2194.08798115 553.266122663
2192.0268372 550.352054736
2189.96569325 558.462750192
2187.9045493 553.912975265
2185.84340535 555.90140273
2183.7822614 537.036161378
2181.72111745 553.844078073
2179.6599735 551.726090572
2177.59882955 554.975419927
2175.5376856 554.130975258
2173.47654164 556.427439978
2171.41539769 558.483366802
2169.35425374 554.561606036
2167.29310979 557.29057702
2165.23196584 552.025346806
2163.17082189 554.640941067
2161.10967794 553.953134302
2159.04853399 559.521972973
2156.98739004 555.02280491
2154.92624609 553.037863869
2152.86510214 553.328908719
2150.80395819 550.062607201
2148.74281424 554.434582132
2146.68167029 554.479275805
2144.62052634 549.946041974
2142.55938239 551.05589247
2140.49823843 553.335026431
2138.43709448 553.36241591
2136.37595053 545.145194524
2134.31480658 549.335176046
2132.25366263 549.850148577
2130.19251868 551.777010816
2128.13137473 550.598670702
2126.07023078 550.276675617
2124.00908683 550.055179543
2121.94794288 551.929608561
2119.88679893 546.827552614
2117.82565498 548.366831213
2115.76451103 549.943325635
2113.70336708 549.612946262
2111.64222313 550.036464244
2109.58107918 549.565881874
2107.51993523 544.443845568
2105.45879127 541.175646589
2103.39764732 545.558867876
2101.33650337 546.608306681
2099.27535942 543.349850931
2097.21421547 543.561728149
2095.15307152 539.908611091
2093.09192757 541.765828445
2091.03078362 544.236603234
2088.96963967 541.826763259
2086.90849572 542.519408384
2084.84735177 537.869797898
2082.78620782 535.200218831
2080.72506387 537.424222303
2078.66391992 539.046766
2076.60277597 537.713634015
2074.54163202 535.070396398
2072.48048807 533.512445352
2070.41934411 532.080996081
2068.35820016 534.055031248
2066.29705621 533.868419299
2064.23591226 530.917093083
2062.17476831 532.473472248
2060.11362436 527.056954239
2058.05248041 533.903060068
2055.99133646 532.005294518
2053.93019251 527.722690995
2051.86904856 523.554522384
2049.80790461 520.346214049
2047.74676066 525.914137369
2045.68561671 526.100116808
2043.62447276 520.349338844
2041.56332881 521.496432667
2039.50218486 518.548262807
2037.4410409 519.70253537
2035.37989695 516.706009111
2033.318753 518.119559577
2031.25760905 514.514125701
2029.1964651 510.76352646
2027.13532115 512.112670768
2025.0741772 517.145191232
2023.01303325 513.389053492
2020.9518893 511.447157896
2018.89074535 505.236666265
2016.8296014 510.245517485
2014.76845745 509.473525189
2012.7073135 506.883622141
2010.64616955 501.06373443
2008.5850256 499.103334997
2006.52388165 498.005373036
2004.4627377 500.400022963
2002.40159374 498.281315258
2000.34044979 497.468776103
1998.27930584 492.762947286
1996.21816189 487.406009995
1994.15701794 485.551977532
1992.09587399 485.834909366
1990.03473004 484.120907877
1987.97358609 482.332643215
1985.91244214 480.465697937
1983.85129819 480.685348875
1981.79015424 469.191761833
1979.72901029 467.851844005
1977.66786634 466.521083792
1975.60672239 457.20474242
1973.54557844 446.110465441
1971.48443449 442.57679859
1969.42329054 440.36324087
1967.36214658 424.06430488
1965.30100263 415.391168595
1963.23985868 408.706056737
1961.17871473 398.312400319
1959.11757078 392.611666019
1957.05642683 377.967472777
1954.99528288 364.899618873
1952.93413893 353.511231143
1950.87299498 340.137091931
1948.81185103 327.274198496
1946.75070708 315.476349965
1944.68956313 299.920226916
1942.62841918 288.491037597
1940.56727523 278.404535194
1938.50613128 266.639322404
1936.44498733 255.280257591
1934.38384338 243.564193321
1932.32269942 233.076004462
1930.26155547 226.507577159
1928.20041152 217.452641548
1926.13926757 215.848598295
1924.07812362 208.990631488
