# BEGINHEADER
# This file contains data from the SALSA 2m radio telescope.
# DATE=2020-05-13T08:56:54.0
# GLON and GLAT given in degrees
# GLON=162.802820027
# GLAT=-30.6850373053
# DATA in two columns below. Col. 1 is velocity relative to LSR [km/s]. Col. 2 is uncalibrated antenna temperature [K].
# ENDHEADER
2451.75497325 0.0718112940085
2449.6938293 108.587720691
2447.63268535 179.416897059
2445.5715414 182.883099302
2443.51039745 187.305497851
2441.44925349 192.622272489
2439.38810954 197.318394744
2437.32696559 205.92519926
2435.26582164 212.611791892
2433.20467769 222.185399129
2431.14353374 233.236721781
2429.08238979 244.234036884
2427.02124584 258.126768033
2424.96010189 268.102049749
2422.89895794 281.939669776
2420.83781399 290.425581411
2418.77667004 302.911412981
2416.71552609 312.10639919
2414.65438214 323.837170274
2412.59323819 336.08457989
2410.53209424 345.442923907
2408.47095028 355.88476588
2406.40980633 362.806474892
2404.34866238 370.115434335
2402.28751843 379.149197617
2400.22637448 384.089516462
2398.16523053 389.458799596
2396.10408658 397.301006462
2394.04294263 403.923308646
2391.98179868 408.02205731
2389.92065473 413.668663835
2387.85951078 411.463528675
2385.79836683 413.940225874
2383.73722288 420.364639639
2381.67607893 425.458807185
2379.61493498 428.645141699
2377.55379103 428.994394384
2375.49264708 430.98996953
2373.43150312 434.040499524
2371.37035917 432.856289712
2369.30921522 431.893343619
2367.24807127 439.073961727
2365.18692732 442.110592734
2363.12578337 439.388145355
2361.06463942 438.822053515
2359.00349547 443.857668621
2356.94235152 448.532530441
2354.88120757 443.192555158
2352.82006362 443.154063183
2350.75891967 443.554472939
2348.69777572 443.34815096
2346.63663177 449.582706823
2344.57548782 452.833967753
2342.51434387 451.677235216
2340.45319992 454.650395396
2338.39205596 452.004845122
2336.33091201 454.351146151
2334.26976806 452.390354355
2332.20862411 457.698446298
2330.14748016 457.6360063
2328.08633621 457.227606966
2326.02519226 457.42903511
2323.96404831 460.110965117
2321.90290436 457.622002342
2319.84176041 461.394455358
2317.78061646 463.997806022
2315.71947251 465.534321678
2313.65832856 462.570244247
2311.59718461 460.661647173
2309.53604066 464.405496577
2307.47489671 467.161256943
2305.41375276 462.243742248
2303.3526088 465.092525565
2301.29146485 463.343077552
2299.2303209 464.981915649
2297.16917695 468.293898123
2295.108033 467.95368578
2293.04688905 467.475711408
2290.9857451 467.629370298
2288.92460115 470.580431153
2286.8634572 470.255602698
2284.80231325 473.884247582
2282.7411693 468.084044367
2280.68002535 467.322104068
2278.6188814 476.097569733
2276.55773745 470.985715163
2274.4965935 473.586268409
2272.43544955 474.278999016
2270.37430559 472.656350147
2268.31316164 470.890794388
2266.25201769 474.529958986
2264.19087374 473.358765131
2262.12972979 476.690011259
2260.06858584 478.472360826
2258.00744189 478.334897522
2255.94629794 472.016059393
2253.88515399 470.840131069
2251.82401004 476.866108948
2249.76286609 476.17850647
2247.70172214 477.081810454
2245.64057819 479.223318576
2243.57943424 477.458092023
2241.51829029 473.726472049
2239.45714634 477.587310856
2237.39600239 479.042785861
2235.33485843 480.748719719
2233.27371448 480.322488404
2231.21257053 479.081711
2229.15142658 475.54891399
2227.09028263 478.659358252
2225.02913868 480.039060389
2222.96799473 473.578689631
2220.90685078 478.08282065
2218.84570683 478.093030505
2216.78456288 479.620282748
2214.72341893 481.529239155
2212.66227498 478.808503705
2210.60113103 480.754428998
2208.53998708 481.33406705
2206.47884313 478.754915222
2204.41769918 486.200122952
2202.35655523 477.376856333
2200.29541127 479.890033562
2198.23426732 486.283972858
2196.17312337 482.416452566
2194.11197942 484.560919594
2192.05083547 483.487334212
2189.98969152 479.085359954
2187.92854757 478.010801864
2185.86740362 463.415847672
2183.80625967 479.269023003
2181.74511572 480.608816113
2179.68397177 481.729163511
2177.62282782 478.933150702
2175.56168387 483.250421098
2173.50053992 483.623220946
2171.43939597 481.564344015
2169.37825202 478.695531833
2167.31710806 477.208456039
2165.25596411 480.069321669
2163.19482016 480.571425824
2161.13367621 476.40025498
2159.07253226 481.002294575
2157.01138831 483.442758432
2154.95024436 479.476843633
2152.88910041 483.772319462
2150.82795646 478.561151167
2148.76681251 476.674254683
2146.70566856 478.907881638
2144.64452461 478.340524234
2142.58338066 475.623715395
2140.52223671 471.985069047
2138.46109276 477.877270752
2136.39994881 479.513876868
2134.33880486 475.062706003
2132.2776609 478.372913581
2130.21651695 474.607149063
2128.155373 472.759906994
2126.09422905 470.501016473
2124.0330851 474.295349297
2121.97194115 477.02514645
2119.9107972 474.022887813
2117.84965325 473.738232073
2115.7885093 471.4701468
2113.72736535 471.552552733
2111.6662214 473.405306493
2109.60507745 475.608533021
2107.5439335 474.380870224
2105.48278955 474.706748277
2103.4216456 467.165891358
2101.36050165 469.880214264
2099.2993577 470.710853768
2097.23821374 469.640382909
2095.17706979 468.77164957
2093.11592584 468.915099544
2091.05478189 466.689229308
2088.99363794 467.225961117
2086.93249399 467.303459442
2084.87135004 468.732183293
2082.81020609 464.999006535
2080.74906214 463.247754404
2078.68791819 467.406776715
2076.62677424 466.194430052
2074.56563029 460.757402385
2072.50448634 460.76683658
2070.44334239 458.378463958
2068.38219844 462.125551412
2066.32105449 459.325720899
2064.25991053 458.0217645
2062.19876658 457.577377781
2060.13762263 450.722784272
2058.07647868 458.861515396
2056.01533473 458.412730525
2053.95419078 455.857162894
2051.89304683 456.600007907
2049.83190288 455.429990423
2047.77075893 452.683930347
2045.70961498 451.345266217
2043.64847103 452.260498469
2041.58732708 449.40718592
2039.52618313 446.257540933
2037.46503918 448.031225282
2035.40389523 446.025472311
2033.34275128 446.286260314
2031.28160733 443.549358856
2029.22046337 442.720079011
2027.15931942 443.437937403
2025.09817547 440.501929293
2023.03703152 443.120630619
2020.97588757 438.181823478
2018.91474362 440.047601585
2016.85359967 436.630134869
2014.79245572 432.423096782
2012.73131177 432.124544369
2010.67016782 433.663774604
2008.60902387 435.336129027
2006.54787992 430.965300877
2004.48673597 430.010264706
2002.42559202 430.872131248
2000.36444807 425.625277093
1998.30330412 429.895943129
1996.24216017 420.008093538
1994.18101621 421.193721201
1992.11987226 421.197328509
1990.05872831 416.565369904
1987.99758436 414.133939655
1985.93644041 412.889734985
1983.87529646 409.527224995
1981.81415251 402.03057768
1979.75300856 401.616058165
1977.69186461 396.382195832
1975.63072066 389.108434684
1973.56957671 383.079165141
1971.50843276 380.427442126
1969.44728881 370.661980665
1967.38614486 367.613445833
1965.32500091 357.641402542
1963.26385696 349.566340766
1961.20271301 337.379996364
1959.14156905 330.941220142
1957.0804251 318.765085832
1955.01928115 304.542519385
1952.9581372 294.581299485
1950.89699325 281.715173478
1948.8358493 272.225197606
1946.77470535 260.894057108
1944.7135614 249.039751579
1942.65241745 239.556696167
1940.5912735 228.727449149
1938.53012955 217.977330299
1936.4689856 210.747365415
1934.40784165 200.884546963
1932.3466977 195.7168549
1930.28555375 188.591376149
1928.2244098 184.394573709
1926.16326584 182.096312506
