# BEGINHEADER
# This file contains data from the SALSA 2m radio telescope.
# DATE=2020-05-13T09:01:32.0
# GLON and GLAT given in degrees
# GLON=169.631217386
# GLAT=-22.1078777928
# DATA in two columns below. Col. 1 is velocity relative to LSR [km/s]. Col. 2 is uncalibrated antenna temperature [K].
# ENDHEADER
2445.08768963 0.0473175706745
2443.02654568 72.0640877513
2440.96540173 118.415069411
2438.90425778 119.495759623
2436.84311382 122.084018339
2434.78196987 124.418850185
2432.72082592 128.716228777
2430.65968197 134.110151979
2428.59853802 140.003726701
2426.53739407 145.359448762
2424.47625012 152.94298684
2422.41510617 159.752840632
2420.35396222 166.751985368
2418.29281827 176.146929961
2416.23167432 181.658003431
2414.17053037 191.142910089
2412.10938642 198.437686757
2410.04824247 204.128369526
2407.98709852 212.619419353
2405.92595457 216.568916938
2403.86481061 225.315886947
2401.80366666 231.832893456
2399.74252271 238.333679085
2397.68137876 243.512772104
2395.62023481 248.043037189
2393.55909086 252.596552991
2391.49794691 256.54921282
2389.43680296 259.909986701
2387.37565901 261.037851037
2385.31451506 267.850649583
2383.25337111 267.78538145
2381.19222716 273.793234488
2379.13108321 273.47760412
2377.06993926 275.905342075
2375.00879531 275.646851946
2372.94765136 280.948037546
2370.88650741 280.745344412
2368.82536345 279.585929261
2366.7642195 279.118938984
2364.70307555 286.042401855
2362.6419316 283.605134685
2360.58078765 285.546059842
2358.5196437 286.128178644
2356.45849975 289.742752182
2354.3973558 288.684395511
2352.33621185 290.136356903
2350.2750679 288.21434596
2348.21392395 288.89072215
2346.15278 291.007466454
2344.09163605 292.888532082
2342.0304921 292.787749053
2339.96934815 293.011433926
2337.9082042 294.015591413
2335.84706025 292.589320047
2333.78591629 291.614110594
2331.72477234 293.664342868
2329.66362839 297.155455651
2327.60248444 298.031854352
2325.54134049 298.495063029
2323.48019654 298.546506189
2321.41905259 299.925655997
2319.35790864 299.262929129
2317.29676469 300.672853427
2315.23562074 301.349152932
2313.17447679 301.484432514
2311.11333284 299.577480863
2309.05218889 303.629525588
2306.99104494 302.014177815
2304.92990099 300.927771243
2302.86875704 304.098021875
2300.80761308 303.940104095
2298.74646913 302.618922846
2296.68532518 303.358056939
2294.62418123 304.787233618
2292.56303728 304.031346177
2290.50189333 304.782100635
2288.44074938 305.71687923
2286.37960543 305.89189654
2284.31846148 305.690865482
2282.25731753 306.469052706
2280.19617358 306.146620165
2278.13502963 309.154410256
2276.07388568 308.277090541
2274.01274173 307.44884362
2271.95159778 306.837223729
2269.89045383 309.658699802
2267.82930988 306.606289461
2265.76816592 308.570384577
2263.70702197 310.726723136
2261.64587802 306.112145553
2259.58473407 311.069323926
2257.52359012 311.201680891
2255.46244617 312.589420986
2253.40130222 309.276710586
2251.34015827 308.769659346
2249.27901432 310.437666396
2247.21787037 313.793485497
2245.15672642 314.12779903
2243.09558247 313.556115419
2241.03443852 311.501221232
2238.97329457 311.231480148
2236.91215062 312.561312165
2234.85100667 311.033347957
2232.78986272 311.200987242
2230.72871876 313.442150295
2228.66757481 315.552903646
2226.60643086 314.672337656
2224.54528691 314.471910385
2222.48414296 314.632389197
2220.42299901 314.129852059
2218.36185506 314.904421926
2216.30071111 314.896355841
2214.23956716 312.038290921
2212.17842321 314.106819105
2210.11727926 314.349661504
2208.05613531 308.632151693
2205.99499136 314.271919259
2203.93384741 314.455400616
2201.87270346 313.22655151
2199.81155951 314.994611002
2197.75041555 310.542255205
2195.6892716 311.62609371
2193.62812765 313.701889148
2191.5669837 315.657406081
2189.50583975 312.052060557
2187.4446958 313.110237599
2185.38355185 315.432967777
2183.3224079 314.825520459
2181.26126395 313.47425762
2179.20012 303.894281619
2177.13897605 315.50530736
2175.0778321 309.852295938
2173.01668815 312.544560626
2170.9555442 313.354798415
2168.89440025 315.195527359
2166.8332563 314.345794163
2164.77211235 310.822902258
2162.71096839 314.120581435
2160.64982444 316.059109927
2158.58868049 313.141499273
2156.52753654 309.486263267
2154.46639259 313.25371533
2152.40524864 315.352461793
2150.34410469 311.158519126
2148.28296074 313.079841882
2146.22181679 310.799068245
2144.16067284 312.842566002
2142.09952889 308.908710616
2140.03838494 311.601352384
2137.97724099 309.173566295
2135.91609704 311.335031187
2133.85495309 308.18057397
2131.79380914 311.363190653
2129.73266519 312.196226039
2127.67152123 310.012183758
2125.61037728 308.581601806
2123.54923333 308.213220937
2121.48808938 309.413178532
2119.42694543 311.529689231
2117.36580148 310.476406951
2115.30465753 308.57471958
2113.24351358 306.900257865
2111.18236963 311.943772566
2109.12122568 310.186689167
2107.06008173 309.135967858
2104.99893778 311.518813729
2102.93779383 305.86587028
2100.87664988 307.464182258
2098.81550593 309.010010093
2096.75436198 305.590275409
2094.69321803 303.889612101
2092.63207407 305.016376624
2090.57093012 305.939496204
2088.50978617 306.748523954
2086.44864222 304.257059572
2084.38749827 305.411242343
2082.32635432 304.88045932
2080.26521037 307.758260913
2078.20406642 302.12444754
2076.14292247 302.864736187
2074.08177852 302.954741185
2072.02063457 302.31110938
2069.95949062 302.710453867
2067.89834667 299.539417809
2065.83720272 300.356134537
2063.77605877 298.852201855
2061.71491482 301.797291437
2059.65377086 301.585647213
2057.59262691 300.501269403
2055.53148296 295.987647872
2053.47033901 300.026971804
2051.40919506 298.023773048
2049.34805111 295.920133397
2047.28690716 298.160197847
2045.22576321 296.489943082
2043.16461926 297.540003861
2041.10347531 293.727979647
2039.04233136 293.421438102
2036.98118741 293.134541348
2034.92004346 295.083711562
2032.85889951 291.515833677
2030.79775556 293.239994973
2028.73661161 293.876034949
2026.67546766 291.717613508
2024.6143237 290.171382746
2022.55317975 288.828798704
2020.4920358 287.895827743
2018.43089185 290.430918956
2016.3697479 286.152575038
2014.30860395 286.280549493
2012.24746 284.551240826
2010.18631605 286.240156277
2008.1251721 284.341857207
2006.06402815 285.500259952
2004.0028842 282.021632908
2001.94174025 283.516869368
1999.8805963 281.011827848
1997.81945235 281.870450581
1995.7583084 281.422547259
1993.69716445 278.361624271
1991.6360205 277.717664867
1989.57487654 276.058784887
1987.51373259 273.901760779
1985.45258864 272.478435075
1983.39144469 272.788823579
1981.33030074 269.271096008
1979.26915679 269.091636285
1977.20801284 267.67205931
1975.14686889 264.985528421
1973.08572494 260.86611036
1971.02458099 257.222875138
1968.96343704 254.222094068
1966.90229309 248.014014483
1964.84114914 247.500781862
1962.78000519 240.75764043
1960.71886124 237.426983911
1958.65771729 232.674127639
1956.59657333 224.882911163
1954.53542938 220.385159744
1952.47428543 214.922535284
1950.41314148 207.133237686
1948.35199753 202.458731336
1946.29085358 193.840112987
1944.22970963 186.695104662
1942.16856568 179.60889058
1940.10742173 171.134616756
1938.04627778 163.835875773
1935.98513383 157.885351312
1933.92398988 150.920490752
1931.86284593 144.166855808
1929.80170198 136.833945193
1927.74055803 131.593241628
1925.67941408 126.126701443
1923.61827013 123.55014761
1921.55712617 122.232222309
1919.49598222 119.825929259
