# BEGINHEADER
# This file contains data from the SALSA 2m radio telescope.
# DATE=2020-05-13T08:53:54.0
# GLON and GLAT given in degrees
# GLON=173.569041546
# GLAT=-34.8464735881
# DATA in two columns below. Col. 1 is velocity relative to LSR [km/s]. Col. 2 is uncalibrated antenna temperature [K].
# ENDHEADER
2447.98707111 0.0474373806931
2445.92592716 71.8532330947
2443.86478321 119.005371146
2441.80363926 121.799398349
2439.74249531 123.183840506
2437.68135136 126.409608604
2435.62020741 130.460402167
2433.55906346 136.207483456
2431.49791951 141.542469201
2429.43677556 147.711628597
2427.37563161 155.373094189
2425.31448765 162.470916088
2423.2533437 169.178872691
2421.19219975 177.327334504
2419.1310558 185.327617992
2417.06991185 193.698307487
2415.0087679 199.34877106
2412.94762395 206.419864164
2410.88648 213.017572412
2408.82533605 220.705396645
2406.7641921 227.854121348
2404.70304815 233.33856153
2402.6419042 240.699707877
2400.58076025 247.381622428
2398.5196163 249.58996034
2396.45847235 253.623483519
2394.3973284 258.854165389
2392.33618445 266.187659744
2390.27504049 266.107993168
2388.21389654 267.813770414
2386.15275259 273.561505302
2384.09160864 277.538741862
2382.03046469 279.264143049
2379.96932074 278.748429134
2377.90817679 280.033958501
2375.84703284 283.137146554
2373.78588889 283.262247437
2371.72474494 285.371202887
2369.66360099 285.291845163
2367.60245704 287.373247019
2365.54131309 286.502754584
2363.48016914 287.880942311
2361.41902519 289.014256835
2359.35788124 288.913448946
2357.29673729 288.047299519
2355.23559333 289.965014934
2353.17444938 291.435424237
2351.11330543 291.291531052
2349.05216148 295.147191046
2346.99101753 295.319495776
2344.92987358 295.791807298
2342.86872963 296.702758884
2340.80758568 295.772206573
2338.74644173 297.6398323
2336.68529778 293.962803347
2334.62415383 299.307177717
2332.56300988 299.363108041
2330.50186593 298.664227314
2328.44072198 302.692640045
2326.37957803 303.017667481
2324.31843408 301.486176478
2322.25729012 303.017204349
2320.19614617 304.287072386
2318.13500222 305.323287019
2316.07385827 305.881315009
2314.01271432 305.097730268
2311.95157037 306.354892171
2309.89042642 305.34054234
2307.82928247 309.212691025
2305.76813852 308.860764217
2303.70699457 308.534161634
2301.64585062 308.883121859
2299.58470667 306.964407925
2297.52356272 306.864559961
2295.46241877 308.327785303
2293.40127482 305.371547957
2291.34013087 311.876057371
2289.27898692 311.715585948
2287.21784296 308.854609422
2285.15669901 310.162968781
2283.09555506 310.442874984
2281.03441111 310.042047055
2278.97326716 311.372301077
2276.91212321 311.12793223
2274.85097926 312.792811899
2272.78983531 311.097140049
2270.72869136 311.725803399
2268.66754741 312.546641346
2266.60640346 312.980227655
2264.54525951 311.992385592
2262.48411556 313.329492194
2260.42297161 315.210728338
2258.36182766 314.502052059
2256.30068371 313.723676497
2254.23953976 319.868000224
2252.1783958 314.001538871
2250.11725185 314.537010608
2248.0561079 314.700635816
2245.99496395 312.86122316
2243.93382 313.254555333
2241.87267605 315.803212426
2239.8115321 314.91707911
2237.75038815 313.293772942
2235.6892442 316.639076471
2233.62810025 317.101923957
2231.5669563 313.67902883
2229.50581235 315.387889365
2227.4446684 317.956246087
2225.38352445 316.056257212
2223.3223805 316.65738139
2221.26123655 314.986974038
2219.2000926 316.246588251
2217.13894864 317.8780745
2215.07780469 316.94179556
2213.01666074 314.077757541
2210.95551679 318.084090345
2208.89437284 319.862487471
2206.83322889 317.824848336
2204.77208494 315.232178518
2202.71094099 317.443253404
2200.64979704 317.37275635
2198.58865309 315.549462128
2196.52750914 312.939799606
2194.46636519 317.574913057
2192.40522124 319.966918412
2190.34407729 316.001146406
2188.28293334 319.662616878
2186.22178939 319.835725247
2184.16064543 316.849020425
2182.09950148 304.993127674
2180.03835753 318.638271566
2177.97721358 316.122081816
2175.91606963 318.217353752
2173.85492568 319.489520428
2171.79378173 315.677165652
2169.73263778 315.790358807
2167.67149383 318.687670863
2165.61034988 318.777469979
2163.54920593 313.59536166
2161.48806198 316.061901844
2159.42691803 316.168391052
2157.36577408 318.866567663
2155.30463013 316.013506697
2153.24348618 316.079622669
2151.18234223 317.686531169
2149.12119827 317.625013187
2147.06005432 316.320587472
2144.99891037 311.150674303
2142.93776642 314.45876646
2140.87662247 314.757111918
2138.81547852 316.389211809
2136.75433457 313.355390894
2134.69319062 316.246245832
2132.63204667 312.933625398
2130.57090272 313.448610204
2128.50975877 312.914549806
2126.44861482 313.509222413
2124.38747087 312.539341173
2122.32632692 310.679744928
2120.26518297 313.93595836
2118.20403902 312.947800938
2116.14289507 316.111616843
2114.08175111 311.335675285
2112.02060716 311.261968964
2109.95946321 311.184856434
2107.89831926 311.195170756
2105.83717531 311.986298333
2103.77603136 309.836744864
2101.71488741 310.540366503
2099.65374346 311.288878682
2097.59259951 311.846950632
2095.53145556 311.607968331
2093.47031161 309.194773599
2091.40916766 307.713907549
2089.34802371 307.767421828
2087.28687976 308.308469183
2085.22573581 307.203108084
2083.16459186 306.941455383
2081.1034479 308.225970489
2079.04230395 307.446333679
2076.98116 306.925607332
2074.92001605 304.241956443
2072.8588721 307.181219103
2070.79772815 305.688377131
2068.7365842 307.071967791
2066.67544025 304.852227998
2064.6142963 303.780809085
2062.55315235 303.413781881
2060.4920084 303.419937225
2058.43086445 301.809578672
2056.3697205 303.550332849
2054.30857655 301.406052493
2052.2474326 299.559482418
2050.18628865 300.2508907
2048.1251447 300.475498176
2046.06400074 298.295290215
2044.00285679 300.780539677
2041.94171284 298.804705507
2039.88056889 298.471575683
2037.81942494 296.258094926
2035.75828099 295.357761484
2033.69713704 297.22933373
2031.63599309 296.029109473
2029.57484914 293.643680956
2027.51370519 292.3938922
2025.45256124 293.674997687
2023.39141729 289.840994073
2021.33027334 291.58539261
2019.26912939 292.136074795
2017.20798544 290.732918348
2015.14684149 290.220602944
2013.08569754 289.058353306
2011.02455358 290.318132024
2008.96340963 289.461743839
2006.90226568 288.573936518
2004.84112173 280.784653317
2002.77997778 281.919012781
2000.71883383 284.627105278
1998.65768988 284.472551721
1996.59654593 279.015302799
1994.53540198 280.267253334
1992.47425803 277.687731011
1990.41311408 275.088953595
1988.35197013 277.482473971
1986.29082618 275.053069181
1984.22968223 275.265762253
1982.16853828 270.579885228
1980.10739433 267.729109194
1978.04625037 265.353072117
1975.98510642 264.028509152
1973.92396247 259.802231126
1971.86281852 257.39083202
1969.80167457 253.000398205
1967.74053062 248.969287132
1965.67938667 245.276648962
1963.61824272 240.902016859
1961.55709877 233.014904821
1959.49595482 227.342738243
1957.43481087 223.675695811
1955.37366692 215.578413628
1953.31252297 208.807619715
1951.25137902 203.885623371
1949.19023507 195.023293957
1947.12909112 189.908398809
1945.06794717 179.202321225
1943.00680321 172.342046529
1940.94565926 166.675122313
1938.88451531 159.1937274
1936.82337136 151.21128525
1934.76222741 144.234273019
1932.70108346 138.823844589
1930.63993951 134.419004423
1928.57879556 130.102925096
1926.51765161 125.08147175
1924.45650766 123.423153056
1922.39536371 119.655467131
