# BEGINHEADER
# This file contains data from the SALSA 2m radio telescope.
# DATE=2020-05-13T09:04:05.0
# GLON and GLAT given in degrees
# GLON=167.499159171
# GLAT=-28.0208750472
# DATA in two columns below. Col. 1 is velocity relative to LSR [km/s]. Col. 2 is uncalibrated antenna temperature [K].
# ENDHEADER
2448.32077739 0.0518986845593
2446.25963344 78.7703276757
2444.19848949 129.26614911
2442.13734554 130.704622656
2440.07620159 133.501908288
2438.01505764 137.148321969
2435.95391369 141.893063756
2433.89276974 146.81590009
2431.83162579 152.702967264
2429.77048184 160.168556556
2427.70933789 168.683032445
2425.64819394 175.138726951
2423.58704999 182.481808068
2421.52590604 190.717077205
2419.46476208 198.874461888
2417.40361813 207.153133449
2415.34247418 215.86401835
2413.28133023 227.242303083
2411.22018628 231.701346952
2409.15904233 240.201143642
2407.09789838 246.00213668
2405.03675443 253.974578761
2402.97561048 259.374829254
2400.91446653 263.64918667
2398.85332258 268.470550312
2396.79217863 276.044266805
2394.73103468 277.243820323
2392.66989073 284.553756676
2390.60874678 290.196994918
2388.54760283 291.545452852
2386.48645888 295.838049254
2384.42531492 298.557415958
2382.36417097 300.716000116
2380.30302702 302.35854172
2378.24188307 304.247081426
2376.18073912 304.243912115
2374.11959517 307.388918003
2372.05845122 309.98494604
2369.99730727 308.401787992
2367.93616332 311.674188845
2365.87501937 310.448383617
2363.81387542 310.896562305
2361.75273147 313.380824812
2359.69158752 314.166962328
2357.63044357 315.905553168
2355.56929962 316.580503453
2353.50815567 316.940600564
2351.44701171 316.127802258
2349.38586776 320.029709294
2347.32472381 317.064924179
2345.26357986 318.699070083
2343.20243591 320.194812449
2341.14129196 321.354995211
2339.08014801 323.059766023
2337.01900406 324.120586703
2334.95786011 326.183853044
2332.89671616 325.542297791
2330.83557221 326.530059155
2328.77442826 324.880269295
2326.71328431 325.204613308
2324.65214036 326.52422984
2322.59099641 329.707606291
2320.52985246 331.443748259
2318.46870851 328.418765688
2316.40756455 331.136984625
2314.3464206 327.443944694
2312.28527665 333.164151233
2310.2241327 335.212246868
2308.16298875 327.937501874
2306.1018448 332.862104057
2304.04070085 333.84166886
2301.9795569 334.968992466
2299.91841295 334.588929282
2297.857269 335.085182183
2295.79612505 336.422709257
2293.7349811 333.364918568
2291.67383715 332.717935621
2289.6126932 334.00945807
2287.55154925 335.364004528
2285.4904053 336.612697045
2283.42926135 338.077375906
2281.36811739 335.343082292
2279.30697344 341.185909226
2277.24582949 340.124385845
2275.18468554 338.064858865
2273.12354159 338.404849933
2271.06239764 337.096305644
2269.00125369 339.017459538
2266.94010974 340.855850448
2264.87896579 340.553390445
2262.81782184 339.087964333
2260.75667789 339.380971772
2258.69553394 341.892870745
2256.63438999 340.408556683
2254.57324604 344.060740876
2252.51210209 342.687765083
2250.45095814 336.695532171
2248.38981419 339.952400764
2246.32867023 341.135971046
2244.26752628 341.114830333
2242.20638233 342.517219351
2240.14523838 342.580087617
2238.08409443 344.748549198
2236.02295048 343.385318096
2233.96180653 345.522460149
2231.90066258 345.599567097
2229.83951863 341.99914023
2227.77837468 343.055949606
2225.71723073 343.077348035
2223.65608678 346.891798756
2221.59494283 345.360756586
2219.53379888 343.624673362
2217.47265493 339.659609062
2215.41151098 345.31411758
2213.35036702 345.028744783
2211.28922307 342.982701289
2209.22807912 344.023285312
2207.16693517 346.175659619
2205.10579122 345.517671672
2203.04464727 344.070492633
2200.98350332 345.70835776
2198.92235937 345.8975327
2196.86121542 346.959518295
2194.80007147 345.256299874
2192.73892752 344.157422207
2190.67778357 342.562485423
2188.61663962 341.903787335
2186.55549567 342.319713661
2184.49435172 345.504984463
2182.43320777 331.982666829
2180.37206382 345.325971319
2178.31091986 344.22931769
2176.24977591 342.852792065
2174.18863196 343.375799017
2172.12748801 343.097567678
2170.06634406 342.426633571
2168.00520011 344.386876321
2165.94405616 342.006303654
2163.88291221 343.103244632
2161.82176826 342.471006414
2159.76062431 340.328328174
2157.69948036 345.010014828
2155.63833641 346.302947532
2153.57719246 341.975520802
2151.51604851 341.750656439
2149.45490456 341.154744068
2147.39376061 339.514881193
2145.33261666 338.473263641
2143.2714727 341.013826616
2141.21032875 341.611398069
2139.1491848 340.517560552
2137.08804085 340.350059005
2135.0268969 341.337435476
2132.96575295 341.425951172
2130.904609 341.710366067
2128.84346505 340.687815254
2126.7823211 338.133178472
2124.72117715 340.090446699
2122.6600332 340.7062469
2120.59888925 336.863945806
2118.5377453 340.003937877
2116.47660135 340.337754723
2114.4154574 337.576073921
2112.35431345 339.660299807
2110.29316949 337.772203128
2108.23202554 334.497935511
2106.17088159 336.578550566
2104.10973764 338.088633806
2102.04859369 338.895750866
2099.98744974 337.0310766
2097.92630579 335.536704946
2095.86516184 334.376921075
2093.80401789 336.745660681
2091.74287394 334.042621394
2089.68172999 336.812068858
2087.62058604 337.247694592
2085.55944209 336.711720015
2083.49829814 333.288803694
2081.43715419 331.932853619
2079.37601024 330.083752972
2077.31486629 332.552676305
2075.25372233 334.011800796
2073.19257838 333.72428399
2071.13143443 331.852531069
2069.07029048 333.273464344
2067.00914653 329.611049032
2064.94800258 326.745041483
2062.88685863 331.692746833
2060.82571468 329.139547135
2058.76457073 326.53439709
2056.70342678 326.769757834
2054.64228283 327.024028904
2052.58113888 324.099461721
2050.51999493 327.348446371
2048.45885098 326.06644887
2046.39770703 325.956200409
2044.33656308 325.220199209
2042.27541913 325.134099394
2040.21427517 321.734409686
2038.15313122 318.552655283
2036.09198727 319.72514213
2034.03084332 321.218303496
2031.96969937 321.158867033
2029.90855542 318.700868898
2027.84741147 316.799995324
2025.78626752 319.389256843
2023.72512357 317.483705669
2021.66397962 315.282977081
2019.60283567 315.004471728
2017.54169172 313.694651436
2015.48054777 313.237830021
2013.41940382 312.81333514
2011.35825987 310.569791648
2009.29711592 310.430711202
2007.23597196 312.476919968
2005.17482801 311.299608547
2003.11368406 308.407536764
2001.05254011 305.470236353
1998.99139616 306.154382399
1996.93025221 305.782325518
1994.86910826 303.159410613
1992.80796431 303.543521762
1990.74682036 304.092764974
1988.68567641 299.346759702
1986.62453246 296.887010256
1984.56338851 295.827467839
1982.50224456 294.702905312
1980.44110061 292.871949469
1978.37995666 288.007147685
1976.31881271 283.488235289
1974.25766876 286.034237384
1972.1965248 280.524964345
1970.13538085 275.453983439
1968.0742369 269.269442309
1966.01309295 266.575127741
1963.951949 257.632780776
1961.89080505 254.009056217
1959.8296611 246.947247565
1957.76851715 239.943829246
1955.7073732 232.774543476
1953.64622925 228.461187826
1951.5850853 221.384717132
1949.52394135 211.297561452
1947.4627974 204.541859339
1945.40165345 193.136237736
1943.3405095 186.354574532
1941.27936555 178.218470787
1939.2182216 171.267478284
1937.15707764 165.296006486
1935.09593369 158.037381535
1933.03478974 151.43285465
1930.97364579 144.877223468
1928.91250184 140.067656403
1926.85135789 135.805384044
1924.79021394 132.331002244
1922.72906999 131.120993353
