# BEGINHEADER
# This file contains data from the SALSA 2m radio telescope.
# DATE=2020-05-13T09:10:23.0
# GLON and GLAT given in degrees
# GLON=158.894712914
# GLAT=-39.650858112
# DATA in two columns below. Col. 1 is velocity relative to LSR [km/s]. Col. 2 is uncalibrated antenna temperature [K].
# ENDHEADER
2456.84159589 0.0477941664431
2454.78045194 72.5719053066
2452.71930799 118.538783418
2450.65816404 120.228467684
2448.59702009 121.396771874
2446.53587614 125.753720148
2444.47473219 130.508933326
2442.41358824 135.3361852
2440.35244429 141.158190026
2438.29130034 146.498205763
2436.23015639 153.074940197
2434.16901244 160.275005538
2432.10786848 167.936089533
2430.04672453 177.00083653
2427.98558058 183.099935533
2425.92443663 190.660403263
2423.86329268 197.960439385
2421.80214873 204.419070635
2419.74100478 213.515834507
2417.67986083 219.319618025
2415.61871688 225.560179165
2413.55757293 231.328938649
2411.49642898 235.828629387
2409.43528503 241.289433181
2407.37414108 245.502177515
2405.31299713 250.183865109
2403.25185318 257.419494186
2401.19070923 262.663569705
2399.12956527 262.961119153
2397.06842132 266.170523534
2395.00727737 270.04718881
2392.94613342 272.319408391
2390.88498947 273.135804095
2388.82384552 278.38816714
2386.76270157 280.862198318
2384.70155762 281.390848521
2382.64041367 281.057765558
2380.57926972 282.358859872
2378.51812577 280.491791763
2376.45698182 282.714991509
2374.39583787 283.622298648
2372.33469392 281.912883557
2370.27354997 285.357824334
2368.21240602 288.52227181
2366.15126207 285.946429425
2364.09011811 288.564510462
2362.02897416 291.77640387
2359.96783021 290.848296552
2357.90668626 288.672333356
2355.84554231 291.900843457
2353.78439836 293.989007381
2351.72325441 293.984463681
2349.66211046 289.944191172
2347.60096651 293.223597761
2345.53982256 296.364097009
2343.47867861 295.649970614
2341.41753466 295.650476925
2339.35639071 297.990800851
2337.29524676 297.576306347
2335.23410281 300.989071947
2333.17295886 296.883509755
2331.11181491 296.659073538
2329.05067095 301.76641116
2326.989527 301.406580444
2324.92838305 301.834235978
2322.8672391 305.911498638
2320.80609515 304.492954577
2318.7449512 302.357950882
2316.68380725 306.09777331
2314.6226633 304.282248353
2312.56151935 303.797018802
2310.5003754 303.288563587
2308.43923145 305.58406876
2306.3780875 306.753774831
2304.31694355 303.271786242
2302.2557996 307.123011855
2300.19465565 309.420609369
2298.1335117 305.539571629
2296.07236774 304.45122133
2294.01122379 306.278597345
2291.95007984 306.119345596
2289.88893589 307.360498143
2287.82779194 307.694411983
2285.76664799 310.864069229
2283.70550404 308.979184287
2281.64436009 307.111393644
2279.58321614 309.390331659
2277.52207219 308.190679828
2275.46092824 310.409870842
2273.39978429 306.7568594
2271.33864034 308.141294317
2269.27749639 311.866244075
2267.21635244 313.074093336
2265.15520849 313.525622506
2263.09406454 311.732066165
2261.03292058 311.200116781
2258.97177663 309.990660591
2256.91063268 311.224434098
2254.84948873 311.726218664
2252.78834478 312.960554649
2250.72720083 310.961379517
2248.66605688 313.663397523
2246.60491293 311.744693035
2244.54376898 314.309419252
2242.48262503 311.838702884
2240.42148108 310.239367405
2238.36033713 312.772417553
2236.29919318 315.091529872
2234.23804923 309.633059147
2232.17690528 314.369882905
2230.11576133 312.292862062
2228.05461738 314.195494261
2225.99347342 311.026857359
2223.93232947 312.677204523
2221.87118552 312.215437554
2219.81004157 313.59169735
2217.74889762 314.648290163
2215.68775367 313.282799682
2213.62660972 313.083634798
2211.56546577 312.596089662
2209.50432182 314.044241482
2207.44317787 312.505298393
2205.38203392 316.681197454
2203.32088997 314.241332562
2201.25974602 312.601966871
2199.19860207 315.907521403
2197.13745812 314.000001666
2195.07631417 314.357849811
2193.01517022 312.647293094
2190.95402626 304.241544457
2188.89288231 314.349102082
2186.83173836 315.83001788
2184.77059441 313.076076548
2182.70945046 312.312800277
2180.64830651 312.211814856
2178.58716256 310.22227109
2176.52601861 315.348823352
2174.46487466 314.220077043
2172.40373071 316.871783479
2170.34258676 312.215889621
2168.28144281 314.137298604
2166.22029886 315.753361396
2164.15915491 315.827537202
2162.09801096 313.475528359
2160.03686701 314.942446424
2157.97572305 309.705612854
2155.9145791 314.415219531
2153.85343515 312.370620639
2151.7922912 312.843793891
2149.73114725 315.646307091
2147.6700033 310.618421912
2145.60885935 315.712420208
2143.5477154 311.45079498
2141.48657145 313.173852129
2139.4254275 310.567704552
2137.36428355 312.491770608
2135.3031396 308.104287132
2133.24199565 309.420131777
2131.1808517 306.565735756
2129.11970775 310.053584264
2127.0585638 309.390032487
2124.99741985 312.852485094
2122.93627589 309.500150298
2120.87513194 307.263034828
2118.81398799 306.048003395
2116.75284404 309.078614227
2114.69170009 309.883011577
2112.63055614 309.380740913
2110.56941219 307.26994772
2108.50826824 306.403121446
2106.44712429 311.216591593
2104.38598034 308.675693546
2102.32483639 307.512586174
2100.26369244 308.326892085
2098.20254849 307.778196169
2096.14140454 306.571016939
2094.08026059 306.239039037
2092.01911664 303.090097288
2089.95797269 301.294337239
2087.89682873 303.371734069
2085.83568478 306.142183813
2083.77454083 301.17304006
2081.71339688 300.89558084
2079.65225293 300.836330659
2077.59110898 300.93257161
2075.52996503 301.802808365
2073.46882108 301.11944845
2071.40767713 300.198193461
2069.34653318 293.598555937
2067.28538923 299.407428169
2065.22424528 300.657833359
2063.16310133 297.731626689
2061.10195738 298.299238464
2059.04081343 296.50410682
2056.97966948 298.905432758
2054.91852552 296.667561187
2052.85738157 297.542949706
2050.79623762 296.836585226
2048.73509367 295.454896068
2046.67394972 296.954057761
2044.61280577 294.599344598
2042.55166182 292.406263733
2040.49051787 292.87116439
2038.42937392 289.944829345
2036.36822997 289.388719789
2034.30708602 288.660392384
2032.24594207 288.339987499
2030.18479812 288.537960261
2028.12365417 287.339800084
2026.06251022 285.005855733
2024.00136627 287.394352019
2021.94022232 287.308216221
2019.87907836 285.857939023
2017.81793441 282.636472441
2015.75679046 285.005746285
2013.69564651 281.847913201
2011.63450256 281.656198866
2009.57335861 280.655031525
2007.51221466 280.944491319
2005.45107071 276.936197753
2003.38992676 275.156851718
2001.32878281 277.337762338
1999.26763886 272.118478308
1997.20649491 271.839118968
1995.14535096 272.963967519
1993.08420701 268.73784114
1991.02306306 269.59878897
1988.96191911 268.284477378
1986.90077516 263.997167874
1984.8396312 262.014398217
1982.77848725 257.933037881
1980.7173433 255.23258067
1978.65619935 252.226010245
1976.5950554 246.897974961
1974.53391145 243.411242294
1972.4727675 239.622320762
1970.41162355 230.568813946
1968.3504796 227.566162437
1966.28933565 221.305896176
1964.2281917 213.351555168
1962.16704775 207.102668763
1960.1059038 199.400489555
1958.04475985 194.461533479
1955.9836159 185.986903088
1953.92247195 178.992675301
1951.86132799 170.162136481
1949.80018404 162.352692721
1947.73904009 154.957648409
1945.67789614 149.596637159
1943.61675219 143.392399761
1941.55560824 136.663935265
1939.49446429 132.041359243
1937.43332034 128.288917133
1935.37217639 123.686153136
1933.31103244 120.103738442
1931.24988849 119.273869346
