# BEGINHEADER
# This file contains data from the SALSA 2m radio telescope.
# DATE=2020-05-13T09:08:58.0
# GLON and GLAT given in degrees
# GLON=161.289002048
# GLAT=-37.4041220547
# DATA in two columns below. Col. 1 is velocity relative to LSR [km/s]. Col. 2 is uncalibrated antenna temperature [K].
# ENDHEADER
2454.87993749 0.0468325857526
2452.81879354 70.9257057998
2450.75764959 116.411330732
2448.69650564 117.707363787
2446.63536169 120.453185524
2444.57421774 123.377280228
2442.51307379 127.438102827
2440.45192984 131.47333701
2438.39078589 137.046899692
2436.32964194 143.547864113
2434.26849798 149.354848773
2432.20735403 156.663727828
2430.14621008 163.643336729
2428.08506613 168.817470538
2426.02392218 177.696354892
2423.96277823 184.444226897
2421.90163428 194.969070798
2419.84049033 199.583471067
2417.77934638 208.574155236
2415.71820243 212.043358016
2413.65705848 221.612761711
2411.59591453 227.260662467
2409.53477058 232.019860602
2407.47362663 235.905891655
2405.41248268 244.185075257
2403.35133873 247.24269014
2401.29019477 251.326014335
2399.22905082 254.199082597
2397.16790687 259.430357819
2395.10676292 262.33234859
2393.04561897 266.039607624
2390.98447502 267.23898692
2388.92333107 266.273283289
2386.86218712 270.607066449
2384.80104317 269.870775676
2382.73989922 273.029671964
2380.67875527 274.255469159
2378.61761132 275.486568999
2376.55646737 277.440099236
2374.49532342 281.046924269
2372.43417947 280.428431027
2370.37303552 281.016716386
2368.31189157 282.026932008
2366.25074761 281.463427993
2364.18960366 279.592244972
2362.12845971 285.925100642
2360.06731576 283.801824856
2358.00617181 283.608518611
2355.94502786 284.744568356
2353.88388391 284.317677613
2351.82273996 285.44846872
2349.76159601 286.737293657
2347.70045206 285.610258286
2345.63930811 288.221893493
2343.57816416 291.329485435
2341.51702021 290.487921025
2339.45587626 288.520299309
2337.39473231 291.909668104
2335.33358836 290.252064613
2333.27244441 291.621082261
2331.21130045 294.080550529
2329.1501565 290.077446035
2327.08901255 294.133462651
2325.0278686 294.884852992
2322.96672465 293.860077898
2320.9055807 297.175497903
2318.84443675 298.022078831
2316.7832928 294.110553398
2314.72214885 296.293905864
2312.6610049 299.008063008
2310.59986095 297.906497671
2308.538717 299.326176218
2306.47757305 298.013749563
2304.4164291 297.674538356
2302.35528515 297.432858517
2300.2941412 299.528775078
2298.23299725 296.920547944
2296.17185329 300.005196024
2294.11070934 300.695113758
2292.04956539 303.01733397
2289.98842144 301.247168932
2287.92727749 304.305571097
2285.86613354 304.134190368
2283.80498959 303.805556354
2281.74384564 300.830775466
2279.68270169 302.705363597
2277.62155774 304.872330944
2275.56041379 303.890549284
2273.49926984 305.115072345
2271.43812589 304.545632052
2269.37698194 306.461783403
2267.31583799 303.216041979
2265.25469404 301.316339699
2263.19355008 305.219906073
2261.13240613 303.735760268
2259.07126218 305.351703994
2257.01011823 303.343158715
2254.94897428 305.468240502
2252.88783033 306.639029892
2250.82668638 302.717687152
2248.76554243 305.674359727
2246.70439848 304.696456365
2244.64325453 309.364126049
2242.58211058 306.842096477
2240.52096663 306.777066493
2238.45982268 305.384693813
2236.39867873 310.062743413
2234.33753478 307.978933803
2232.27639083 306.114441766
2230.21524688 301.377255172
2228.15410292 304.51850293
2226.09295897 306.596889098
2224.03181502 308.180780303
2221.97067107 309.006364304
2219.90952712 306.847775288
2217.84838317 307.866399318
2215.78723922 307.266481151
2213.72609527 307.21016895
2211.66495132 307.52381045
2209.60380737 306.424470442
2207.54266342 308.213669732
2205.48151947 305.934901921
2203.42037552 308.15853391
2201.35923157 306.926247497
2199.29808762 309.340722833
2197.23694367 306.916807915
2195.17579972 308.593506375
2193.11465576 309.811177939
2191.05351181 310.175350359
2188.99236786 294.063184545
2186.93122391 309.002655725
2184.87007996 308.296502316
2182.80893601 307.814798279
2180.74779206 302.606316941
2178.68664811 305.080361773
2176.62550416 305.462921952
2174.56436021 308.616685421
2172.50321626 308.013003129
2170.44207231 306.272990951
2168.38092836 308.460578693
2166.31978441 306.495155228
2164.25864046 305.745781904
2162.19749651 305.425361865
2160.13635255 305.269261515
2158.0752086 304.306818528
2156.01406465 304.414860348
2153.9529207 306.725374501
2151.89177675 307.326124119
2149.8306328 304.96157395
2147.76948885 306.871066838
2145.7083449 305.008422825
2143.64720095 303.499385766
2141.586057 306.876848264
2139.52491305 303.669251281
2137.4637691 302.695440893
2135.40262515 304.809196674
2133.3414812 301.160625606
2131.28033725 300.646933825
2129.2191933 305.298913975
2127.15804935 302.643414614
2125.09690539 301.808413505
2123.03576144 303.298857052
2120.97461749 303.25707103
2118.91347354 300.561469475
2116.85232959 299.510974007
2114.79118564 302.607899214
2112.73004169 301.713919116
2110.66889774 304.476530856
2108.60775379 301.779225867
2106.54660984 298.784227922
2104.48546589 300.228311436
2102.42432194 298.112181808
2100.36317799 299.968053346
2098.30203404 301.088784477
2096.24089009 297.698308705
2094.17974614 298.588059408
2092.11860219 299.043735212
2090.05745823 299.217378371
2087.99631428 296.116876768
2085.93517033 295.491959111
2083.87402638 297.137729739
2081.81288243 297.142028228
2079.75173848 299.005659012
2077.69059453 295.329928981
2075.62945058 297.255628864
2073.56830663 296.180704108
2071.50716268 297.857581357
2069.44601873 295.288011145
2067.38487478 292.698080662
2065.32373083 294.568469677
2063.26258688 292.182808001
2061.20144293 293.535381959
2059.14029898 292.926898538
2057.07915502 291.128884902
2055.01801107 292.445556693
2052.95686712 289.328451713
2050.89572317 289.460133989
2048.83457922 288.597051516
2046.77343527 287.663151004
2044.71229132 288.246108861
2042.65114737 287.647701192
2040.59000342 286.578359444
2038.52885947 289.487417586
2036.46771552 283.44017231
2034.40657157 287.184145853
2032.34542762 283.496653545
2030.28428367 282.262161181
2028.22313972 281.247620847
2026.16199577 279.738220826
2024.10085182 279.210173765
2022.03970786 279.992084814
2019.97856391 279.990173999
2017.91741996 278.655291916
2015.85627601 276.449754721
2013.79513206 279.403831122
2011.73398811 277.332405644
2009.67284416 276.807811658
2007.61170021 272.245253398
2005.55055626 272.262768003
2003.48941231 271.072773863
2001.42826836 271.058005948
1999.36712441 270.333566075
1997.30598046 268.603081147
1995.24483651 268.906907817
1993.18369256 266.190743528
1991.12254861 266.929393376
1989.06140466 263.273612074
1987.0002607 261.652319583
1984.93911675 257.868005837
1982.8779728 256.048464797
1980.81682885 252.841727385
1978.7556849 247.411774106
1976.69454095 247.508674872
1974.633397 241.700190187
1972.57225305 239.48704427
1970.5111091 231.502075855
1968.44996515 227.1296305
1966.3888212 221.023838344
1964.32767725 216.097663456
1962.2665333 210.169006489
1960.20538935 204.476310576
1958.1442454 199.256509627
1956.08310145 189.730328756
1954.0219575 181.263428525
1951.96081354 173.114507855
1949.89966959 166.437040199
1947.83852564 159.814786543
1945.77738169 152.325513172
1943.71623774 145.957692725
1941.65509379 141.044609707
1939.59394984 134.877916142
1937.53280589 129.701019168
1935.47166194 124.488242199
1933.41051799 121.200016261
1931.34937404 118.688842622
1929.28823009 115.770062428
