# BEGINHEADER
# This file contains data from the SALSA 2m radio telescope.
# DATE=2020-05-13T09:07:10.0
# GLON and GLAT given in degrees
# GLON=164.132460249
# GLAT=-33.9281441909
# DATA in two columns below. Col. 1 is velocity relative to LSR [km/s]. Col. 2 is uncalibrated antenna temperature [K].
# ENDHEADER
2452.20564687 0.0819987985807
2450.14450292 126.01151639
2448.08335897 209.888029273
2446.02221502 212.264046787
2443.96107107 215.734953612
2441.89992711 220.163753989
2439.83878316 227.118162266
2437.77763921 234.352784811
2435.71649526 245.172483511
2433.65535131 257.59584709
2431.59420736 268.001404718
2429.53306341 283.279639919
2427.47191946 294.598096262
2425.41077551 308.401868886
2423.34963156 320.004855661
2421.28848761 335.70784234
2419.22734366 349.131101718
2417.16619971 358.850999605
2415.10505576 372.725749344
2413.04391181 387.176247003
2410.98276786 399.778168441
2408.92162391 410.987817712
2406.86047995 419.607358752
2404.799336 425.048654089
2402.73819205 438.368734729
2400.6770481 444.686762379
2398.61590415 454.200812414
2396.5547602 453.925667749
2394.49361625 460.971425409
2392.4324723 466.641528027
2390.37132835 471.103824363
2388.3101844 475.607094849
2386.24904045 484.501806823
2384.1878965 480.029770421
2382.12675255 487.390548816
2380.0656086 491.895511425
2378.00446465 494.70158355
2375.9433207 494.041501703
2373.88217674 496.453119868
2371.82103279 498.124992068
2369.75988884 499.210559403
2367.69874489 500.551869196
2365.63760094 505.115583531
2363.57645699 503.848331308
2361.51531304 512.252306855
2359.45416909 511.082547554
2357.39302514 509.531353092
2355.33188119 514.45447867
2353.27073724 514.278601234
2351.20959329 514.326844822
2349.14844934 515.502715481
2347.08730539 521.532469775
2345.02616144 516.763316235
2342.96501749 514.794862146
2340.90387354 516.157638575
2338.84272958 524.275180096
2336.78158563 523.961440877
2334.72044168 526.261913252
2332.65929773 522.135528055
2330.59815378 527.625677327
2328.53700983 530.012022416
2326.47586588 527.420360265
2324.41472193 528.509677451
2322.35357798 526.292254562
2320.29243403 532.883057504
2318.23129008 529.204862204
2316.17014613 536.567476126
2314.10900218 532.329937264
2312.04785823 534.066364477
2309.98671428 535.660838026
2307.92557033 534.198341642
2305.86442638 538.119053501
2303.80328242 540.238020923
2301.74213847 538.137690251
2299.68099452 535.668525958
2297.61985057 545.131405399
2295.55870662 540.230610222
2293.49756267 543.968264594
2291.43641872 541.177397323
2289.37527477 540.490901801
2287.31413082 542.155399568
2285.25298687 543.515515957
2283.19184292 543.921263718
2281.13069897 547.049780074
2279.06955502 545.630480871
2277.00841107 545.44654043
2274.94726712 540.754701137
2272.88612317 545.059348355
2270.82497921 547.7319179
2268.76383526 551.188446778
2266.70269131 550.24978419
2264.64154736 549.350562604
2262.58040341 546.05749232
2260.51925946 550.24743
2258.45811551 547.896791396
2256.39697156 546.901729047
2254.33582761 550.804473101
2252.27468366 551.326584304
2250.21353971 551.400489469
2248.15239576 555.128664788
2246.09125181 551.467971065
2244.03010786 554.115691455
2241.96896391 549.938667672
2239.90781996 554.043817825
2237.84667601 549.044936972
2235.78553205 549.408822378
2233.7243881 551.301549008
2231.66324415 554.650825993
2229.6021002 553.267185893
2227.54095625 555.105244117
2225.4798123 552.908719527
2223.41866835 551.854897125
2221.3575244 554.594068141
2219.29638045 561.191275352
2217.2352365 550.962366934
2215.17409255 554.411570247
2213.1129486 554.130819318
2211.05180465 557.615161616
2208.9906607 556.281461462
2206.92951675 553.209424475
2204.8683728 561.109005452
2202.80722885 549.553098968
2200.74608489 553.284204662
2198.68494094 557.370582428
2196.62379699 555.16521915
2194.56265304 553.362292443
2192.50150909 551.459411651
2190.44036514 549.524376709
2188.37922119 551.916849407
2186.31807724 532.211396997
2184.25693329 551.614664666
2182.19578934 555.156761204
2180.13464539 557.447977532
2178.07350144 558.496147228
2176.01235749 556.857147988
2173.95121354 553.106505008
2171.89006959 554.449379616
2169.82892564 553.374922425
2167.76778169 555.273357753
2165.70663773 551.980950324
2163.64549378 552.388777855
2161.58434983 553.653612664
2159.52320588 556.510754829
2157.46206193 550.319936138
2155.40091798 552.32546973
2153.33977403 555.683032745
2151.27863008 551.364834631
2149.21748613 552.939434602
2147.15634218 550.465277685
2145.09519823 553.142894511
2143.03405428 549.050502009
2140.97291033 552.727044007
2138.91176638 546.120992272
2136.85062243 555.971121157
2134.78947848 546.960315191
2132.72833452 547.064609364
2130.66719057 553.843496233
2128.60604662 550.031139972
2126.54490267 550.484727181
2124.48375872 551.096044711
2122.42261477 550.683571171
2120.36147082 546.549229608
2118.30032687 543.325661077
2116.23918292 544.637330892
2114.17803897 547.451407592
2112.11689502 548.915113072
2110.05575107 545.632752778
2107.99460712 542.147255723
2105.93346317 540.064461119
2103.87231922 539.669892792
2101.81117527 541.832993079
2099.75003132 541.682070814
2097.68888736 543.108332677
2095.62774341 538.734290657
2093.56659946 540.314128005
2091.50545551 542.573665056
2089.44431156 531.884207062
2087.38316761 538.573895488
2085.32202366 534.08369475
2083.26087971 534.413497497
2081.19973576 539.352693945
2079.13859181 539.73815021
2077.07744786 539.046717333
2075.01630391 534.823435973
2072.95515996 533.611978021
2070.89401601 528.126340232
2068.83287206 526.252073159
2066.77172811 523.401512124
2064.71058416 530.732709801
2062.6494402 528.646622779
2060.58829625 531.781919418
2058.5271523 530.528327873
2056.46600835 523.994911936
2054.4048644 526.635912495
2052.34372045 523.704701015
2050.2825765 523.603096706
2048.22143255 521.895879048
2046.1602886 522.013924337
2044.09914465 520.296565708
2042.0380007 521.766178108
2039.97685675 515.030353896
2037.9157128 518.182110405
2035.85456885 518.66165192
2033.7934249 514.929038
2031.73228095 511.922700754
2029.67113699 511.200521365
2027.60999304 516.074941242
2025.54884909 508.587210601
2023.48770514 512.078771983
2021.42656119 508.304273832
2019.36541724 505.888753045
2017.30427329 504.677314473
2015.24312934 501.526989534
2013.18198539 507.248500374
2011.12084144 498.16692701
2009.05969749 500.143705438
2006.99855354 498.434183996
2004.93740959 492.984027292
2002.87626564 496.861564707
2000.81512169 493.508640915
1998.75397774 491.425995367
1996.69283379 484.414421968
1994.63168983 487.948537258
1992.57054588 479.794056503
1990.50940193 481.837194995
1988.44825798 481.372407061
1986.38711403 478.399490493
1984.32597008 464.909359859
1982.26482613 461.07364036
1980.20368218 461.005340455
1978.14253823 454.119242035
1976.08139428 446.658572306
1974.02025033 442.787635009
1971.95910638 436.254541217
1969.89796243 428.078840814
1967.83681848 420.363641143
1965.77567453 409.17271915
1963.71453058 400.93784854
1961.65338663 387.347705576
1959.59224267 374.664066705
1957.53109872 368.664360365
1955.46995477 351.639704447
1953.40881082 340.512188263
1951.34766687 323.62871953
1949.28652292 314.650833679
1947.22537897 302.485953513
1945.16423502 289.340737402
1943.10309107 277.397883163
1941.04194712 265.212134014
1938.98080317 254.029323565
1936.91965922 243.470448677
1934.85851527 232.698207712
1932.79737132 224.40716553
1930.73622737 218.131385412
1928.67508342 213.099033655
1926.61393947 208.198035804
