# BEGINHEADER
# This file contains data from the SALSA 2m radio telescope.
# DATE=2020-05-13T08:53:24.0
# GLON and GLAT given in degrees
# GLON=175.795588227
# GLAT=-35.5500179013
# DATA in two columns below. Col. 1 is velocity relative to LSR [km/s]. Col. 2 is uncalibrated antenna temperature [K].
# ENDHEADER
2447.28982687 0.0483520746144
2445.22868291 74.1878104025
2443.16753896 122.477393924
2441.10639501 124.083440391
2439.04525106 126.300440613
2436.98410711 129.368166372
2434.92296316 134.619553405
2432.86181921 138.944415056
2430.80067526 145.137683173
2428.73953131 151.188470294
2426.67838736 157.902496608
2424.61724341 163.505724015
2422.55609946 172.358034738
2420.49495551 179.568822404
2418.43381156 188.49813657
2416.37266761 197.603442548
2414.31152366 203.705647911
2412.2503797 209.416699596
2410.18923575 216.899039822
2408.1280918 227.630967288
2406.06694785 232.270798141
2404.0058039 241.556726169
2401.94465995 246.796873032
2399.883516 250.285266598
2397.82237205 256.784131625
2395.7612281 260.148994575
2393.70008415 265.825711847
2391.6389402 269.867059588
2389.57779625 273.20421437
2387.5166523 274.576919911
2385.45550835 276.154840853
2383.3943644 279.605744513
2381.33322045 283.054274013
2379.2720765 283.73281278
2377.21093254 287.703542112
2375.14978859 288.58295939
2373.08864464 287.815253928
2371.02750069 291.723004281
2368.96635674 292.034438674
2366.90521279 293.718923055
2364.84406884 294.614034556
2362.78292489 295.095588922
2360.72178094 294.98293349
2358.66063699 297.765864567
2356.59949304 294.69657694
2354.53834909 299.545549428
2352.47720514 296.267919421
2350.41606119 300.968583295
2348.35491724 300.215848079
2346.29377329 299.660930829
2344.23262934 300.915458325
2342.17148538 301.319431892
2340.11034143 307.831521621
2338.04919748 301.676253614
2335.98805353 304.783379547
2333.92690958 306.390273928
2331.86576563 307.644340232
2329.80462168 305.522336748
2327.74347773 307.890898576
2325.68233378 310.056403634
2323.62118983 311.921604748
2321.56004588 310.268953092
2319.49890193 308.691360624
2317.43775798 312.162188455
2315.37661403 313.805704879
2313.31547008 313.630760133
2311.25432613 314.936927859
2309.19318217 313.693553167
2307.13203822 311.833399902
2305.07089427 312.737403471
2303.00975032 311.930872115
2300.94860637 316.782856101
2298.88746242 313.889769098
2296.82631847 317.179415103
2294.76517452 316.032596656
2292.70403057 312.783449698
2290.64288662 316.828771254
2288.58174267 317.9012559
2286.52059872 316.23302706
2284.45945477 315.032148807
2282.39831082 317.964268329
2280.33716687 317.521534385
2278.27602292 318.230115868
2276.21487897 319.993895127
2274.15373501 315.209565847
2272.09259106 319.846198759
2270.03144711 319.70506284
2267.97030316 319.866575786
2265.90915921 319.453236586
2263.84801526 319.197524902
2261.78687131 320.548410344
2259.72572736 321.50015568
2257.66458341 320.824522341
2255.60343946 318.449846521
2253.54229551 321.608582385
2251.48115156 321.846412159
2249.42000761 322.671577628
2247.35886366 317.446222297
2245.29771971 322.969611732
2243.23657576 321.694510411
2241.17543181 322.129855099
2239.11428785 323.959488507
2237.0531439 322.67805734
2234.99199995 325.430221452
2232.930856 322.925591711
2230.86971205 324.632314196
2228.8085681 322.754172507
2226.74742415 322.551897591
2224.6862802 323.649276802
2222.62513625 322.713998359
2220.5639923 325.022961737
2218.50284835 321.639338139
2216.4417044 327.926243789
2214.38056045 324.530729362
2212.3194165 324.859910459
2210.25827255 325.41195829
2208.1971286 322.662963639
2206.13598465 324.770265165
2204.07484069 325.520395654
2202.01369674 324.706835365
2199.95255279 325.103662979
2197.89140884 326.562506712
2195.83026489 324.004270933
2193.76912094 324.236710308
2191.70797699 326.011215687
2189.64683304 325.014857394
2187.58568909 322.202307215
2185.52454514 323.690025977
2183.46340119 322.86811531
2181.40225724 313.980776038
2179.34111329 323.83794924
2177.27996934 324.528949725
2175.21882539 322.93969035
2173.15768144 324.408457237
2171.09653748 324.072142557
2169.03539353 323.873837244
2166.97424958 322.562609071
2164.91310563 325.796666024
2162.85196168 322.109547509
2160.79081773 323.623208059
2158.72967378 326.086401445
2156.66852983 325.520311162
2154.60738588 324.134473877
2152.54624193 321.50054737
2150.48509798 322.060056168
2148.42395403 324.576228387
2146.36281008 323.297625837
2144.30166613 323.239182383
2142.24052218 323.846864401
2140.17937823 322.154082418
2138.11823428 320.937433526
2136.05709032 322.5027307
2133.99594637 319.320589028
2131.93480242 316.268662266
2129.87365847 316.51353454
2127.81251452 323.356832552
2125.75137057 319.008356591
2123.69022662 316.935915434
2121.62908267 319.556563898
2119.56793872 323.475255641
2117.50679477 318.461444114
2115.44565082 318.510506565
2113.38450687 318.303657794
2111.32336292 320.32330801
2109.26221897 324.268727118
2107.20107502 317.819854012
2105.13993107 318.145671113
2103.07878712 318.866689224
2101.01764316 321.310531039
2098.95649921 317.665604557
2096.89535526 320.986395907
2094.83421131 317.488375511
2092.77306736 314.304481932
2090.71192341 315.987332681
2088.65077946 315.671029295
2086.58963551 319.192032055
2084.52849156 313.250704516
2082.46734761 317.565517938
2080.40620366 317.489926498
2078.34505971 313.968836489
2076.28391576 315.307860082
2074.22277181 311.526328709
2072.16162786 310.438623028
2070.10048391 311.880578045
2068.03933995 314.363485738
2065.978196 308.194831916
2063.91705205 311.068373006
2061.8559081 309.495838983
2059.79476415 310.137499509
2057.7336202 310.423594323
2055.67247625 310.815007205
2053.6113323 308.263919547
2051.55018835 307.880618165
2049.4890444 307.158608374
2047.42790045 308.985290286
2045.3667565 305.698063712
2043.30561255 305.33840075
2041.2444686 307.428349453
2039.18332465 302.779586388
2037.1221807 302.896888739
2035.06103675 303.694406289
2032.99989279 302.344834457
2030.93874884 300.1100173
2028.87760489 302.030165862
2026.81646094 301.469272293
2024.75531699 300.351196805
2022.69417304 300.246862745
2020.63302909 296.938477502
2018.57188514 296.258525284
2016.51074119 296.671162957
2014.44959724 297.884257211
2012.38845329 295.851346256
2010.32730934 295.549278478
2008.26616539 291.770858475
2006.20502144 293.087930819
2004.14387749 289.046800477
2002.08273354 291.461317318
2000.02158959 291.330879262
1997.96044563 287.563708683
1995.89930168 284.732760374
1993.83815773 284.569263572
1991.77701378 282.341885162
1989.71586983 283.48283995
1987.65472588 283.032541488
1985.59358193 280.672602906
1983.53243798 278.502476425
1981.47129403 278.255583291
1979.41015008 273.480978573
1977.34900613 272.247243018
1975.28786218 272.451736573
1973.22671823 268.061826651
1971.16557428 263.726722969
1969.10443033 258.863729486
1967.04328638 257.967874222
1964.98214243 252.893520741
1962.92099847 244.932592773
1960.85985452 240.361918226
1958.79871057 234.056626639
1956.73756662 228.733983569
1954.67642267 220.22263713
1952.61527872 213.16960834
1950.55413477 206.857499975
1948.49299082 198.300333637
1946.43184687 191.149416518
1944.37070292 183.781293001
1942.30955897 176.717268568
1940.24841502 169.411007814
1938.18727107 161.632784705
1936.12612712 153.668498467
1934.06498317 147.761165112
1932.00383922 141.955642254
1929.94269526 138.123966291
1927.88155131 132.168491182
1925.82040736 128.914509892
1923.75926341 125.994938421
1921.69811946 122.499777282
