# BEGINHEADER
# This file contains data from the SALSA 2m radio telescope.
# DATE=2020-05-13T08:52:43.0
# GLON and GLAT given in degrees
# GLON=177.919167212
# GLAT=-36.1022725809
# DATA in two columns below. Col. 1 is velocity relative to LSR [km/s]. Col. 2 is uncalibrated antenna temperature [K].
# ENDHEADER
2446.61787514 0.0474604252593
2444.55673119 72.0043378011
2442.49558724 118.024272434
2440.43444329 119.837653953
2438.37329934 121.841939405
2436.31215539 126.678073506
2434.25101144 129.5529365
2432.18986749 134.782377673
2430.12872354 139.166740672
2428.06757959 145.14332109
2426.00643564 153.089419076
2423.94529169 159.839017764
2421.88414774 166.784687985
2419.82300378 174.371166469
2417.76185983 182.112851097
2415.70071588 191.559993131
2413.63957193 198.275506036
2411.57842798 203.934782561
2409.51728403 212.290228268
2407.45614008 219.850351533
2405.39499613 228.466640613
2403.33385218 232.397511747
2401.27270823 235.586572257
2399.21156428 241.423972815
2397.15042033 250.657767197
2395.08927638 252.673525487
2393.02813243 254.831230671
2390.96698848 259.505806129
2388.90584453 261.933718883
2386.84470057 268.298191188
2384.78355662 271.396013926
2382.72241267 272.042212564
2380.66126872 276.650112297
2378.60012477 278.734678731
2376.53898082 278.532273039
2374.47783687 279.550270023
2372.41669292 281.165276159
2370.35554897 283.568754027
2368.29440502 281.012205568
2366.23326107 282.955248577
2364.17211712 281.983291586
2362.11097317 283.66454726
2360.04982922 285.302447291
2357.98868527 286.878138803
2355.92754132 288.071247571
2353.86639737 288.824526136
2351.80525341 288.221514779
2349.74410946 289.353593121
2347.68296551 291.487061829
2345.62182156 293.644502197
2343.56067761 291.342089373
2341.49953366 293.911903484
2339.43838971 292.073794375
2337.37724576 295.473998912
2335.31610181 292.871409652
2333.25495786 296.296284392
2331.19381391 297.300845368
2329.13266996 294.985175971
2327.07152601 296.841046143
2325.01038206 296.501967217
2322.94923811 297.796651732
2320.88809416 299.780149715
2318.82695021 298.977423436
2316.76580625 301.061374339
2314.7046623 301.308355248
2312.64351835 302.858562979
2310.5823744 302.757594197
2308.52123045 302.151497722
2306.4600865 302.802478577
2304.39894255 305.106217805
2302.3377986 303.216057668
2300.27665465 303.301213402
2298.2155107 302.464577217
2296.15436675 305.27991308
2294.0932228 305.624113709
2292.03207885 303.370843657
2289.9709349 304.113519172
2287.90979095 305.679343034
2285.848647 303.228115436
2283.78750305 307.804602965
2281.72635909 308.945427572
2279.66521514 310.752408187
2277.60407119 308.940474747
2275.54292724 306.27723959
2273.48178329 308.904376008
2271.42063934 310.266543386
2269.35949539 309.965818197
2267.29835144 309.992103463
2265.23720749 308.462756874
2263.17606354 310.99518636
2261.11491959 309.926928246
2259.05377564 307.966693414
2256.99263169 309.856667161
2254.93148774 309.640143322
2252.87034379 309.654058859
2250.80919984 312.259100345
2248.74805588 309.315683106
2246.68691193 309.980257328
2244.62576798 310.057491068
2242.56462403 310.833115822
2240.50348008 313.175467765
2238.44233613 312.331970718
2236.38119218 311.715938499
2234.32004823 313.126878309
2232.25890428 313.000104637
2230.19776033 312.942183652
2228.13661638 311.597258222
2226.07547243 309.666993998
2224.01432848 312.939903606
2221.95318453 313.800047
2219.89204058 311.809304297
2217.83089663 313.013676959
2215.76975268 314.881778889
2213.70860872 310.329551549
2211.64746477 313.110297818
2209.58632082 313.296669572
2207.52517687 312.765817572
2205.46403292 312.404907756
2203.40288897 314.240825573
2201.34174502 313.859216366
2199.28060107 311.864153713
2197.21945712 313.485171463
2195.15831317 312.024106637
2193.09716922 313.057757639
2191.03602527 313.0551739
2188.97488132 314.982403403
2186.91373737 316.927263685
2184.85259342 316.784185037
2182.79144947 313.342451047
2180.73030552 302.180102651
2178.66916156 312.219952475
2176.60801761 314.384288386
2174.54687366 315.643945527
2172.48572971 314.416742581
2170.42458576 315.049643689
2168.36344181 313.3144685
2166.30229786 313.310870655
2164.24115391 314.814685712
2162.18000996 313.761277332
2160.11886601 311.790501791
2158.05772206 313.856402667
2155.99657811 313.88474867
2153.93543416 313.33071319
2151.87429021 311.431953466
2149.81314626 309.045184758
2147.75200231 313.324159811
2145.69085835 312.706924355
2143.6297144 308.685097988
2141.56857045 309.592525425
2139.5074265 310.623173455
2137.44628255 316.759073865
2135.3851386 308.867508858
2133.32399465 310.005693123
2131.2628507 309.806071147
2129.20170675 308.698286576
2127.1405628 310.338260866
2125.07941885 310.091964899
2123.0182749 310.001391505
2120.95713095 311.424706821
2118.895987 309.42188874
2116.83484305 309.063220629
2114.7736991 309.906557135
2112.71255515 307.471033334
2110.65141119 307.563832944
2108.59026724 308.293407119
2106.52912329 309.131986835
2104.46797934 308.648956983
2102.40683539 307.500868146
2100.34569144 308.255961176
2098.28454749 309.129988281
2096.22340354 311.123401793
2094.16225959 308.491072396
2092.10111564 305.129638203
2090.03997169 305.362423528
2087.97882774 304.321684751
2085.91768379 304.319437687
2083.85653984 306.410272386
2081.79539589 302.393971004
2079.73425194 303.25552044
2077.67310799 304.613163161
2075.61196403 303.980487448
2073.55082008 304.124691757
2071.48967613 303.345533423
2069.42853218 303.196351589
2067.36738823 302.605159683
2065.30624428 302.988576904
2063.24510033 302.823185008
2061.18395638 300.068989623
2059.12281243 298.597989012
2057.06166848 298.456830773
2055.00052453 300.946632589
2052.93938058 297.705250324
2050.87823663 297.366867343
2048.81709268 298.71243718
2046.75594873 297.614550537
2044.69480478 295.808203022
2042.63366083 291.118470012
2040.57251687 296.522922658
2038.51137292 293.558705051
2036.45022897 295.886349951
2034.38908502 294.207335051
2032.32794107 293.879719721
2030.26679712 291.905278131
2028.20565317 288.475859304
2026.14450922 288.970663776
2024.08336527 289.168752021
2022.02222132 289.294106069
2019.96107737 287.733781871
2017.89993342 285.490779363
2015.83878947 286.725408458
2013.77764552 287.646865818
2011.71650157 286.786355638
2009.65535762 285.332041876
2007.59421366 286.31533241
2005.53306971 284.094981674
2003.47192576 283.169541179
2001.41078181 282.128563587
1999.34963786 281.765183993
1997.28849391 279.616146236
1995.22734996 280.418834602
1993.16620601 273.367221472
1991.10506206 276.569419362
1989.04391811 276.074713785
1986.98277416 275.052109679
1984.92163021 271.110763327
1982.86048626 267.997836427
1980.79934231 269.2609916
1978.73819836 265.489921933
1976.67705441 264.166761836
1974.61591046 260.517536137
1972.5547665 255.244361601
1970.49362255 254.415152495
1968.4324786 250.993650003
1966.37133465 247.799711457
1964.3101907 242.961409656
1962.24904675 240.074509994
1960.1879028 231.57969849
1958.12675885 225.451227751
1956.0656149 220.156462321
1954.00447095 214.490643745
1951.943327 208.743185163
1949.88218305 201.019888895
1947.8210391 193.422834093
1945.75989515 184.963412285
1943.6987512 180.022641838
1941.63760725 169.47559785
1939.5764633 163.86409918
1937.51531934 157.397295945
1935.45417539 150.041162718
1933.39303144 142.282765128
1931.33188749 137.952891053
1929.27074354 132.472331986
1927.20959959 128.007049362
1925.14845564 123.942075933
1923.08731169 121.205991769
1921.02616774 118.973726021
