# BEGINHEADER
# This file contains data from the SALSA 2m radio telescope.
# DATE=2020-05-13T08:58:29.0
# GLON and GLAT given in degrees
# GLON=156.474398962
# GLAT=-27.5638474862
# DATA in two columns below. Col. 1 is velocity relative to LSR [km/s]. Col. 2 is uncalibrated antenna temperature [K].
# ENDHEADER
2454.27277993 0.0486732584495
2452.21163598 73.8532818895
2450.15049203 120.586833221
2448.08934808 121.382836161
2446.02820413 125.486809624
2443.96706018 128.99118065
2441.90591623 132.994661861
2439.84477228 138.135202829
2437.78362833 144.024895842
2435.72248438 149.999163717
2433.66134043 154.333319662
2431.60019648 162.848085109
2429.53905253 169.686160987
2427.47790857 178.894974524
2425.41676462 188.012729788
2423.35562067 192.01254756
2421.29447672 202.069480652
2419.23333277 211.466160614
2417.17218882 219.030015677
2415.11104487 223.766560602
2413.04990092 228.31360935
2410.98875697 236.260401844
2408.92761302 242.368528454
2406.86646907 245.589183109
2404.80532512 254.382769948
2402.74418117 258.366000542
2400.68303722 263.3381328
2398.62189327 263.01230621
2396.56074932 271.589227176
2394.49960537 272.975668966
2392.43846141 274.198349488
2390.37731746 277.198859935
2388.31617351 280.030683723
2386.25502956 280.879826265
2384.19388561 280.533037502
2382.13274166 285.313032446
2380.07159771 283.86957671
2378.01045376 287.147066251
2375.94930981 288.906539731
2373.88816586 292.024386125
2371.82702191 292.207763261
2369.76587796 292.083220812
2367.70473401 294.489452823
2365.64359006 293.250113529
2363.58244611 291.351336662
2361.52130216 292.462506524
2359.46015821 296.735772997
2357.39901425 298.730041354
2355.3378703 296.628295716
2353.27672635 296.965829615
2351.2155824 298.289772868
2349.15443845 296.899496582
2347.0932945 297.61744734
2345.03215055 301.319034729
2342.9710066 301.160627054
2340.90986265 300.006414509
2338.8487187 303.673306384
2336.78757475 301.948875341
2334.7264308 305.337602831
2332.66528685 306.102625205
2330.6041429 308.00717409
2328.54299895 306.249993122
2326.481855 307.237262639
2324.42071104 306.169411366
2322.35956709 305.363072593
2320.29842314 306.354000888
2318.23727919 307.466191076
2316.17613524 306.112775167
2314.11499129 307.777685304
2312.05384734 309.379288155
2309.99270339 308.135013134
2307.93155944 313.168432917
2305.87041549 309.838257149
2303.80927154 311.742551379
2301.74812759 309.087150498
2299.68698364 311.222070751
2297.62583969 313.396052807
2295.56469574 313.362608239
2293.50355179 312.565808767
2291.44240784 311.82137622
2289.38126388 314.557430592
2287.32011993 315.438209289
2285.25897598 315.310853517
2283.19783203 314.274079566
2281.13668808 314.208416148
2279.07554413 315.842122817
2277.01440018 316.423187248
2274.95325623 312.798409294
2272.89211228 313.72347692
2270.83096833 315.366822064
2268.76982438 315.774393651
2266.70868043 318.238356896
2264.64753648 316.404829196
2262.58639253 315.926652076
2260.52524858 320.061949697
2258.46410463 316.170994358
2256.40296068 317.717790229
2254.34181672 316.986795357
2252.28067277 318.798810178
2250.21952882 316.320033131
2248.15838487 318.77689221
2246.09724092 321.594431444
2244.03609697 319.796821412
2241.97495302 319.945904645
2239.91380907 322.325282184
2237.85266512 320.628316206
2235.79152117 320.391973852
2233.73037722 318.480358708
2231.66923327 323.570993139
2229.60808932 320.147070769
2227.54694537 320.412336763
2225.48580142 319.596757511
2223.42465747 319.223386731
2221.36351352 319.143685561
2219.30236956 317.367545599
2217.24122561 319.79213359
2215.18008166 320.736368043
2213.11893771 319.880547316
2211.05779376 319.868282814
2208.99664981 318.469352751
2206.93550586 319.842969468
2204.87436191 319.160200761
2202.81321796 318.891771447
2200.75207401 324.052353523
2198.69093006 322.288831937
2196.62978611 321.60434919
2194.56864216 317.609711698
2192.50749821 319.204761924
2190.44635426 316.254805834
2188.38521031 311.433328702
2186.32406635 320.664587961
2184.2629224 322.181314715
2182.20177845 322.457215258
2180.1406345 319.539100644
2178.07949055 319.384465844
2176.0183466 318.025134292
2173.95720265 321.495385311
2171.8960587 320.48422128
2169.83491475 319.156775031
2167.7737708 323.964275558
2165.71262685 321.271943181
2163.6514829 319.980709681
2161.59033895 321.125128525
2159.529195 317.372946834
2157.46805105 322.549255734
2155.4069071 320.357341421
2153.34576315 319.939572053
2151.28461919 320.397177412
2149.22347524 316.547122262
2147.16233129 316.921855635
2145.10118734 318.179548232
2143.04004339 320.119479221
2140.97889944 315.946094896
2138.91775549 315.226416552
2136.85661154 317.68492373
2134.79546759 317.072452865
2132.73432364 317.36700182
2130.67317969 314.132622151
2128.61203574 317.40216874
2126.55089179 316.233603924
2124.48974784 313.934017358
2122.42860389 314.297509754
2120.36745994 314.843988346
2118.30631599 313.472439069
2116.24517203 316.547124781
2114.18402808 313.588050271
2112.12288413 315.289165899
2110.06174018 311.152048084
2108.00059623 313.880559815
2105.93945228 313.193425975
2103.87830833 313.213822447
2101.81716438 314.868391966
2099.75602043 311.304076481
2097.69487648 310.300621473
2095.63373253 313.50492577
2093.57258858 311.341787037
2091.51144463 312.156222329
2089.45030068 309.756344566
2087.38915673 310.94054388
2085.32801278 311.773396283
2083.26686882 307.271946275
2081.20572487 310.564743324
2079.14458092 309.281575695
2077.08343697 310.543334682
2075.02229302 306.429062391
2072.96114907 303.519334992
2070.90000512 307.492156694
2068.83886117 303.394476991
2066.77771722 304.384905
2064.71657327 302.410425978
2062.65542932 306.762362686
2060.59428537 305.883834397
2058.53314142 303.671494343
2056.47199747 303.989247431
2054.41085352 302.395610505
2052.34970957 302.417345067
2050.28856562 302.445480279
2048.22742166 302.212017967
2046.16627771 304.235420195
2044.10513376 299.395539226
2042.04398981 296.821273636
2039.98284586 299.938650472
2037.92170191 298.595350709
2035.86055796 297.413334195
2033.79941401 294.891681492
2031.73827006 296.451701925
2029.67712611 296.999886129
2027.61598216 295.064171312
2025.55483821 293.269802704
2023.49369426 295.270190832
2021.43255031 294.283602109
2019.37140636 292.52656553
2017.31026241 292.705411215
2015.24911846 290.714843565
2013.1879745 288.799965231
2011.12683055 288.588901029
2009.0656866 285.875138942
2007.00454265 285.227414728
2004.9433987 286.312528295
2002.88225475 283.163261154
2000.8211108 282.262996248
1998.75996685 284.620534671
1996.6988229 281.210537007
1994.63767895 280.588733512
1992.576535 276.743564226
1990.51539105 277.314189877
1988.4542471 273.341793132
1986.39310315 273.590885606
1984.3319592 267.82596464
1982.27081525 265.250487143
1980.20967129 261.901233822
1978.14852734 259.769815159
1976.08738339 255.435289787
1974.02623944 252.163146996
1971.96509549 246.982555962
1969.90395154 245.036561515
1967.84280759 236.72531344
1965.78166364 232.093120093
1963.72051969 224.786310105
1961.65937574 218.389450077
1959.59823179 211.809452574
1957.53708784 204.428369309
1955.47594389 196.498845174
1953.41479994 188.925013278
1951.35365599 181.996787996
1949.29251204 174.049257233
1947.23136809 166.150826552
1945.17022413 159.934450753
1943.10908018 153.48064771
1941.04793623 146.45032432
1938.98679228 141.52848954
1936.92564833 136.224876064
1934.86450438 130.467941792
1932.80336043 126.478685466
1930.74221648 122.821320257
1928.68107253 122.512122416
