# BEGINHEADER
# This file contains data from the SALSA 2m radio telescope.
# DATE=2020-05-13T09:08:22.0
# GLON and GLAT given in degrees
# GLON=162.364019401
# GLAT=-36.1323620719
# DATA in two columns below. Col. 1 is velocity relative to LSR [km/s]. Col. 2 is uncalibrated antenna temperature [K].
# ENDHEADER
2453.89192256 0.0514717222859
2451.83077861 78.1307885851
2449.76963466 128.801972992
2447.70849071 129.015221514
2445.64734676 132.683226802
2443.58620281 137.453169102
2441.52505886 141.719927114
2439.46391491 146.20105804
2437.40277096 153.960173509
2435.34162701 159.148021723
2433.28048306 167.835707527
2431.21933911 174.821588154
2429.15819516 182.881472336
2427.09705121 189.364654969
2425.03590726 197.336008111
2422.97476331 207.746491713
2420.91361936 214.038698785
2418.8524754 224.878626127
2416.79133145 232.22324055
2414.7301875 238.984053152
2412.66904355 245.96812277
2410.6078996 250.773288289
2408.54675565 261.626702313
2406.4856117 264.778193892
2404.42446775 268.953734251
2402.3633238 275.248035725
2400.30217985 279.596152942
2398.2410359 281.110047591
2396.17989195 287.636321291
2394.118748 290.20959487
2392.05760405 294.177508883
2389.9964601 296.626166229
2387.93531615 299.737370862
2385.87417219 298.628610646
2383.81302824 305.108378346
2381.75188429 301.922429369
2379.69074034 306.544857601
2377.62959639 305.685829493
2375.56845244 309.472437484
2373.50730849 310.763852683
2371.44616454 309.698051828
2369.38502059 315.054329971
2367.32387664 313.682896682
2365.26273269 314.824178991
2363.20158874 316.469615457
2361.14044479 315.635137145
2359.07930084 317.673273706
2357.01815689 316.010920287
2354.95701294 319.483036148
2352.89586899 316.814429419
2350.83472503 318.303816744
2348.77358108 320.130280998
2346.71243713 321.114015836
2344.65129318 320.120636224
2342.59014923 320.345675741
2340.52900528 321.189859198
2338.46786133 325.186222695
2336.40671738 325.450272242
2334.34557343 325.417592814
2332.28442948 321.864234013
2330.22328553 326.328531746
2328.16214158 329.122367107
2326.10099763 325.19911538
2324.03985368 326.21140164
2321.97870973 327.847156119
2319.91756578 326.996954644
2317.85642183 330.887855349
2315.79527787 332.006155352
2313.73413392 327.167661796
2311.67298997 331.261706558
2309.61184602 330.309072331
2307.55070207 331.416082723
2305.48955812 331.029390265
2303.42841417 335.072045482
2301.36727022 333.783919449
2299.30612627 332.619376412
2297.24498232 333.715797338
2295.18383837 333.539447423
2293.12269442 333.147087606
2291.06155047 335.46754972
2289.00040652 333.549020437
2286.93926257 339.607152041
2284.87811862 338.935955283
2282.81697466 334.884657004
2280.75583071 335.941673519
2278.69468676 336.364048666
2276.63354281 336.066833506
2274.57239886 336.751853806
2272.51125491 337.471633916
2270.45011096 338.524809702
2268.38896701 339.636720725
2266.32782306 337.673712087
2264.26667911 335.54818057
2262.20553516 340.366436626
2260.14439121 339.629371556
2258.08324726 340.827514788
2256.02210331 339.848857974
2253.96095936 340.305023548
2251.89981541 338.368061844
2249.83867146 336.660334994
2247.7775275 341.491109839
2245.71638355 343.671234985
2243.6552396 343.295189794
2241.59409565 340.742907516
2239.5329517 339.65007145
2237.47180775 342.503633481
2235.4106638 339.376952723
2233.34951985 342.662176666
2231.2883759 342.500891144
2229.22723195 341.337610306
2227.166088 342.636467261
2225.10494405 341.187789258
2223.0438001 340.968295781
2220.98265615 338.422181887
2218.9215122 343.387416204
2216.86036825 343.075431429
2214.7992243 341.555529247
2212.73808034 343.036443277
2210.67693639 339.468167301
2208.61579244 344.017962144
2206.55464849 343.09287798
2204.49350454 342.82919261
2202.43236059 343.845496816
2200.37121664 341.425928909
2198.31007269 342.217395985
2196.24892874 342.165152901
2194.18778479 340.129992949
2192.12664084 342.050514118
2190.06549689 342.150653614
2188.00435294 330.389012947
2185.94320899 340.832304318
2183.88206504 344.223267568
2181.82092109 342.060858882
2179.75977713 340.266797187
2177.69863318 341.626217994
2175.63748923 340.744019471
2173.57634528 340.033682324
2171.51520133 339.820325568
2169.45405738 338.983205307
2167.39291343 338.521641276
2165.33176948 341.104386459
2163.27062553 340.869917916
2161.20948158 339.169801715
2159.14833763 341.295055689
2157.08719368 342.482432246
2155.02604973 338.97235211
2152.96490578 338.244468513
2150.90376183 338.640799549
2148.84261788 339.816104536
2146.78147393 340.100667434
2144.72032997 340.978285427
2142.65918602 338.819862869
2140.59804207 337.911637328
2138.53689812 341.415977858
2136.47575417 342.836744976
2134.41461022 340.31817633
2132.35346627 341.368267374
2130.29232232 337.28982485
2128.23117837 339.100590319
2126.17003442 337.878841101
2124.10889047 337.626222319
2122.04774652 338.984337126
2119.98660257 337.462529776
2117.92545862 336.205993137
2115.86431467 333.852586569
2113.80317072 335.458064599
2111.74202677 334.438695324
2109.68088281 335.202677995
2107.61973886 336.04754362
2105.55859491 336.120524337
2103.49745096 335.055529552
2101.43630701 333.910364901
2099.37516306 334.680978981
2097.31401911 334.069841059
2095.25287516 332.880042758
2093.19173121 332.363919743
2091.13058726 333.879099734
2089.06944331 333.824789594
2087.00829936 332.734754193
2084.94715541 331.770163233
2082.88601146 328.808286643
2080.82486751 328.283176826
2078.76372356 330.396926004
2076.70257961 329.478693721
2074.64143565 328.450711425
2072.5802917 330.805000102
2070.51914775 326.858506405
2068.4580038 327.490041869
2066.39685985 324.925119923
2064.3357159 326.87604149
2062.27457195 322.896794921
2060.213428 323.177564499
2058.15228405 326.984433801
2056.0911401 321.327220247
2054.02999615 321.309593818
2051.9688522 323.54521086
2049.90770825 319.076718527
2047.8465643 323.213342187
2045.78542035 318.191899645
2043.7242764 318.054658736
2041.66313244 317.816082853
2039.60198849 318.930236637
2037.54084454 319.820795791
2035.47970059 318.910388575
2033.41855664 317.201328842
2031.35741269 316.402552751
2029.29626874 316.255783541
2027.23512479 315.054939691
2025.17398084 312.807477061
2023.11283689 313.453848649
2021.05169294 310.456887525
2018.99054899 312.44677601
2016.92940504 309.884760169
2014.86826109 310.35046416
2012.80711714 311.082494587
2010.74597319 307.866914377
2008.68482924 307.673509444
2006.62368528 305.523186947
2004.56254133 301.863446449
2002.50139738 301.845309417
2000.44025343 305.345258412
1998.37910948 301.172484929
1996.31796553 298.319640218
1994.25682158 299.17183442
1992.19567763 297.221761531
1990.13453368 292.769583208
1988.07338973 292.205742517
1986.01224578 291.260497213
1983.95110183 286.602689647
1981.88995788 283.163915258
1979.82881393 281.041305239
1977.76766998 276.213489863
1975.70652603 272.980827652
1973.64538208 269.118844275
1971.58423812 261.574726879
1969.52309417 259.10561916
1967.46195022 253.120853462
1965.40080627 245.509898105
1963.33966232 243.172506902
1961.27851837 234.849915592
1959.21737442 225.740413943
1957.15623047 216.982613407
1955.09508652 209.334176381
1953.03394257 201.184352677
1950.97279862 194.254681421
1948.91165467 188.292940804
1946.85051072 176.447586278
1944.78936677 171.666748987
1942.72822282 162.462675483
1940.66707887 157.772378522
1938.60593491 150.193712307
1936.54479096 143.611349281
1934.48364701 138.852237205
1932.42250306 134.665617199
1930.36135911 130.787290188
1928.30021516 130.687059921
