# BEGINHEADER
# This file contains data from the SALSA 2m radio telescope.
# DATE=2020-05-13T08:56:24.0
# GLON and GLAT given in degrees
# GLON=164.689652745
# GLAT=-31.5373751973
# DATA in two columns below. Col. 1 is velocity relative to LSR [km/s]. Col. 2 is uncalibrated antenna temperature [K].
# ENDHEADER
2451.05602076 0.0962908243727
2448.99487681 147.431786045
2446.93373286 241.797141064
2444.8725889 245.727797956
2442.81144495 250.117546894
2440.750301 255.614060929
2438.68915705 268.337215757
2436.6280131 276.073096954
2434.56686915 286.159939574
2432.5057252 300.610989731
2430.44458125 314.523690388
2428.3834373 328.853821952
2426.32229335 342.300875441
2424.2611494 358.426959858
2422.20000545 373.190294409
2420.1388615 392.10735217
2418.07771755 409.262657023
2416.0165736 418.282387616
2413.95542965 434.139876915
2411.8942857 447.953024538
2409.83314174 463.2237266
2407.77199779 474.3083742
2405.71085384 487.498235806
2403.64970989 501.36905123
2401.58856594 508.477110139
2399.52742199 516.506297459
2397.46627804 528.171646163
2395.40513409 531.875476055
2393.34399014 546.203587755
2391.28284619 545.601564639
2389.22170224 558.40123932
2387.16055829 558.404188286
2385.09941434 561.048900909
2383.03827039 565.210361183
2380.97712644 570.687365173
2378.91598249 569.195160736
2376.85483854 575.180490785
2374.79369458 576.058742155
2372.73255063 580.910018068
2370.67140668 581.682002256
2368.61026273 585.512970131
2366.54911878 587.470815745
2364.48797483 589.621567091
2362.42683088 591.597777714
2360.36568693 590.97085428
2358.30454298 592.205694872
2356.24339903 595.31590102
2354.18225508 598.736362741
2352.12111113 597.53592314
2350.05996718 601.323545174
2347.99882323 599.679545102
2345.93767928 602.210438262
2343.87653533 605.472682534
2341.81539137 607.272389466
2339.75424742 603.857792981
2337.69310347 610.923680169
2335.63195952 612.480165173
2333.57081557 610.706140857
2331.50967162 618.351673538
2329.44852767 610.879790012
2327.38738372 615.50456649
2325.32623977 616.165310483
2323.26509582 623.255884486
2321.20395187 623.698352954
2319.14280792 619.807899308
2317.08166397 624.436277436
2315.02052002 620.053342179
2312.95937607 627.645441195
2310.89823212 623.958881436
2308.83708817 625.346907283
2306.77594421 624.467187472
2304.71480026 630.335394134
2302.65365631 627.769973232
2300.59251236 625.187803593
2298.53136841 626.779672869
2296.47022446 627.444765724
2294.40908051 634.912452413
2292.34793656 634.588872041
2290.28679261 630.770467146
2288.22564866 630.253662727
2286.16450471 632.20098406
2284.10336076 634.167331794
2282.04221681 628.265658055
2279.98107286 635.179508839
2277.91992891 638.533000451
2275.85878496 637.906980712
2273.79764101 640.611693311
2271.73649705 639.164586082
2269.6753531 637.889164236
2267.61420915 639.056302069
2265.5530652 643.817474809
2263.49192125 646.916391638
2261.4307773 644.38871694
2259.36963335 644.504704144
2257.3084894 637.218644415
2255.24734545 644.031651775
2253.1862015 640.147188688
2251.12505755 639.731183045
2249.0639136 643.436352564
2247.00276965 645.740713852
2244.9416257 647.061863284
2242.88048175 646.261381672
2240.8193378 645.038290806
2238.75819385 637.646682127
2236.69704989 639.759001683
2234.63590594 644.825320871
2232.57476199 643.152194352
2230.51361804 639.694656142
2228.45247409 645.603836761
2226.39133014 648.105155761
2224.33018619 647.630981904
2222.26904224 643.799367727
2220.20789829 643.91692489
2218.14675434 646.255742091
2216.08561039 647.669635088
2214.02446644 652.990958254
2211.96332249 650.101083482
2209.90217854 651.121552078
2207.84103459 655.07860345
2205.77989064 653.631058667
2203.71874668 652.746581394
2201.65760273 648.734433425
2199.59645878 647.289568713
2197.53531483 646.386985619
2195.47417088 652.986526438
2193.41302693 646.128433155
2191.35188298 653.909993162
2189.29073903 651.469846599
2187.22959508 645.538139174
2185.16845113 626.021131007
2183.10730718 649.165089978
2181.04616323 649.731659588
2178.98501928 650.44876789
2176.92387533 651.330458026
2174.86273138 648.089773368
2172.80158743 644.939110078
2170.74044348 643.637951812
2168.67929952 648.386309187
2166.61815557 647.838651613
2164.55701162 646.668479062
2162.49586767 649.97622666
2160.43472372 650.22134213
2158.37357977 638.355802849
2156.31243582 639.732748966
2154.25129187 642.939655404
2152.19014792 645.996152907
2150.12900397 642.765424837
2148.06786002 641.679666975
2146.00671607 645.20986298
2143.94557212 645.847013313
2141.88442817 639.093812185
2139.82328422 640.507983009
2137.76214027 639.997284028
2135.70099632 645.351528654
2133.63985236 640.063301763
2131.57870841 637.142919571
2129.51756446 640.442503664
2127.45642051 644.780294083
2125.39527656 639.323369644
2123.33413261 640.413311624
2121.27298866 642.21548011
2119.21184471 633.845127329
2117.15070076 637.131525322
2115.08955681 633.486384068
2113.02841286 644.397106822
2110.96726891 642.019521283
2108.90612496 634.077778548
2106.84498101 633.768802857
2104.78383706 634.053942985
2102.72269311 639.068624648
2100.66154915 631.777076341
2098.6004052 631.813241628
2096.53926125 636.729497355
2094.4781173 635.177148389
2092.41697335 627.132046012
2090.3558294 630.474494619
2088.29468545 631.461697752
2086.2335415 626.914994628
2084.17239755 627.171846417
2082.1112536 626.960899214
2080.05010965 627.323746704
2077.9889657 621.253485725
2075.92782175 625.485154999
2073.8666778 615.439547556
2071.80553385 614.510031072
2069.7443899 620.793875785
2067.68324595 621.906661591
2065.62210199 620.236474797
2063.56095804 621.572927984
2061.49981409 622.447659745
2059.43867014 617.828581296
2057.37752619 617.819530734
2055.31638224 617.062112709
2053.25523829 611.782057868
2051.19409434 612.982685975
2049.13295039 610.641415319
2047.07180644 609.936887191
2045.01066249 610.597679516
2042.94951854 607.342054862
2040.88837459 608.613107575
2038.82723064 607.585557853
2036.76608669 604.453706481
2034.70494274 603.866300159
2032.64379879 600.799894185
2030.58265483 602.42474252
2028.52151088 598.166785985
2026.46036693 588.525304644
2024.39922298 593.292813991
2022.33807903 597.415513314
2020.27693508 590.91801673
2018.21579113 588.562426053
2016.15464718 585.77120086
2014.09350323 591.724231526
2012.03235928 584.422338074
2009.97121533 583.285456533
2007.91007138 580.335734327
2005.84892743 584.727293029
2003.78778348 579.429601054
2001.72663953 572.894492389
1999.66549558 569.776787793
1997.60435162 572.358211335
1995.54320767 573.686379548
1993.48206372 568.550423088
1991.42091977 568.067303221
1989.35977582 560.635450102
1987.29863187 553.587226925
1985.23748792 551.265230082
1983.17634397 550.970891573
1981.11520002 547.195266647
1979.05405607 537.033024802
1976.99291212 532.350359873
1974.93176817 525.240025756
1972.87062422 516.366834189
1970.80948027 506.827521227
1968.74833632 500.700815023
1966.68719237 489.248368869
1964.62604842 478.891478986
1962.56490446 467.980381725
1960.50376051 455.276758156
1958.44261656 441.988795559
1956.38147261 424.067258239
1954.32032866 412.261783734
1952.25918471 395.103338897
1950.19804076 382.778480779
1948.13689681 365.608326086
1946.07575286 348.099749767
1944.01460891 335.359091732
1941.95346496 322.560846876
1939.89232101 310.629649945
1937.83117706 296.183524928
1935.77003311 282.80005819
1933.70888916 270.937814602
1931.64774521 261.968170621
1929.58660126 255.335549415
1927.5254573 250.75445858
1925.46431335 244.470658892
