# BEGINHEADER
# This file contains data from the SALSA 2m radio telescope.
# DATE=2020-05-13T09:09:51.0
# GLON and GLAT given in degrees
# GLON=159.719248496
# GLAT=-38.8576677175
# DATA in two columns below. Col. 1 is velocity relative to LSR [km/s]. Col. 2 is uncalibrated antenna temperature [K].
# ENDHEADER
2456.16474485 0.0465810663394
2454.1036009 72.0405812931
2452.04245695 117.410321191
2449.98131299 117.569543464
2447.92016904 121.056669675
2445.85902509 124.487479868
2443.79788114 128.51410098
2441.73673719 134.562764891
2439.67559324 139.811551655
2437.61444929 145.271897981
2435.55330534 151.035138843
2433.49216139 160.450073989
2431.43101744 165.607502647
2429.36987349 174.128615621
2427.30872954 179.913567704
2425.24758559 189.80329332
2423.18644164 195.651322573
2421.12529769 201.208177137
2419.06415374 210.104139223
2417.00300978 217.596736778
2414.94186583 222.898940351
2412.88072188 230.120418796
2410.81957793 237.570072456
2408.75843398 241.211710887
2406.69729003 246.676786062
2404.63614608 250.878030494
2402.57500213 252.624167238
2400.51385818 259.077164172
2398.45271423 263.166982103
2396.39157028 262.730886004
2394.33042633 267.711464851
2392.26928238 270.365391626
2390.20813843 268.662494727
2388.14699448 270.52647731
2386.08585053 273.600447699
2384.02470658 275.011902176
2381.96356262 277.540632927
2379.90241867 279.675428954
2377.84127472 280.132625324
2375.78013077 282.903735285
2373.71898682 280.436770759
2371.65784287 282.174407881
2369.59669892 283.15768602
2367.53555497 287.692482282
2365.47441102 284.213569827
2363.41326707 289.454377338
2361.35212312 288.226777284
2359.29097917 288.695542764
2357.22983522 288.392309104
2355.16869127 289.837021871
2353.10754732 289.740765748
2351.04640337 291.371877435
2348.98525942 291.179173296
2346.92411546 291.676157577
2344.86297151 292.357095892
2342.80182756 294.886499962
2340.74068361 293.196987556
2338.67953966 292.346223583
2336.61839571 292.916674065
2334.55725176 296.226654735
2332.49610781 297.31988768
2330.43496386 295.503822718
2328.37381991 295.421417157
2326.31267596 297.113433664
2324.25153201 297.850665489
2322.19038806 298.336779696
2320.12924411 298.595951568
2318.06810016 300.048015205
2316.00695621 297.5616903
2313.94581226 299.541874602
2311.8846683 299.009050656
2309.82352435 304.972693783
2307.7623804 302.646513886
2305.70123645 304.799742954
2303.6400925 302.186718126
2301.57894855 300.510557466
2299.5178046 302.859437049
2297.45666065 304.044899549
2295.3955167 303.830347286
2293.33437275 303.771899432
2291.2732288 303.289209381
2289.21208485 305.066436655
2287.1509409 305.102897104
2285.08979695 303.599446981
2283.028653 305.982473692
2280.96750905 306.369536604
2278.90636509 309.737187597
2276.84522114 304.120562394
2274.78407719 306.616748985
2272.72293324 306.043663191
2270.66178929 307.279914725
2268.60064534 309.45243066
2266.53950139 309.133438732
2264.47835744 305.317146021
2262.41721349 306.641175794
2260.35606954 306.265636091
2258.29492559 306.512541922
2256.23378164 308.237233249
2254.17263769 308.182528292
2252.11149374 307.467216241
2250.05034979 308.505061275
2247.98920584 310.592037693
2245.92806189 309.015512104
2243.86691793 306.971546103
2241.80577398 310.506048995
2239.74463003 305.761111451
2237.68348608 309.073650196
2235.62234213 310.196713254
2233.56119818 315.193899256
2231.50005423 310.442216611
2229.43891028 309.673262427
2227.37776633 311.052887091
2225.31662238 308.881348393
2223.25547843 305.415767609
2221.19433448 309.278340309
2219.13319053 311.923641261
2217.07204658 309.063823922
2215.01090263 310.611947181
2212.94975868 313.608347432
2210.88861473 311.96141257
2208.82747077 309.93694168
2206.76632682 312.049234407
2204.70518287 309.37049078
2202.64403892 310.564232466
2200.58289497 312.593956042
2198.52175102 310.086347047
2196.46060707 310.539563037
2194.39946312 308.063951087
2192.33831917 308.866916358
2190.27717522 298.474855364
2188.21603127 310.684000945
2186.15488732 311.090505933
2184.09374337 310.562129737
2182.03259942 310.485080361
2179.97145547 309.584865372
2177.91031152 309.520663451
2175.84916756 309.433958274
2173.78802361 309.673054046
2171.72687966 312.667744859
2169.66573571 311.484958898
2167.60459176 310.889497468
2165.54344781 311.755789943
2163.48230386 308.105389075
2161.42115991 308.104944697
2159.36001596 309.255539466
2157.29887201 307.283292629
2155.23772806 305.951770007
2153.17658411 307.183206411
2151.11544016 308.652164663
2149.05429621 309.333735751
2146.99315226 308.540080031
2144.93200831 305.708390385
2142.87086436 308.270690038
2140.8097204 308.886683488
2138.74857645 307.58700792
2136.6874325 308.196961899
2134.62628855 306.22021787
2132.5651446 306.140518532
2130.50400065 306.540065218
2128.4428567 303.225957581
2126.38171275 306.72928056
2124.3205688 304.662801263
2122.25942485 306.32684445
2120.1982809 305.078041718
2118.13713695 305.209594757
2116.075993 307.142153732
2114.01484905 303.569867207
2111.9537051 303.992510069
2109.89256115 304.410552819
2107.8314172 304.834968884
2105.77027324 305.884125909
2103.70912929 302.540648151
2101.64798534 304.594880966
2099.58684139 304.641421362
2097.52569744 299.097030233
2095.46455349 303.560147262
2093.40340954 301.58385405
2091.34226559 302.290769495
2089.28112164 298.505854476
2087.21997769 301.62010996
2085.15883374 301.507907619
2083.09768979 299.185364494
2081.03654584 298.259841648
2078.97540189 297.008628688
2076.91425794 300.375888451
2074.85311399 300.777218099
2072.79197004 296.126713568
2070.73082608 298.602907681
2068.66968213 293.929559721
2066.60853818 295.164772832
2064.54739423 294.882555007
2062.48625028 294.244356738
2060.42510633 295.651460657
2058.36396238 292.620258046
2056.30281843 295.684864852
2054.24167448 294.736670747
2052.18053053 293.158994398
2050.11938658 292.06756267
2048.05824263 289.776330121
2045.99709868 291.99892569
2043.93595473 290.484512186
2041.87481078 289.281665063
2039.81366683 288.220010021
2037.75252287 287.363544292
2035.69137892 288.480086642
2033.63023497 285.877554753
2031.56909102 285.781390536
2029.50794707 289.150427066
2027.44680312 284.575810031
2025.38565917 284.641382607
2023.32451522 281.95326437
2021.26337127 282.83182741
2019.20222732 281.369543585
2017.14108337 282.183383066
2015.07993942 278.868705369
2013.01879547 279.653623471
2010.95765152 276.801618815
2008.89650757 280.460608229
2006.83536362 278.4362921
2004.77421967 276.117827885
2002.71307571 274.188284402
2000.65193176 274.74281766
1998.59078781 271.483381073
1996.52964386 270.639341032
1994.46849991 269.093814226
1992.40735596 266.162975608
1990.34621201 265.883864123
1988.28506806 263.668630088
1986.22392411 261.84855118
1984.16278016 256.819848594
1982.10163621 255.247047922
1980.04049226 251.976544164
1977.97934831 248.27742099
1975.91820436 244.635634905
1973.85706041 240.136576006
1971.79591646 235.655226709
1969.73477251 229.663493296
1967.67362855 226.497687668
1965.6124846 218.245924544
1963.55134065 210.971997054
1961.4901967 207.456472236
1959.42905275 198.628372222
1957.3679088 190.516502133
1955.30676485 184.404526154
1953.2456209 176.789817903
1951.18447695 168.765782273
1949.123333 161.914611154
1947.06218905 156.478844318
1945.0010451 148.947738153
1942.93990115 142.706575812
1940.8787572 136.667731468
1938.81761325 132.092897057
1936.7564693 127.198866377
1934.69532534 122.872142942
1932.63418139 120.643909411
1930.57303744 118.205990712
