# BEGINHEADER
# This file contains data from the SALSA 2m radio telescope.
# DATE=2020-05-13T08:57:54.0
# GLON and GLAT given in degrees
# GLON=158.593839327
# GLAT=-28.7134978789
# DATA in two columns below. Col. 1 is velocity relative to LSR [km/s]. Col. 2 is uncalibrated antenna temperature [K].
# ENDHEADER
2453.4186788 0.0470330626156
2451.35753485 71.0727643304
2449.2963909 116.520761121
2447.23524695 118.658758064
2445.174103 120.712237114
2443.11295905 123.767211562
2441.0518151 128.506361606
2438.99067115 132.894609518
2436.9295272 138.290430131
2434.86838325 145.807251383
2432.8072393 151.182619626
2430.74609535 158.36770823
2428.6849514 164.346809449
2426.62380745 171.384928436
2424.5626635 181.143538613
2422.50151955 188.82336461
2420.4403756 197.443982673
2418.37923164 201.611826608
2416.31808769 209.516024591
2414.25694374 216.799829988
2412.19579979 222.881482964
2410.13465584 229.70259165
2408.07351189 233.710666701
2406.01236794 237.975273017
2403.95122399 243.402150586
2401.89008004 247.047026622
2399.82893609 253.494634296
2397.76779214 257.186087444
2395.70664819 260.691551808
2393.64550424 263.071172466
2391.58436029 266.065000307
2389.52321634 267.726010234
2387.46207239 271.290700837
2385.40092843 274.849809682
2383.33978448 274.171824283
2381.27864053 276.433249726
2379.21749658 276.04137198
2377.15635263 278.006013049
2375.09520868 279.413118832
2373.03406473 280.667225877
2370.97292078 281.590563429
2368.91177683 280.786454306
2366.85063288 281.720442939
2364.78948893 283.412719095
2362.72834498 285.830269503
2360.66720103 283.737375172
2358.60605708 286.326960291
2356.54491313 287.86357338
2354.48376918 286.366792644
2352.42262523 288.356110844
2350.36148127 286.126138382
2348.30033732 288.152742851
2346.23919337 291.994229026
2344.17804942 290.477571333
2342.11690547 292.80437813
2340.05576152 293.63272239
2337.99461757 291.687427128
2335.93347362 293.309285663
2333.87232967 291.724290177
2331.81118572 295.512891666
2329.75004177 297.132778439
2327.68889782 296.725832875
2325.62775387 294.823049523
2323.56660992 296.609769432
2321.50546597 296.768538295
2319.44432202 298.380025807
2317.38317807 295.941828955
2315.32203411 298.855905122
2313.26089016 299.184412465
2311.19974621 300.970800656
2309.13860226 299.066015956
2307.07745831 300.816563343
2305.01631436 299.772349799
2302.95517041 299.89531724
2300.89402646 302.024277309
2298.83288251 301.368729829
2296.77173856 303.425036744
2294.71059461 299.256436843
2292.64945066 304.825231079
2290.58830671 305.827229347
2288.52716276 305.430881393
2286.46601881 304.038174678
2284.40487486 302.776764205
2282.3437309 305.379077524
2280.28258695 306.678179802
2278.221443 307.218385514
2276.16029905 306.723675171
2274.0991551 306.029994969
2272.03801115 309.434101418
2269.9768672 306.079428925
2267.91572325 304.917005005
2265.8545793 306.643080599
2263.79343535 308.100348062
2261.7322914 307.633969197
2259.67114745 308.444450591
2257.6100035 307.087730732
2255.54885955 307.941209104
2253.4877156 307.487706251
2251.42657165 310.079090485
2249.3654277 305.64637301
2247.30428374 307.184427415
2245.24313979 309.279354599
2243.18199584 304.190446652
2241.12085189 309.301073437
2239.05970794 309.827596303
2236.99856399 310.020827754
2234.93742004 308.614500648
2232.87627609 308.698574817
2230.81513214 307.367999419
2228.75398819 309.879987686
2226.69284424 311.8304968
2224.63170029 307.510474599
2222.57055634 311.971992359
2220.50941239 312.522283105
2218.44826844 306.969751826
2216.38712449 309.166069258
2214.32598054 310.008619138
2212.26483658 310.855349293
2210.20369263 311.280652318
2208.14254868 310.933689661
2206.08140473 312.434077708
2204.02026078 309.607327063
2201.95911683 309.885880099
2199.89797288 313.531972781
2197.83682893 309.787081024
2195.77568498 310.083597398
2193.71454103 309.658779268
2191.65339708 310.133095094
2189.59225313 311.04742092
2187.53110918 300.753893126
2185.46996523 308.670196433
2183.40882128 312.604074472
2181.34767733 309.813155156
2179.28653338 309.846366077
2177.22538942 307.443591917
2175.16424547 311.875023907
2173.10310152 311.950694382
2171.04195757 309.345838628
2168.98081362 310.52482368
2166.91966967 309.578268903
2164.85852572 307.322472316
2162.79738177 308.908421294
2160.73623782 309.399050816
2158.67509387 311.104030928
2156.61394992 307.047612533
2154.55280597 309.203994878
2152.49166202 310.868458835
2150.43051807 306.683186932
2148.36937412 312.701400957
2146.30823017 308.841437584
2144.24708621 310.103909667
2142.18594226 308.417600201
2140.12479831 309.013525585
2138.06365436 309.212280349
2136.00251041 309.499944485
2133.94136646 305.014776963
2131.88022251 306.603521642
2129.81907856 310.13365581
2127.75793461 307.364222386
2125.69679066 306.329840562
2123.63564671 307.651667752
2121.57450276 305.759703421
2119.51335881 307.061431256
2117.45221486 303.661450916
2115.39107091 306.360846687
2113.32992696 306.181124925
2111.26878301 306.062283199
2109.20763905 304.28750398
2107.1464951 304.058933456
2105.08535115 302.692501633
2103.0242072 305.536832279
2100.96306325 304.227915141
2098.9019193 305.9653761
2096.84077535 305.268676334
2094.7796314 300.990034346
2092.71848745 298.789278072
2090.6573435 299.27563661
2088.59619955 299.999760112
2086.5350556 300.393169553
2084.47391165 297.420928998
2082.4127677 297.784737346
2080.35162375 297.76620181
2078.2904798 299.393544253
2076.22933585 300.813315607
2074.16819189 297.232171103
2072.10704794 299.307966653
2070.04590399 296.050855738
2067.98476004 297.261937844
2065.92361609 296.799820875
2063.86247214 297.666989811
2061.80132819 294.784055501
2059.74018424 293.745307764
2057.67904029 295.245885659
2055.61789634 295.53102305
2053.55675239 297.765553309
2051.49560844 294.270912834
2049.43446449 295.646003447
2047.37332054 292.596570288
2045.31217659 291.662447612
2043.25103264 291.590310105
2041.18988868 291.749444426
2039.12874473 290.463498082
2037.06760078 287.944977964
2035.00645683 285.971864567
2032.94531288 287.214872502
2030.88416893 288.058464573
2028.82302498 285.221699931
2026.76188103 285.090309373
2024.70073708 284.534140781
2022.63959313 284.367900552
2020.57844918 282.288155486
2018.51730523 281.35670324
2016.45616128 281.672467986
2014.39501733 279.835210634
2012.33387338 278.04721543
2010.27272943 277.607931189
2008.21158548 278.281084723
2006.15044152 275.486480812
2004.08929757 274.409406816
2002.02815362 277.429705748
1999.96700967 272.950718727
1997.90586572 269.366771458
1995.84472177 269.011759426
1993.78357782 271.709912865
1991.72243387 269.28307604
1989.66128992 268.179894028
1987.60014597 266.304125833
1985.53900202 264.852653327
1983.47785807 260.095154999
1981.41671412 256.43756439
1979.35557017 256.082708591
1977.29442622 253.477535109
1975.23328227 246.663252853
1973.17213832 244.417279657
1971.11099436 239.538715276
1969.04985041 234.943404566
1966.98870646 230.463387753
1964.92756251 224.226465218
1962.86641856 216.836131053
1960.80527461 211.127727251
1958.74413066 205.705665707
1956.68298671 197.195076932
1954.62184276 190.669902423
1952.56069881 183.750644394
1950.49955486 177.200365754
1948.43841091 168.772991866
1946.37726696 161.462959722
1944.31612301 154.513226095
1942.25497906 149.559156855
1940.19383511 142.27573566
1938.13269115 135.299799068
1936.0715472 131.185589902
1934.01040325 125.903381638
1931.9492593 122.343182387
1929.88811535 120.097224165
1927.8269714 118.619517514
