# BEGINHEADER
# This file contains data from the SALSA 2m radio telescope.
# DATE=2020-05-13T08:36:10.0
# GLON and GLAT given in degrees
# GLON=156.277457649
# GLAT=-35.3623355473
# DATA in two columns below. Col. 1 is velocity relative to LSR [km/s]. Col. 2 is uncalibrated antenna temperature [K].
# ENDHEADER
2456.78346747 0.0505551754884
2454.72232352 76.5462818571
2452.66117957 124.346853239
2450.60003562 126.53458475
2448.53889167 128.682925636
2446.47774772 132.671733384
2444.41660377 137.134863258
2442.35545982 141.934454862
2440.29431587 147.745651001
2438.23317192 154.76534484
2436.17202797 162.072180525
2434.11088402 169.282475267
2432.04974007 176.839203641
2429.98859612 185.211072436
2427.92745216 192.824873371
2425.86630821 199.015544896
2423.80516426 208.434754667
2421.74402031 215.704468373
2419.68287636 224.447111505
2417.62173241 232.012696772
2415.56058846 238.603520045
2413.49944451 242.648167339
2411.43830056 249.268328287
2409.37715661 256.773028055
2407.31601266 262.00278521
2405.25486871 267.274817714
2403.19372476 271.585876518
2401.13258081 273.230911039
2399.07143686 278.43084382
2397.01029291 281.420114371
2394.94914896 284.259949621
2392.888005 286.256667232
2390.82686105 287.608297547
2388.7657171 291.109839468
2386.70457315 295.133525405
2384.6434292 294.711232969
2382.58228525 295.32892437
2380.5211413 295.605105331
2378.45999735 298.641993696
2376.3988534 297.810318522
2374.33770945 300.634681157
2372.2765655 299.046771424
2370.21542155 303.011821889
2368.1542776 303.405636985
2366.09313365 304.90674269
2364.0319897 303.379457048
2361.97084575 303.420469562
2359.9097018 303.822733523
2357.84855784 303.37736301
2355.78741389 308.034983225
2353.72626994 305.069803517
2351.66512599 308.325651869
2349.60398204 309.742803799
2347.54283809 307.473281509
2345.48169414 310.289965085
2343.42055019 310.312458289
2341.35940624 310.9079053
2339.29826229 314.646434667
2337.23711834 313.096703804
2335.17597439 315.284733556
2333.11483044 313.191941119
2331.05368649 316.920459602
2328.99254254 317.307222373
2326.93139859 319.049579107
2324.87025464 316.574066408
2322.80911068 317.875258938
2320.74796673 319.092674464
2318.68682278 318.103651166
2316.62567883 317.801621966
2314.56453488 317.943311005
2312.50339093 319.400463987
2310.44224698 321.781811976
2308.38110303 318.991843055
2306.31995908 320.548508333
2304.25881513 317.799106735
2302.19767118 323.49579943
2300.13652723 324.259592562
2298.07538328 324.221482856
2296.01423933 324.644235177
2293.95309538 324.174870005
2291.89195143 324.750449577
2289.83080747 321.375364456
2287.76966352 322.333578319
2285.70851957 324.62581271
2283.64737562 324.685737228
2281.58623167 325.545449298
2279.52508772 323.263740979
2277.46394377 323.987408141
2275.40279982 329.090650129
2273.34165587 327.246303778
2271.28051192 327.787018177
2269.21936797 328.941674007
2267.15822402 326.315492861
2265.09708007 327.320481162
2263.03593612 325.077088655
2260.97479217 326.73093188
2258.91364822 332.785627771
2256.85250427 329.7981018
2254.79136031 328.936272778
2252.73021636 327.306558302
2250.66907241 329.384741628
2248.60792846 330.091560383
2246.54678451 329.254042135
2244.48564056 330.958692779
2242.42449661 331.455223334
2240.36335266 329.790847654
2238.30220871 327.691216508
2236.24106476 328.536722416
2234.17992081 331.921027928
2232.11877686 327.851643029
2230.05763291 330.040481538
2227.99648896 330.756409363
2225.93534501 331.446576302
2223.87420106 329.279631692
2221.81305711 328.460499698
2219.75191315 330.014579646
2217.6907692 332.63025289
2215.62962525 332.720580121
2213.5684813 332.683458957
2211.50733735 330.747148642
2209.4461934 327.839933528
2207.38504945 330.874729929
2205.3239055 330.846917338
2203.26276155 331.840885039
2201.2016176 331.975630646
2199.14047365 329.410616334
2197.0793297 331.216812026
2195.01818575 335.338449042
2192.9570418 332.918270977
2190.89589785 318.786270567
2188.8347539 328.979511251
2186.77360994 330.015623511
2184.71246599 328.632184403
2182.65132204 332.322936533
2180.59017809 334.05601733
2178.52903414 331.580206011
2176.46789019 330.89377235
2174.40674624 329.508236558
2172.34560229 328.169351901
2170.28445834 327.169594544
2168.22331439 329.176517248
2166.16217044 330.106838796
2164.10102649 328.742971732
2162.03988254 328.683227939
2159.97873859 330.239063419
2157.91759464 329.013442812
2155.85645069 326.643583636
2153.79530674 330.454693392
2151.73416278 329.939524586
2149.67301883 327.219180413
2147.61187488 327.441187186
2145.55073093 327.401801831
2143.48958698 327.084129603
2141.42844303 328.17784037
2139.36729908 325.341947503
2137.30615513 330.331973082
2135.24501118 326.109123504
2133.18386723 328.059918775
2131.12272328 324.011700365
2129.06157933 328.294337733
2127.00043538 327.839630348
2124.93929143 325.916700457
2122.87814748 324.459706662
2120.81700353 325.520253084
2118.75585958 326.713925182
2116.69471562 326.982057711
2114.63357167 324.603359037
2112.57242772 321.568514087
2110.51128377 322.122392407
2108.45013982 327.19764909
2106.38899587 325.104566819
2104.32785192 323.179725941
2102.26670797 321.786748774
2100.20556402 324.002642749
2098.14442007 321.107694747
2096.08327612 320.579313966
2094.02213217 317.190476558
2091.96098822 318.94178699
2089.89984427 322.618028449
2087.83870032 317.001964255
2085.77755637 320.636234413
2083.71641241 321.546723547
2081.65526846 318.432110322
2079.59412451 318.701890466
2077.53298056 320.463489058
2075.47183661 317.532836487
2073.41069266 315.045095204
2071.34954871 317.881026988
2069.28840476 316.338220796
2067.22726081 313.622318585
2065.16611686 316.868895538
2063.10497291 319.731309716
2061.04382896 314.215073062
2058.98268501 313.819316725
2056.92154106 310.246952227
2054.86039711 311.815766853
2052.79925316 314.651941197
2050.73810921 311.200564246
2048.67696525 310.248290913
2046.6158213 309.003217268
2044.55467735 306.572303401
2042.4935334 304.840530463
2040.43238945 303.838746585
2038.3712455 305.667913008
2036.31010155 303.568313976
2034.2489576 305.727902535
2032.18781365 307.569474249
2030.1266697 306.885444384
2028.06552575 302.659667936
2026.0043818 304.698706578
2023.94323785 302.679071055
2021.8820939 301.313759511
2019.82094995 300.896756295
2017.759806 300.471919534
2015.69866205 298.360655472
2013.63751809 296.369141058
2011.57637414 294.124142961
2009.51523019 294.188954861
2007.45408624 295.489261873
2005.39294229 294.003317818
2003.33179834 292.800843463
2001.27065439 289.812399952
1999.20951044 289.065332531
1997.14836649 289.058582198
1995.08722254 290.897594299
1993.02607859 284.259194525
1990.96493464 281.461974863
1988.90379069 281.158080108
1986.84264674 277.317566445
1984.78150279 274.905388919
1982.72035884 269.88123026
1980.65921489 269.912811381
1978.59807093 263.013530635
1976.53692698 261.630709835
1974.47578303 257.371336021
1972.41463908 251.255768674
1970.35349513 244.07882422
1968.29235118 237.485403763
1966.23120723 232.696962334
1964.17006328 225.77532892
1962.10891933 217.907838232
1960.04777538 210.33406485
1957.98663143 203.405089593
1955.92548748 195.420687724
1953.86434353 187.666125236
1951.80319958 179.136676316
1949.74205563 172.608668065
1947.68091168 165.108028285
1945.61976772 157.712474464
1943.55862377 148.761801599
1941.49747982 143.54279864
1939.43633587 138.99987965
1937.37519192 133.036768274
1935.31404797 131.36289627
1933.25290402 127.210664214
1931.19176007 125.012622425
