# BEGINHEADER
# This file contains data from the SALSA 2m radio telescope.
# DATE=2020-05-13T08:32:13.0
# GLON and GLAT given in degrees
# GLON=151.497798466
# GLAT=-32.3359292586
# DATA in two columns below. Col. 1 is velocity relative to LSR [km/s]. Col. 2 is uncalibrated antenna temperature [K].
# ENDHEADER
2458.51153298 0.0466392689993
2456.45038903 70.7307676887
2454.38924507 115.687823285
2452.32810112 118.357219743
2450.26695717 121.307314252
2448.20581322 124.334734011
2446.14466927 128.531081704
2444.08352532 132.981203396
2442.02238137 138.290180151
2439.96123742 144.523305915
2437.90009347 151.683326
2435.83894952 158.377161066
2433.77780557 165.244109369
2431.71666162 171.702047765
2429.65551767 179.463734926
2427.59437372 187.66919764
2425.53322977 193.992890498
2423.47208582 201.221563612
2421.41094187 209.72447489
2419.34979791 214.517723271
2417.28865396 223.855930948
2415.22751001 228.059125218
2413.16636606 234.021917989
2411.10522211 237.372329453
2409.04407816 246.716609287
2406.98293421 248.477349949
2404.92179026 250.625737666
2402.86064631 256.913052643
2400.79950236 258.634469709
2398.73835841 261.268405446
2396.67721446 266.114106019
2394.61607051 269.944962042
2392.55492656 270.823439764
2390.49378261 272.339018163
2388.43263866 272.003375384
2386.37149471 273.977691862
2384.31035075 275.656434938
2382.2492068 277.119995479
2380.18806285 280.138317089
2378.1269189 276.594017967
2376.06577495 281.737549078
2374.004631 278.396434805
2371.94348705 281.21569658
2369.8823431 282.11585703
2367.82119915 286.029658229
2365.7600552 283.189517968
2363.69891125 283.146716297
2361.6377673 285.936272401
2359.57662335 289.185427094
2357.5154794 285.003071278
2355.45433545 285.789374079
2353.3931915 288.195029709
2351.33204754 288.749651081
2349.27090359 288.579090366
2347.20975964 289.831416376
2345.14861569 292.474029658
2343.08747174 291.584297121
2341.02632779 295.123156223
2338.96518384 293.56169512
2336.90403989 293.404925882
2334.84289594 296.170953041
2332.78175199 295.330232172
2330.72060804 293.589754658
2328.65946409 296.165270987
2326.59832014 293.886231806
2324.53717619 295.100583394
2322.47603224 298.900253287
2320.41488829 297.79390565
2318.35374434 298.81780387
2316.29260038 300.931326207
2314.23145643 297.477523198
2312.17031248 298.342538769
2310.10916853 297.103037868
2308.04802458 299.358744371
2305.98688063 301.026434907
2303.92573668 303.062250593
2301.86459273 301.438730424
2299.80344878 299.578806201
2297.74230483 303.9438245
2295.68116088 302.423087703
2293.62001693 302.69617591
2291.55887298 304.838087691
2289.49772903 301.781916293
2287.43658508 303.382801765
2285.37544113 303.737022635
2283.31429718 305.625254318
2281.25315322 303.614905061
2279.19200927 304.370838861
2277.13086532 306.148250737
2275.06972137 306.579814536
2273.00857742 304.845837069
2270.94743347 306.71159487
2268.88628952 304.593406413
2266.82514557 305.703121752
2264.76400162 306.649250487
2262.70285767 306.697523082
2260.64171372 304.812438108
2258.58056977 305.169176606
2256.51942582 305.249820166
2254.45828187 303.252142847
2252.39713792 308.161568849
2250.33599397 308.632947451
2248.27485002 307.717594292
2246.21370606 309.522999689
2244.15256211 309.760879729
2242.09141816 311.18184043
2240.03027421 309.391083421
2237.96913026 307.908741621
2235.90798631 308.636284338
2233.84684236 309.276855663
2231.78569841 310.220268577
2229.72455446 308.542549695
2227.66341051 307.471167377
2225.60226656 312.054715401
2223.54112261 311.633360711
2221.47997866 309.101291709
2219.41883471 307.128245721
2217.35769076 309.949301951
2215.29654681 310.470851141
2213.23540285 310.548268988
2211.1742589 311.975234752
2209.11311495 312.166665142
2207.051971 310.460719105
2204.99082705 309.395243419
2202.9296831 306.544259202
2200.86853915 305.534833943
2198.8073952 311.048276713
2196.74625125 309.544191672
2194.6851073 312.863738119
2192.62396335 298.502612185
2190.5628194 310.809906498
2188.50167545 306.945231892
2186.4405315 309.474174761
2184.37938755 312.031645759
2182.3182436 308.731117378
2180.25709965 309.526539523
2178.19595569 309.761970192
2176.13481174 305.762105212
2174.07366779 307.246199237
2172.01252384 308.526834153
2169.95137989 306.979395933
2167.89023594 308.460085547
2165.82909199 307.828946042
2163.76794804 307.308850366
2161.70680409 307.511873976
2159.64566014 307.203772429
2157.58451619 305.957246307
2155.52337224 307.496180532
2153.46222829 305.143869883
2151.40108434 304.043818963
2149.33994039 305.270090572
2147.27879644 309.410003469
2145.21765249 306.239268333
2143.15650853 307.765496673
2141.09536458 301.64114009
2139.03422063 304.608260322
2136.97307668 303.921822059
2134.91193273 304.723978707
2132.85078878 307.829366528
2130.78964483 307.640853641
2128.72850088 302.089194708
2126.66735693 303.32485337
2124.60621298 304.704086467
2122.54506903 302.799350195
2120.48392508 304.690292643
2118.42278113 301.754810561
2116.36163718 303.127801431
2114.30049323 304.31115398
2112.23934928 301.251674717
2110.17820532 300.341493445
2108.11706137 301.887492658
2106.05591742 302.731097546
2103.99477347 303.705131257
2101.93362952 300.438384946
2099.87248557 301.042403567
2097.81134162 300.944542894
2095.75019767 299.513965841
2093.68905372 295.71532892
2091.62790977 299.551484522
2089.56676582 299.466872871
2087.50562187 297.725650094
2085.44447792 299.892366357
2083.38333397 296.60099952
2081.32219002 297.481756919
2079.26104607 299.456117006
2077.19990212 297.681893254
2075.13875816 297.549525552
2073.07761421 295.406987766
2071.01647026 291.644127376
2068.95532631 293.566634118
2066.89418236 293.139677191
2064.83303841 296.574479452
2062.77189446 293.775509894
2060.71075051 291.489952512
2058.64960656 291.79034292
2056.58846261 292.844270182
2054.52731866 293.341489328
2052.46617471 288.996682756
2050.40503076 289.37672406
2048.34388681 293.018946242
2046.28274286 289.998923848
2044.22159891 287.988545834
2042.16045496 286.927564827
2040.099311 289.637525046
2038.03816705 288.921788268
2035.9770231 286.219907813
2033.91587915 282.800664164
2031.8547352 283.998948107
2029.79359125 282.181536443
2027.7324473 283.323856782
2025.67130335 280.513042358
2023.6101594 280.694311427
2021.54901545 281.36604268
2019.4878715 278.687929181
2017.42672755 278.549298483
2015.3655836 275.652517054
2013.30443965 278.138988934
2011.2432957 275.670790928
2009.18215175 275.461664537
2007.12100779 271.74300644
2005.05986384 273.937750847
2002.99871989 271.174621525
2000.93757594 269.940821515
1998.87643199 268.12733812
1996.81528804 266.273243787
1994.75414409 264.048939894
1992.69300014 261.90963916
1990.63185619 258.096373536
1988.57071224 260.557123931
1986.50956829 259.096860501
1984.44842434 255.318716647
1982.38728039 252.089151145
1980.32613644 244.462673991
1978.26499249 242.109995924
1976.20384854 238.404195647
1974.14270459 231.916726774
1972.08156063 230.078665315
1970.02041668 224.412655587
1967.95927273 217.45950361
1965.89812878 210.432398684
1963.83698483 204.757145944
1961.77584088 195.607919879
1959.71469693 188.77545375
1957.65355298 182.317675867
1955.59240903 176.158261674
1953.53126508 167.404950016
1951.47012113 160.829908304
1949.40897718 152.921159634
1947.34783323 148.053911084
1945.28668928 141.815863248
1943.22554533 135.444957908
1941.16440138 131.291514928
1939.10325743 125.307687241
1937.04211347 121.850873214
1934.98096952 120.09014044
1932.91982557 117.490830312
