# BEGINHEADER
# This file contains data from the SALSA 2m radio telescope.
# DATE=2020-05-13T08:34:41.0
# GLON and GLAT given in degrees
# GLON=160.229917201
# GLAT=-29.7662416049
# DATA in two columns below. Col. 1 is velocity relative to LSR [km/s]. Col. 2 is uncalibrated antenna temperature [K].
# ENDHEADER
2452.83725332 0.0535741378035
2450.77610937 81.6663915612
2448.71496542 133.869857161
2446.65382147 136.011668057
2444.59267752 138.812503105
2442.53153357 142.662821707
2440.47038961 147.938792436
2438.40924566 153.824444343
2436.34810171 158.725860043
2434.28695776 164.874220504
2432.22581381 175.290968341
2430.16466986 181.786099319
2428.10352591 189.36576403
2426.04238196 198.472518327
2423.98123801 206.104737997
2421.92009406 215.54294648
2419.85895011 224.614599295
2417.79780616 232.560621238
2415.73666221 239.383243565
2413.67551826 248.676884688
2411.61437431 256.902286161
2409.55323036 263.83165181
2407.49208641 271.072257578
2405.43094245 275.883012042
2403.3697985 279.394396295
2401.30865455 286.077369463
2399.2475106 291.538493662
2397.18636665 297.526401445
2395.1252227 299.035837062
2393.06407875 304.966791064
2391.0029348 307.103786127
2388.94179085 306.105149206
2386.8806469 308.639572069
2384.81950295 314.371394649
2382.758359 313.084362635
2380.69721505 320.458520517
2378.6360711 318.686157824
2376.57492715 323.080397004
2374.5137832 320.198923214
2372.45263925 321.252729568
2370.39149529 322.397080773
2368.33035134 322.352703909
2366.26920739 324.739651525
2364.20806344 324.496983852
2362.14691949 324.044053039
2360.08577554 327.258500503
2358.02463159 328.455381672
2355.96348764 329.027482328
2353.90234369 334.211459638
2351.84119974 331.649137824
2349.78005579 332.752276756
2347.71891184 334.944012646
2345.65776789 334.887001877
2343.59662394 334.146918429
2341.53547999 335.179834227
2339.47433604 335.132602097
2337.41319208 333.065204635
2335.35204813 335.243223665
2333.29090418 337.29184865
2331.22976023 336.225613516
2329.16861628 341.469951016
2327.10747233 343.359640385
2325.04632838 341.191780602
2322.98518443 340.195282412
2320.92404048 341.256015725
2318.86289653 343.075145253
2316.80175258 343.798796771
2314.74060863 345.840586268
2312.67946468 343.247027346
2310.61832073 346.759878724
2308.55717678 343.339438895
2306.49603283 347.947590078
2304.43488888 346.747648288
2302.37374492 348.451794633
2300.31260097 346.769769449
2298.25145702 346.875248007
2296.19031307 349.726689326
2294.12916912 346.16676764
2292.06802517 346.310304356
2290.00688122 348.318438352
2287.94573727 347.849714116
2285.88459332 348.543359119
2283.82344937 350.367399663
2281.76230542 354.898779418
2279.70116147 349.729141191
2277.64001752 352.870619525
2275.57887357 353.38661736
2273.51772962 351.687498779
2271.45658567 357.395605113
2269.39544172 357.604624202
2267.33429776 351.319915505
2265.27315381 353.210248017
2263.21200986 352.021703474
2261.15086591 352.379494017
2259.08972196 354.092790889
2257.02857801 354.762421509
2254.96743406 354.039617516
2252.90629011 354.363370462
2250.84514616 356.712513242
2248.78400221 354.92662793
2246.72285826 353.617971921
2244.66171431 355.429107815
2242.60057036 352.914990533
2240.53942641 351.411877772
2238.47828246 355.650248323
2236.41713851 355.912399218
2234.35599456 354.524877363
2232.2948506 356.731445052
2230.23370665 358.58909378
2228.1725627 354.757990259
2226.11141875 357.728807531
2224.0502748 354.138840107
2221.98913085 353.605694859
2219.9279869 355.969106216
2217.86684295 354.872788134
2215.805699 357.900611537
2213.74455505 356.473800423
2211.6834111 354.395285017
2209.62226715 356.251553623
2207.5611232 355.557824946
2205.49997925 354.31086943
2203.4388353 357.020334937
2201.37769135 356.42680351
2199.31654739 359.128639281
2197.25540344 356.719701933
2195.19425949 359.163580588
2193.13311554 354.751432963
2191.07197159 361.221655294
2189.01082764 357.431461875
2186.94968369 343.230971981
2184.88853974 359.095618672
2182.82739579 358.04077252
2180.76625184 360.435543732
2178.70510789 357.797272749
2176.64396394 359.02949769
2174.58281999 354.522726115
2172.52167604 356.817022921
2170.46053209 352.317100665
2168.39938814 353.035081133
2166.33824419 354.237135831
2164.27710023 355.132945946
2162.21595628 354.274735455
2160.15481233 356.877648285
2158.09366838 356.798506669
2156.03252443 354.354404167
2153.97138048 356.293792106
2151.91023653 354.262483102
2149.84909258 355.690470707
2147.78794863 353.231587245
2145.72680468 355.599030025
2143.66566073 354.752537204
2141.60451678 356.736939946
2139.54337283 352.938897919
2137.48222888 352.612574271
2135.42108493 352.869763874
2133.35994098 354.95639613
2131.29879703 348.730541637
2129.23765307 352.091661006
2127.17650912 350.729027032
2125.11536517 350.822706945
2123.05422122 350.612156842
2120.99307727 352.901953807
2118.93193332 351.476330244
2116.87078937 350.760381998
2114.80964542 348.046592241
2112.74850147 349.202550253
2110.68735752 347.300177558
2108.62621357 349.801716503
2106.56506962 348.889348405
2104.50392567 350.040981179
2102.44278172 348.152693572
2100.38163777 343.668675516
2098.32049382 347.72574165
2096.25934986 346.998087801
2094.19820591 345.53937653
2092.13706196 344.528816308
2090.07591801 347.451393052
2088.01477406 345.796271621
2085.95363011 345.221950605
2083.89248616 344.697844866
2081.83134221 346.163857505
2079.77019826 340.075412488
2077.70905431 342.213214282
2075.64791036 344.074805145
2073.58676641 343.919571269
2071.52562246 344.361235768
2069.46447851 340.644451078
2067.40333456 338.296762624
2065.34219061 339.220455162
2063.28104666 339.695634949
2061.2199027 340.487331827
2059.15875875 341.130253588
2057.0976148 335.414980725
2055.03647085 337.059683189
2052.9753269 336.130839125
2050.91418295 333.950902362
2048.853039 332.799594685
2046.79189505 334.360711481
2044.7307511 333.752869719
2042.66960715 334.291816769
2040.6084632 333.283802359
2038.54731925 332.276189938
2036.4861753 329.357149571
2034.42503135 326.518269905
2032.3638874 328.48936429
2030.30274345 329.699806039
2028.2415995 324.933217845
2026.18045554 326.165066102
2024.11931159 327.819128962
2022.05816764 329.82414546
2019.99702369 325.807472272
2017.93587974 320.914500102
2015.87473579 325.859501253
2013.81359184 326.580283679
2011.75244789 323.394831778
2009.69130394 317.149241019
2007.63015999 317.260364339
2005.56901604 314.478969467
2003.50787209 316.502295086
2001.44672814 316.540621686
1999.38558419 314.040122806
1997.32444024 314.43054568
1995.26329629 313.851974287
1993.20215233 311.525802391
1991.14100838 306.700656506
1989.07986443 305.742568078
1987.01872048 304.197922443
1984.95757653 301.258173176
1982.89643258 296.355282814
1980.83528863 297.775679131
1978.77414468 292.54674666
1976.71300073 289.695826334
1974.65185678 285.746644844
1972.59071283 280.721603677
1970.52956888 275.170479161
1968.46842493 267.660222015
1966.40728098 262.426422853
1964.34613703 257.633594758
1962.28499308 249.660186733
1960.22384913 241.761622504
1958.16270517 236.136072352
1956.10156122 226.251934045
1954.04041727 220.06324763
1951.97927332 211.155597184
1949.91812937 201.274146455
1947.85698542 194.579868013
1945.79584147 187.01095866
1943.73469752 176.871820181
1941.67355357 169.646575174
1939.61240962 161.228613152
1937.55126567 155.371955327
1935.49012172 151.153299448
1933.42897777 145.96350336
1931.36783382 139.674988414
1929.30668987 136.353128979
1927.24554592 134.352006009
