# BEGINHEADER
# This file contains data from the SALSA 2m radio telescope.
# DATE=2020-05-13T08:43:23.0
# GLON and GLAT given in degrees
# GLON=169.447103977
# GLAT=-36.8501729591
# DATA in two columns below. Col. 1 is velocity relative to LSR [km/s]. Col. 2 is uncalibrated antenna temperature [K].
# ENDHEADER
2450.70748961 0.0457401864137
2448.64634565 69.7540673785
2446.5852017 114.757778272
2444.52405775 116.492915962
2442.4629138 119.362013023
2440.40176985 121.912017525
2438.3406259 126.63484725
2436.27948195 131.982258758
2434.218338 137.214188975
2432.15719405 142.895918225
2430.0960501 148.751507811
2428.03490615 156.967851038
2425.9737622 164.189346015
2423.91261825 170.251866024
2421.8514743 178.566851209
2419.79033035 183.66912917
2417.7291864 191.703140643
2415.66804244 197.888786041
2413.60689849 208.870484644
2411.54575454 212.910656617
2409.48461059 217.803943271
2407.42346664 223.179050176
2405.36232269 230.737081963
2403.30117874 235.717111006
2401.24003479 242.99363102
2399.17889084 249.445082702
2397.11774689 248.676413949
2395.05660294 252.669984477
2392.99545899 254.341249393
2390.93431504 261.230105989
2388.87317109 263.495907256
2386.81202714 265.256716895
2384.75088319 264.653837191
2382.68973924 266.883797215
2380.62859528 270.410464911
2378.56745133 269.848742847
2376.50630738 273.340333209
2374.44516343 274.38832978
2372.38401948 273.695983448
2370.32287553 272.476332215
2368.26173158 276.036706475
2366.20058763 278.079310358
2364.13944368 279.759860117
2362.07829973 281.305455423
2360.01715578 281.609986663
2357.95601183 283.443934396
2355.89486788 282.961217728
2353.83372393 284.448422351
2351.77257998 281.730117138
2349.71143603 284.790814129
2347.65029208 283.512948974
2345.58914812 285.258145096
2343.52800417 285.01748679
2341.46686022 286.183926177
2339.40571627 287.435368687
2337.34457232 287.531045028
2335.28342837 288.736213583
2333.22228442 292.694384963
2331.16114047 288.553128267
2329.09999652 289.927878067
2327.03885257 289.146446534
2324.97770862 292.224186521
2322.91656467 294.95022774
2320.85542072 291.685793978
2318.79427677 291.975590713
2316.73313282 294.066837199
2314.67198887 293.500935333
2312.61084491 294.975118746
2310.54970096 293.484275727
2308.48855701 292.011699749
2306.42741306 294.570433424
2304.36626911 297.092243081
2302.30512516 297.549646658
2300.24398121 295.053098268
2298.18283726 296.901578984
2296.12169331 296.412623379
2294.06054936 297.272582381
2291.99940541 297.889658013
2289.93826146 296.104457752
2287.87711751 293.855429007
2285.81597356 300.458394252
2283.75482961 301.134847067
2281.69368566 299.233431072
2279.63254171 301.190727489
2277.57139775 299.858199048
2275.5102538 301.37820159
2273.44910985 301.190962509
2271.3879659 300.665894147
2269.32682195 303.26851997
2267.265678 298.797213262
2265.20453405 301.421364966
2263.1433901 303.808485627
2261.08224615 300.485523768
2259.0211022 300.904296285
2256.95995825 300.378221133
2254.8988143 303.613215831
2252.83767035 301.385523333
2250.7765264 304.819830745
2248.71538245 301.470269648
2246.6542385 301.620696185
2244.59309455 299.159167859
2242.53195059 304.369324463
2240.47080664 302.956922804
2238.40966269 304.046371658
2236.34851874 302.461511745
2234.28737479 305.73994655
2232.22623084 303.830921663
2230.16508689 300.108907339
2228.10394294 300.889432834
2226.04279899 304.540754967
2223.98165504 305.492925372
2221.92051109 306.834328677
2219.85936714 305.553811658
2217.79822319 305.990809506
2215.73707924 301.4864682
2213.67593529 306.643014011
2211.61479134 305.51956696
2209.55364738 304.475182159
2207.49250343 306.798552067
2205.43135948 305.621432545
2203.37021553 305.025144018
2201.30907158 303.632541819
2199.24792763 304.675890296
2197.18678368 305.257057916
2195.12563973 305.253717964
2193.06449578 307.644084862
2191.00335183 303.267859081
2188.94220788 307.295339197
2186.88106393 303.951347354
2184.81991998 295.283536342
2182.75877603 304.432442324
2180.69763208 305.529009367
2178.63648813 305.496300448
2176.57534418 304.642901745
2174.51420022 305.220417989
2172.45305627 307.455887978
2170.39191232 303.552887499
2168.33076837 303.917330683
2166.26962442 303.017175076
2164.20848047 305.379557297
2162.14733652 304.775546265
2160.08619257 305.450822869
2158.02504862 303.938936904
2155.96390467 300.007835127
2153.90276072 300.326221136
2151.84161677 303.011553431
2149.78047282 304.131766999
2147.71932887 302.971192607
2145.65818492 305.91756383
2143.59704097 305.518158456
2141.53589702 299.575586521
2139.47475306 302.540182815
2137.41360911 304.315119814
2135.35246516 304.64157346
2133.29132121 301.392100056
2131.23017726 303.975695701
2129.16903331 301.396301882
2127.10788936 302.50952916
2125.04674541 301.067877898
2122.98560146 302.812794086
2120.92445751 296.948487052
2118.86331356 299.929156675
2116.80216961 300.364117875
2114.74102566 299.087425964
2112.67988171 302.301392947
2110.61873776 300.173448408
2108.55759381 299.376370173
2106.49644986 299.61657692
2104.4353059 297.51744153
2102.37416195 297.214381623
2100.313018 299.255852798
2098.25187405 298.036824217
2096.1907301 297.136063724
2094.12958615 297.377681584
2092.0684422 295.765098436
2090.00729825 293.737006903
2087.9461543 296.396400632
2085.88501035 297.237614335
2083.8238664 295.307622351
2081.76272245 294.288763401
2079.7015785 294.59872334
2077.64043455 295.683835338
2075.5792906 291.79603632
2073.51814665 292.208072079
2071.45700269 291.415818742
2069.39585874 293.74491453
2067.33471479 293.304782204
2065.27357084 290.761650875
2063.21242689 293.989871833
2061.15128294 290.021222232
2059.09013899 289.830141983
2057.02899504 289.414411087
2054.96785109 288.244205837
2052.90670714 287.147430349
2050.84556319 290.651653737
2048.78441924 288.679931274
2046.72327529 285.367625745
2044.66213134 285.094844259
2042.60098739 283.73488791
2040.53984344 283.338168004
2038.47869949 283.622744927
2036.41755553 286.039666403
2034.35641158 283.078997904
2032.29526763 281.493562734
2030.23412368 283.784009278
2028.17297973 282.453355311
2026.11183578 280.218252493
2024.05069183 276.670190456
2021.98954788 276.246027668
2019.92840393 278.086657279
2017.86725998 276.03766496
2015.80611603 278.559917444
2013.74497208 276.105488698
2011.68382813 275.397780366
2009.62268418 276.37150906
2007.56154023 275.724100413
2005.50039628 274.231626775
2003.43925233 272.089609512
2001.37810837 273.437483011
1999.31696442 269.3800122
1997.25582047 268.651845556
1995.19467652 268.340052537
1993.13353257 267.73754519
1991.07238862 264.423961302
1989.01124467 263.104234335
1986.95010072 261.591813037
1984.88895677 261.31297044
1982.82781282 260.598966039
1980.76666887 254.558351991
1978.70552492 252.834217901
1976.64438097 248.387698852
1974.58323702 248.70093574
1972.52209307 245.189096947
1970.46094912 237.835849651
1968.39980516 234.615472603
1966.33866121 230.788935308
1964.27751726 226.880911135
1962.21637331 220.81759095
1960.15522936 211.975373996
1958.09408541 207.850882079
1956.03294146 202.034965236
1953.97179751 194.744884363
1951.91065356 186.639341956
1949.84950961 180.846476259
1947.78836566 173.352015529
1945.72722171 165.825219429
1943.66607776 158.634884375
1941.60493381 152.52836896
1939.54378986 145.11842579
1937.48264591 139.587912359
1935.42150196 133.073407067
1933.360358 128.820565013
1931.29921405 124.997340778
1929.2380701 120.775579562
1927.17692615 117.983441335
1925.1157822 115.3121232
