# BEGINHEADER
# This file contains data from the SALSA 2m radio telescope.
# DATE=2020-05-13T08:39:16.0
# GLON and GLAT given in degrees
# GLON=163.819715053
# GLAT=-34.7350446188
# DATA in two columns below. Col. 1 is velocity relative to LSR [km/s]. Col. 2 is uncalibrated antenna temperature [K].
# ENDHEADER
2452.64579473 0.0716276264884
2450.58465078 108.770562327
2448.52350683 181.880462737
2446.46236288 182.843167708
2444.40121893 185.693368596
2442.34007498 191.448201669
2440.27893103 197.717248641
2438.21778708 206.35951078
2436.15664313 213.045694859
2434.09549918 222.80007546
2432.03435523 233.594719107
2429.97321128 242.706323389
2427.91206732 252.952367528
2425.85092337 266.23336883
2423.78977942 277.299312388
2421.72863547 291.098044081
2419.66749152 299.047813544
2417.60634757 312.088929572
2415.54520362 322.269492395
2413.48405967 336.085960934
2411.42291572 345.230926352
2409.36177177 354.829743265
2407.30062782 363.022616645
2405.23948387 372.960984965
2403.17833992 375.893251849
2401.11719597 382.989050206
2399.05605202 388.991673021
2396.99490807 396.013007081
2394.93376412 401.490903363
2392.87262016 408.669464063
2390.81147621 410.535184119
2388.75033226 418.685244543
2386.68918831 415.916452621
2384.62804436 415.396707901
2382.56690041 421.68868936
2380.50575646 425.605292614
2378.44461251 423.890882768
2376.38346856 425.065685472
2374.32232461 433.37981619
2372.26118066 432.645067966
2370.20003671 434.367273401
2368.13889276 434.488401586
2366.07774881 436.365937175
2364.01660486 438.21992755
2361.95546091 437.963648223
2359.89431696 440.532389608
2357.833173 439.984400832
2355.77202905 440.603663126
2353.7108851 439.917837037
2351.64974115 442.94958566
2349.5885972 447.713630552
2347.52745325 448.330601165
2345.4663093 449.315586116
2343.40516535 444.186106109
2341.3440214 451.460039647
2339.28287745 452.566641459
2337.2217335 451.442586846
2335.16058955 454.273546613
2333.0994456 454.650299964
2331.03830165 457.103241365
2328.9771577 457.951692936
2326.91601375 457.427200429
2324.85486979 455.124850326
2322.79372584 457.410199642
2320.73258189 455.039501979
2318.67143794 455.937725923
2316.61029399 459.666330911
2314.54915004 459.488863654
2312.48800609 461.574143382
2310.42686214 461.350249413
2308.36571819 466.863302022
2306.30457424 462.644327905
2304.24343029 462.337291754
2302.18228634 459.401744909
2300.12114239 464.838840595
2298.05999844 467.826379994
2295.99885449 461.781370511
2293.93771054 468.008491159
2291.87656659 470.525201889
2289.81542263 468.736319043
2287.75427868 468.124503892
2285.69313473 472.179676945
2283.63199078 467.373210213
2281.57084683 471.09766651
2279.50970288 473.631422646
2277.44855893 470.071595675
2275.38741498 471.76565457
2273.32627103 469.462458177
2271.26512708 468.693546418
2269.20398313 472.988659953
2267.14283918 474.870926494
2265.08169523 476.600167508
2263.02055128 472.739444617
2260.95940733 473.993968613
2258.89826338 474.55616476
2256.83711943 475.217566337
2254.77597547 475.317133546
2252.71483152 478.158838701
2250.65368757 473.63431645
2248.59254362 475.47207144
2246.53139967 476.3218707
2244.47025572 474.156901969
2242.40911177 477.006910687
2240.34796782 481.803497415
2238.28682387 481.697258282
2236.22567992 476.603942539
2234.16453597 477.113075517
2232.10339202 481.670229546
2230.04224807 477.12747124
2227.98110412 476.690522834
2225.91996017 481.49520912
2223.85881622 479.736156962
2221.79767227 481.225214417
2219.73652831 481.734157768
2217.67538436 479.992687843
2215.61424041 478.861226955
2213.55309646 487.42135673
2211.49195251 476.867720202
2209.43080856 479.540777714
2207.36966461 477.017640083
2205.30852066 478.778220275
2203.24737671 478.657597302
2201.18623276 473.693046975
2199.12508881 482.845395857
2197.06394486 480.703133409
2195.00280091 482.496071775
2192.94165696 481.477063576
2190.88051301 479.579931877
2188.81936906 481.04563602
2186.7582251 461.085102592
2184.69708115 480.808636455
2182.6359372 478.318132252
2180.57479325 479.335144349
2178.5136493 475.488114916
2176.45250535 480.240501664
2174.3913614 477.305496745
2172.33021745 479.982408434
2170.2690735 479.676448102
2168.20792955 478.118686402
2166.1467856 478.839932785
2164.08564165 478.21484516
2162.0244977 475.11339157
2159.96335375 476.986006749
2157.9022098 476.263451957
2155.84106585 479.626284284
2153.7799219 474.347412173
2151.71877794 472.745256927
2149.65763399 477.989007715
2147.59649004 475.119037895
2145.53534609 474.38228332
2143.47420214 477.524797751
2141.41305819 475.732115632
2139.35191424 474.539013053
2137.29077029 478.240727796
2135.22962634 474.646717689
2133.16848239 473.930341336
2131.10733844 477.679150047
2129.04619449 471.565227387
2126.98505054 470.082940755
2124.92390659 476.313071233
2122.86276264 472.09630918
2120.80161869 470.18930963
2118.74047474 472.239873246
2116.67933078 472.314924421
2114.61818683 470.348202395
2112.55704288 473.125666066
2110.49589893 471.614906462
2108.43475498 472.530665508
2106.37361103 465.47928208
2104.31246708 469.169332532
2102.25132313 470.308959085
2100.19017918 470.379759847
2098.12903523 467.900473996
2096.06789128 466.487512182
2094.00674733 464.322897066
2091.94560338 465.561912769
2089.88445943 463.834667218
2087.82331548 464.770557529
2085.76217153 466.640139535
2083.70102757 466.355038904
2081.63988362 462.738130491
2079.57873967 462.125609831
2077.51759572 459.981999714
2075.45645177 464.643521473
2073.39530782 462.195724748
2071.33416387 462.195228054
2069.27301992 461.594376251
2067.21187597 456.457693034
2065.15073202 452.949777527
2063.08958807 453.531635756
2061.02844412 458.921020068
2058.96730017 456.738361453
2056.90615622 451.325944166
2054.84501227 451.739262196
2052.78386832 449.366385056
2050.72272437 453.135601586
2048.66158041 453.021848232
2046.60043646 445.030674396
2044.53929251 444.765271926
2042.47814856 447.516067758
2040.41700461 445.591374665
2038.35586066 439.796463557
2036.29471671 446.64195218
2034.23357276 444.64800841
2032.17242881 443.65743472
2030.11128486 445.138608761
2028.05014091 437.864330781
2025.98899696 438.036736942
2023.92785301 436.533244942
2021.86670906 439.825916426
2019.80556511 436.456174595
2017.74442116 436.671114333
2015.68327721 432.625235178
2013.62213325 431.786307423
2011.5609893 433.215107012
2009.49984535 433.572640403
2007.4387014 425.8409428
2005.37755745 427.876495968
2003.3164135 426.736544489
2001.25526955 425.019613293
1999.1941256 423.185304482
1997.13298165 422.77994214
1995.0718377 422.778348853
1993.01069375 417.765263043
1990.9495498 416.87855277
1988.88840585 411.441663236
1986.8272619 406.548009098
1984.76611795 404.816862998
1982.704974 404.307798777
1980.64383005 395.820137106
1978.58268609 394.789940382
1976.52154214 389.598279964
1974.46039819 380.800455182
1972.39925424 374.763945257
1970.33811029 366.968146539
1968.27696634 360.773763197
1966.21582239 353.128272823
1964.15467844 345.239561279
1962.09353449 337.305046557
1960.03239054 323.052231959
1957.97124659 314.285082652
1955.91010264 306.079352537
1953.84895869 291.953014034
1951.78781474 282.848852126
1949.72667079 270.851908244
1947.66552684 259.856082044
1945.60438288 249.397849482
1943.54323893 239.318149455
1941.48209498 227.932528404
1939.42095103 220.506805922
1937.35980708 208.837237847
1935.29866313 200.809265338
1933.23751918 194.828849956
1931.17637523 188.169532141
1929.11523128 184.339824029
1927.05408733 181.861698555
