# BEGINHEADER
# This file contains data from the SALSA 2m radio telescope.
# DATE=2020-05-13T08:44:09.0
# GLON and GLAT given in degrees
# GLON=166.85258509
# GLAT=-40.6098273718
# DATA in two columns below. Col. 1 is velocity relative to LSR [km/s]. Col. 2 is uncalibrated antenna temperature [K].
# ENDHEADER
2453.39748971 0.046319661816
2451.33634576 71.3275265833
2449.27520181 117.893109057
2447.21405786 119.175552036
2445.15291391 120.251333755
2443.09176996 124.071986612
2441.03062601 128.76876979
2438.96948206 133.605171524
2436.90833811 138.678786058
2434.84719416 145.938452355
2432.78605021 152.404665174
2430.72490626 159.143514307
2428.66376231 166.519451809
2426.60261835 173.989710898
2424.5414744 181.412204098
2422.48033045 189.022011982
2420.4191865 195.466638942
2418.35804255 201.337307577
2416.2968986 209.383775922
2414.23575465 216.019065409
2412.1746107 224.250656203
2410.11346675 226.745340875
2408.0523228 235.575313356
2405.99117885 240.967342344
2403.9300349 243.695742283
2401.86889095 251.829459845
2399.807747 255.675329717
2397.74660305 259.943055393
2395.6854591 261.583820475
2393.62431515 265.95161999
2391.56317119 266.135965789
2389.50202724 268.961904721
2387.44088329 271.046229114
2385.37973934 272.857105439
2383.31859539 276.551148702
2381.25745144 276.107257166
2379.19630749 277.569752253
2377.13516354 279.675509159
2375.07401959 280.369842357
2373.01287564 282.380986772
2370.95173169 281.730015023
2368.89058774 285.305958278
2366.82944379 284.984955041
2364.76829984 284.508581244
2362.70715589 286.003036377
2360.64601194 289.176920938
2358.58486799 285.575840751
2356.52372403 286.493898081
2354.46258008 287.007788235
2352.40143613 288.608738034
2350.34029218 288.339200909
2348.27914823 290.679358286
2346.21800428 291.032578934
2344.15686033 292.643211167
2342.09571638 292.574090591
2340.03457243 290.259867511
2337.97342848 293.586478571
2335.91228453 294.619643322
2333.85114058 295.28356709
2331.78999663 294.499354684
2329.72885268 297.429172098
2327.66770873 295.324023152
2325.60656478 297.743489562
2323.54542083 300.081180953
2321.48427687 298.764502522
2319.42313292 297.398945883
2317.36198897 300.545495881
2315.30084502 298.205081421
2313.23970107 299.690544878
2311.17855712 298.358266552
2309.11741317 298.862526766
2307.05626922 301.623948766
2304.99512527 303.765637215
2302.93398132 301.203187863
2300.87283737 306.354709768
2298.81169342 304.143400945
2296.75054947 303.146710245
2294.68940552 303.119965227
2292.62826157 304.50390051
2290.56711762 303.446545009
2288.50597366 304.189674908
2286.44482971 306.840393329
2284.38368576 306.584121577
2282.32254181 305.941190902
2280.26139786 307.288755771
2278.20025391 305.897816268
2276.13910996 305.947634495
2274.07796601 305.849330188
2272.01682206 307.402585722
2269.95567811 306.442524324
2267.89453416 309.988664266
2265.83339021 306.784937396
2263.77224626 307.103550991
2261.71110231 307.062676429
2259.64995836 307.235609045
2257.58881441 308.070700461
2255.52767046 309.703288437
2253.4665265 309.068340827
2251.40538255 312.089840631
2249.3442386 309.018572901
2247.28309465 307.747383429
2245.2219507 311.319956734
2243.16080675 309.528252127
2241.0996628 309.370154743
2239.03851885 306.380646476
2236.9773749 308.284880438
2234.91623095 310.432833314
2232.855087 309.630994085
2230.79394305 313.986726884
2228.7327991 310.2088512
2226.67165515 311.738208041
2224.6105112 312.394774665
2222.54936725 308.433405657
2220.4882233 309.315446182
2218.42707934 311.874607024
2216.36593539 310.919819316
2214.30479144 312.710175497
2212.24364749 312.299727338
2210.18250354 311.432533372
2208.12135959 312.237061014
2206.06021564 309.816062719
2203.99907169 310.736216341
2201.93792774 310.782398836
2199.87678379 310.614162318
2197.81563984 313.91807925
2195.75449589 313.502729755
2193.69335194 309.040927497
2191.63220799 313.715602911
2189.57106404 313.089171627
2187.50992009 300.358789467
2185.44877613 312.304163601
2183.38763218 315.633760763
2181.32648823 311.63337905
2179.26534428 309.289473162
2177.20420033 309.472179548
2175.14305638 313.905260313
2173.08191243 309.180126135
2171.02076848 310.399899374
2168.95962453 310.179691078
2166.89848058 310.501277412
2164.83733663 309.713691009
2162.77619268 313.799665279
2160.71504873 309.395835022
2158.65390478 308.757730142
2156.59276083 308.863399833
2154.53161688 309.086921404
2152.47047293 310.771868634
2150.40932897 311.59608753
2148.34818502 309.342438052
2146.28704107 311.940060535
2144.22589712 308.384292937
2142.16475317 306.473824237
2140.10360922 308.30061932
2138.04246527 307.840889168
2135.98132132 309.907996995
2133.92017737 308.817332633
2131.85903342 306.658680228
2129.79788947 310.716833274
2127.73674552 307.283384867
2125.67560157 305.829832377
2123.61445762 306.480783024
2121.55331367 306.045671193
2119.49216972 309.205370783
2117.43102577 306.578981859
2115.36988181 307.965451606
2113.30873786 307.406542366
2111.24759391 306.446884409
2109.18644996 305.244829553
2107.12530601 306.715642506
2105.06416206 306.024286751
2103.00301811 304.669554615
2100.94187416 303.449945263
2098.88073021 302.644483079
2096.81958626 302.20647087
2094.75844231 302.467330901
2092.69729836 304.318931469
2090.63615441 306.703000316
2088.57501046 300.102701231
2086.51386651 302.382889559
2084.45272256 299.254867718
2082.3915786 301.578820451
2080.33043465 299.018440353
2078.2692907 303.335436781
2076.20814675 299.946194483
2074.1470028 298.705753921
2072.08585885 299.874485986
2070.0247149 297.095272112
2067.96357095 300.480895233
2065.902427 296.798727497
2063.84128305 295.000410738
2061.7801391 297.434611719
2059.71899515 296.820073624
2057.6578512 295.148276599
2055.59670725 295.652985833
2053.5355633 297.320948547
2051.47441935 296.129840047
2049.4132754 294.232866917
2047.35213144 291.873330402
2045.29098749 292.94965536
2043.22984354 291.490609643
2041.16869959 289.20174312
2039.10755564 289.948791704
2037.04641169 288.760883977
2034.98526774 288.581208986
2032.92412379 287.999872674
2030.86297984 288.716541858
2028.80183589 286.116633829
2026.74069194 284.722335188
2024.67954799 283.112048779
2022.61840404 284.269746206
2020.55726009 282.655996036
2018.49611614 282.464548476
2016.43497219 282.925496315
2014.37382824 281.610123556
2012.31268428 281.734458499
2010.25154033 281.296105261
2008.19039638 278.797671799
2006.12925243 277.254957844
2004.06810848 275.962895
2002.00696453 276.395702885
1999.94582058 273.355186453
1997.88467663 276.44955546
1995.82353268 274.900414703
1993.76238873 271.852088399
1991.70124478 272.931060168
1989.64010083 270.022583042
1987.57895688 266.333969572
1985.51781293 264.534634123
1983.45666898 260.308844033
1981.39552503 258.061116859
1979.33438108 256.452157234
1977.27323712 254.562061355
1975.21209317 248.765220287
1973.15094922 245.003250736
1971.08980527 239.771214869
1969.02866132 235.461214843
1966.96751737 228.948249182
1964.90637342 224.470645105
1962.84522947 218.733875656
1960.78408552 214.20674974
1958.72294157 206.700959234
1956.66179762 198.921614907
1954.60065367 193.060612725
1952.53950972 184.42028374
1950.47836577 176.806868575
1948.41722182 170.063472985
1946.35607787 161.241745114
1944.29493391 155.60392924
1942.23378996 148.644044149
1940.17264601 142.102752464
1938.11150206 136.577146791
1936.05035811 131.096543893
1933.98921416 126.173649114
1931.92807021 122.518334244
1929.86692626 120.171601293
1927.80578231 117.640683975
