# BEGINHEADER
# This file contains data from the SALSA 2m radio telescope.
# DATE=2020-05-13T08:46:35.0
# GLON and GLAT given in degrees
# GLON=176.646819034
# GLAT=-35.6647081488
# DATA in two columns below. Col. 1 is velocity relative to LSR [km/s]. Col. 2 is uncalibrated antenna temperature [K].
# ENDHEADER
2446.96643529 0.0489456933282
2444.90529134 73.2954813447
2442.84414739 120.531372544
2440.78300343 120.492637278
2438.72185948 123.047034417
2436.66071553 125.432000611
2434.59957158 130.84350193
2432.53842763 136.839456526
2430.47728368 143.083129628
2428.41613973 149.148903784
2426.35499578 154.663974132
2424.29385183 161.345146749
2422.23270788 169.147949728
2420.17156393 175.403262395
2418.11041998 184.564560288
2416.04927603 193.102085406
2413.98813208 199.861031475
2411.92698813 206.053838249
2409.86584418 214.247015222
2407.80470022 220.820541197
2405.74355627 227.849282354
2403.68241232 234.320704311
2401.62126837 240.033343956
2399.56012442 245.537765814
2397.49898047 251.999540729
2395.43783652 255.738452094
2393.37669257 258.766851978
2391.31554862 264.146822739
2389.25440467 265.40508166
2387.19326072 269.441084398
2385.13211677 269.857319675
2383.07097282 273.591021135
2381.00982887 277.255885995
2378.94868492 275.2795862
2376.88754097 277.218473947
2374.82639702 281.124449646
2372.76525306 285.524751683
2370.70410911 285.175882354
2368.64296516 283.029059395
2366.58182121 287.279217688
2364.52067726 288.121821524
2362.45953331 286.410353426
2360.39838936 286.343072032
2358.33724541 290.310332492
2356.27610146 288.974500422
2354.21495751 291.615789772
2352.15381356 292.705309826
2350.09266961 292.389129031
2348.03152566 295.808801162
2345.97038171 294.090981255
2343.90923776 296.059236709
2341.84809381 296.395141965
2339.78694986 297.376337013
2337.7258059 295.433126802
2335.66466195 297.159576194
2333.603518 297.42672547
2331.54237405 297.747987765
2329.4812301 296.227529048
2327.42008615 296.164126514
2325.3589422 300.682427621
2323.29779825 303.884664327
2321.2366543 305.652892313
2319.17551035 303.261379811
2317.1143664 303.509469215
2315.05322245 302.905391915
2312.9920785 303.485501899
2310.93093455 304.465182041
2308.8697906 306.262308392
2306.80864665 305.707010241
2304.74750269 306.182089124
2302.68635874 306.195904778
2300.62521479 307.578920773
2298.56407084 310.011172194
2296.50292689 307.542064402
2294.44178294 310.037035926
2292.38063899 308.821649585
2290.31949504 309.191964395
2288.25835109 310.537277302
2286.19720714 311.590979829
2284.13606319 307.8224166
2282.07491924 307.561410315
2280.01377529 313.28233906
2277.95263134 309.314455517
2275.89148739 313.690711171
2273.83034344 313.254588556
2271.76919949 312.958907613
2269.70805553 313.993111019
2267.64691158 311.976935647
2265.58576763 314.468035104
2263.52462368 313.93168833
2261.46347973 315.086631331
2259.40233578 314.448213988
2257.34119183 312.121305705
2255.28004788 312.571326039
2253.21890393 310.791206188
2251.15775998 312.460185198
2249.09661603 314.972295785
2247.03547208 316.263321591
2244.97432813 308.931744382
2242.91318418 315.496884906
2240.85204023 313.749620012
2238.79089628 313.392320033
2236.72975233 313.700414579
2234.66860837 316.001101973
2232.60746442 314.226328927
2230.54632047 315.388718191
2228.48517652 315.107381482
2226.42403257 316.787060045
2224.36288862 314.673059978
2222.30174467 315.027369682
2220.24060072 315.759452801
2218.17945677 321.400255345
2216.11831282 318.266031433
2214.05716887 315.031124319
2211.99602492 317.532569287
2209.93488097 316.447759015
2207.87373702 316.17977858
2205.81259307 316.94541753
2203.75144912 316.838554757
2201.69030516 317.584199746
2199.62916121 315.236191498
2197.56801726 317.114007281
2195.50687331 316.654400345
2193.44572936 315.784922679
2191.38458541 317.115655826
2189.32344146 318.197932091
2187.26229751 315.984482051
2185.20115356 321.913660853
2183.14000961 318.764527314
2181.07886566 305.34964702
2179.01772171 316.6193081
2176.95657776 314.875576634
2174.89543381 315.361418598
2172.83428986 315.34699308
2170.77314591 314.865589025
2168.71200196 316.913355483
2166.650858 317.613769009
2164.58971405 318.013178408
2162.5285701 314.447360965
2160.46742615 312.848427483
2158.4062822 317.595311859
2156.34513825 317.366743981
2154.2839943 314.338560979
2152.22285035 313.865477706
2150.1617064 314.441487132
2148.10056245 316.270314537
2146.0394185 314.777999031
2143.97827455 314.593047315
2141.9171306 315.108987173
2139.85598665 314.567084476
2137.7948427 313.991296016
2135.73369875 314.536804706
2133.6725548 314.772003396
2131.61141084 313.275176379
2129.55026689 313.428938928
2127.48912294 313.44586795
2125.42797899 313.473055628
2123.36683504 312.38186141
2121.30569109 310.90024738
2119.24454714 311.785531382
2117.18340319 315.412792047
2115.12225924 312.696648845
2113.06111529 310.624626776
2110.99997134 312.184435768
2108.93882739 307.995260283
2106.87768344 313.259329535
2104.81653949 309.772849202
2102.75539554 311.655605072
2100.69425159 311.675401675
2098.63310764 310.369917954
2096.57196368 308.104230812
2094.51081973 310.682411477
2092.44967578 310.117605407
2090.38853183 310.852099195
2088.32738788 309.909873298
2086.26624393 310.495376985
2084.20509998 310.395506549
2082.14395603 309.402383683
2080.08281208 308.494199336
2078.02166813 306.398087085
2075.96052418 303.870844212
2073.89938023 306.922444012
2071.83823628 306.666356418
2069.77709233 304.631509782
2067.71594838 302.945557305
2065.65480443 302.041886691
2063.59366047 304.148309025
2061.53251652 301.658729891
2059.47137257 299.797389442
2057.41022862 304.729422009
2055.34908467 301.070361244
2053.28794072 300.84986605
2051.22679677 300.365860822
2049.16565282 301.966751827
2047.10450887 300.76530464
2045.04336492 298.303565909
2042.98222097 298.026755733
2040.92107702 298.578455306
2038.85993307 297.786280618
2036.79878912 296.866692469
2034.73764517 296.414546042
2032.67650122 297.506847224
2030.61535727 292.428932226
2028.55421331 296.209844177
2026.49306936 295.918984152
2024.43192541 292.910630247
2022.37078146 293.083480745
2020.30963751 292.951580346
2018.24849356 292.09507954
2016.18734961 289.548219703
2014.12620566 288.461922352
2012.06506171 290.754037244
2010.00391776 286.990052158
2007.94277381 287.097289058
2005.88162986 285.118955597
2003.82048591 283.656856746
2001.75934196 282.751618973
1999.69819801 284.383089043
1997.63705406 281.99637809
1995.57591011 280.073123115
1993.51476615 280.779290248
1991.4536222 277.124538587
1989.39247825 276.391145045
1987.3313343 278.462113448
1985.27019035 274.483402454
1983.2090464 271.592245773
1981.14790245 269.949531375
1979.0867585 266.536034026
1977.02561455 264.892148029
1974.9644706 261.107535845
1972.90332665 260.48612885
1970.8421827 258.523217898
1968.78103875 255.045766399
1966.7198948 245.61063317
1964.65875085 243.22863724
1962.5976069 240.793090913
1960.53646294 234.914840586
1958.47531899 228.053616248
1956.41417504 221.800979909
1954.35303109 218.058415533
1952.29188714 209.093543439
1950.23074319 201.653742113
1948.16959924 195.609266562
1946.10845529 187.365476817
1944.04731134 179.29654382
1941.98616739 171.551902264
1939.92502344 165.861046923
1937.86387949 158.554766937
1935.80273554 151.932176991
1933.74159159 145.082141804
1931.68044764 138.091406108
1929.61930369 133.59075494
1927.55815974 127.612317817
1925.49701578 124.751016713
1923.43587183 123.537631513
1921.37472788 120.965426485
