# BEGINHEADER
# This file contains data from the SALSA 2m radio telescope.
# DATE=2020-05-13T08:41:48.0
# GLON and GLAT given in degrees
# GLON=172.733323586
# GLAT=-29.5910694763
# DATA in two columns below. Col. 1 is velocity relative to LSR [km/s]. Col. 2 is uncalibrated antenna temperature [K].
# ENDHEADER
2446.24771212 0.0480435939994
2444.18656817 73.0194870264
2442.12542422 120.494401256
2440.06428027 122.912412177
2438.00313632 124.606398007
2435.94199237 128.358315669
2433.88084842 133.171810256
2431.81970447 136.738328325
2429.75856052 144.232989833
2427.69741657 150.347481456
2425.63627262 156.92661008
2423.57512867 164.533396949
2421.51398472 171.384445778
2419.45284077 177.236545816
2417.39169682 187.682302493
2415.33055286 194.093579024
2413.26940891 202.453524625
2411.20826496 210.310583036
2409.14712101 216.470532467
2407.08597706 224.45469785
2405.02483311 230.335607232
2402.96368916 237.997264364
2400.90254521 244.937559005
2398.84140126 248.266809028
2396.78025731 253.819711317
2394.71911336 256.979851232
2392.65796941 261.47330936
2390.59682546 265.975460404
2388.53568151 268.832423915
2386.47453756 271.631312736
2384.41339361 274.469527653
2382.35224966 276.963683623
2380.2911057 279.078991717
2378.22996175 279.429907355
2376.1688178 282.352832395
2374.10767385 285.166635407
2372.0465299 282.185938042
2369.98538595 286.789752762
2367.924242 287.394522002
2365.86309805 289.343712013
2363.8019541 291.075653299
2361.74081015 292.708630663
2359.6796662 292.329330347
2357.61852225 291.9322658
2355.5573783 292.423143228
2353.49623435 295.991874229
2351.4350904 295.764216563
2349.37394645 298.374829593
2347.31280249 296.211192955
2345.25165854 296.494100045
2343.19051459 299.415440832
2341.12937064 302.103779406
2339.06822669 301.551431786
2337.00708274 300.094464064
2334.94593879 302.404744142
2332.88479484 300.593102632
2330.82365089 304.136242974
2328.76250694 304.667958478
2326.70136299 302.340040799
2324.64021904 306.400071338
2322.57907509 305.643506006
2320.51793114 306.652057473
2318.45678719 308.201177185
2316.39564324 309.96076048
2314.33449929 308.245308865
2312.27335533 308.075035088
2310.21221138 308.858658435
2308.15106743 307.635199082
2306.08992348 308.856087565
2304.02877953 307.951665222
2301.96763558 310.801219325
2299.90649163 311.227585108
2297.84534768 313.425727028
2295.78420373 310.827501045
2293.72305978 311.653331466
2291.66191583 312.261259524
2289.60077188 313.37384341
2287.53962793 317.692388126
2285.47848398 313.690211081
2283.41734003 313.947559636
2281.35619608 317.060005511
2279.29505213 316.02042596
2277.23390817 318.290773063
2275.17276422 316.872517188
2273.11162027 316.123036511
2271.05047632 317.091663838
2268.98933237 313.441603266
2266.92818842 315.169528979
2264.86704447 320.51235233
2262.80590052 317.015692207
2260.74475657 318.425012544
2258.68361262 318.734871137
2256.62246867 317.581815951
2254.56132472 314.418620566
2252.50018077 319.667207306
2250.43903682 319.906785373
2248.37789287 318.183325975
2246.31674892 317.3564074
2244.25560497 316.243390631
2242.19446101 319.12641146
2240.13331706 316.143889376
2238.07217311 320.758677956
2236.01102916 322.072814589
2233.94988521 321.538073536
2231.88874126 321.626917788
2229.82759731 319.996427997
2227.76645336 319.335878855
2225.70530941 319.803256657
2223.64416546 318.504546447
2221.58302151 319.014256275
2219.52187756 322.970539056
2217.46073361 318.875216004
2215.39958966 320.626226101
2213.33844571 321.390969173
2211.27730176 320.59619942
2209.2161578 320.324749386
2207.15501385 320.777242237
2205.0938699 322.021046072
2203.03272595 321.810471531
2200.971582 323.466293321
2198.91043805 322.801929412
2196.8492941 319.49672397
2194.78815015 324.622625778
2192.7270062 321.448727096
2190.66586225 322.064136766
2188.6047183 322.327947852
2186.54357435 324.530142481
2184.4824304 323.490320658
2182.42128645 321.375838608
2180.3601425 311.391134074
2178.29899855 319.213674708
2176.2378546 320.135007877
2174.17671064 319.456105429
2172.11556669 318.067050465
2170.05442274 320.316185323
2167.99327879 321.667582065
2165.93213484 321.547134111
2163.87099089 321.127861309
2161.80984694 325.984851521
2159.74870299 321.258932418
2157.68755904 320.344795391
2155.62641509 320.970173249
2153.56527114 320.623780753
2151.50412719 318.247976115
2149.44298324 321.854799858
2147.38183929 318.514370014
2145.32069534 318.605372935
2143.25955139 317.504843001
2141.19840744 319.757064754
2139.13726348 318.512726236
2137.07611953 318.098996859
2135.01497558 321.655434248
2132.95383163 320.705445481
2130.89268768 317.496436951
2128.83154373 319.71935512
2126.77039978 318.044853856
2124.70925583 316.762783132
2122.64811188 320.963113821
2120.58696793 318.065979346
2118.52582398 317.022850189
2116.46468003 317.395536754
2114.40353608 315.813255258
2112.34239213 315.484649708
2110.28124818 316.626527765
2108.22010423 316.081649908
2106.15896027 316.074464106
2104.09781632 317.724944832
2102.03667237 317.83479741
2099.97552842 316.511378135
2097.91438447 318.024624909
2095.85324052 316.27071593
2093.79209657 313.221326326
2091.73095262 314.743268125
2089.66980867 314.275969101
2087.60866472 315.780963604
2085.54752077 313.424013729
2083.48637682 313.385071158
2081.42523287 313.565238391
2079.36408892 311.605943065
2077.30294497 312.394807491
2075.24180102 311.150636061
2073.18065707 313.879418533
2071.11951311 309.639241911
2069.05836916 309.776647122
2066.99722521 309.7618696
2064.93608126 307.477244209
2062.87493731 304.570253519
2060.81379336 308.648573044
2058.75264941 309.995826306
2056.69150546 303.958176387
2054.63036151 303.519159231
2052.56921756 307.776129245
2050.50807361 305.006095745
2048.44692966 305.220050915
2046.38578571 305.947378654
2044.32464176 305.926939272
2042.26349781 301.619038547
2040.20235386 302.648271268
2038.14120991 298.103209439
2036.08006595 297.945366763
2034.018922 302.258460997
2031.95777805 301.433061115
2029.8966341 298.726110995
2027.83549015 299.79607269
2025.7743462 295.734917044
2023.71320225 296.287601332
2021.6520583 295.889253356
2019.59091435 294.851169138
2017.5297704 295.172726003
2015.46862645 291.882421098
2013.4074825 292.606198343
2011.34633855 292.879649771
2009.2851946 295.522320057
2007.22405065 290.714666197
2005.1629067 290.267898284
2003.10176274 287.202543991
2001.04061879 285.993179148
1998.97947484 288.673542482
1996.91833089 285.939206927
1994.85718694 285.333400233
1992.79604299 284.849944325
1990.73489904 278.833756967
1988.67375509 282.049919041
1986.61261114 280.963596441
1984.55146719 276.5671903
1982.49032324 277.326808698
1980.42917929 275.400429357
1978.36803534 273.705393411
1976.30689139 269.036524046
1974.24574744 266.781230358
1972.18460349 264.685398973
1970.12345954 258.792247893
1968.06231558 254.604721656
1966.00117163 253.798673029
1963.94002768 247.133339225
1961.87888373 244.626323769
1959.81773978 239.350121286
1957.75659583 230.520238154
1955.69545188 223.781974883
1953.63430793 219.395450568
1951.57316398 214.695253015
1949.51202003 204.756280823
1947.45087608 197.081590214
1945.38973213 189.884021938
1943.32858818 181.980447981
1941.26744423 176.130876382
1939.20630028 167.202898496
1937.14515633 161.396819126
1935.08401238 153.655687139
1933.02286842 146.401956956
1930.96172447 142.025678683
1928.90058052 135.502573492
1926.83943657 131.595385547
1924.77829262 127.411678441
1922.71714867 123.540698162
1920.65600472 121.411691711
