# BEGINHEADER
# This file contains data from the SALSA 2m radio telescope.
# DATE=2020-05-13T08:45:50.0
# GLON and GLAT given in degrees
# GLON=178.184133741
# GLAT=-31.6300039831
# DATA in two columns below. Col. 1 is velocity relative to LSR [km/s]. Col. 2 is uncalibrated antenna temperature [K].
# ENDHEADER
2444.54471261 0.0459091830027
2442.48356866 70.125791552
2440.42242471 115.923218912
2438.36128076 117.925859922
2436.30013681 120.75580956
2434.23899286 124.234050638
2432.17784891 127.928985869
2430.11670496 133.422723105
2428.05556101 138.219589499
2425.99441706 145.509517537
2423.93327311 152.370921868
2421.87212916 157.240032937
2419.8109852 164.988382459
2417.74984125 172.59825713
2415.6886973 180.260358317
2413.62755335 186.590626376
2411.5664094 195.387727296
2409.50526545 203.786666275
2407.4441215 207.938257014
2405.38297755 215.226486362
2403.3218336 222.57303439
2401.26068965 228.568822902
2399.1995457 236.602169235
2397.13840175 239.806623287
2395.0772578 245.367374199
2393.01611385 248.70808884
2390.9549699 255.159964838
2388.89382595 256.847069522
2386.832682 260.086100618
2384.77153804 263.946460827
2382.71039409 267.372221275
2380.64925014 268.600419258
2378.58810619 270.354926584
2376.52696224 273.851890074
2374.46581829 272.146038201
2372.40467434 273.646524434
2370.34353039 273.689273295
2368.28238644 281.305519405
2366.22124249 280.284273144
2364.16009854 280.465011245
2362.09895459 281.087310985
2360.03781064 283.146456343
2357.97666669 285.018364064
2355.91552274 282.998910308
2353.85437879 282.511477351
2351.79323483 284.372411259
2349.73209088 285.438162387
2347.67094693 286.290333484
2345.60980298 288.610385255
2343.54865903 290.591331028
2341.48751508 290.363834612
2339.42637113 289.67843157
2337.36522718 292.670874617
2335.30408323 295.656943085
2333.24293928 290.132134582
2331.18179533 292.547460513
2329.12065138 292.500242546
2327.05950743 294.012265305
2324.99836348 296.858947777
2322.93721953 296.551406806
2320.87607558 294.557918467
2318.81493163 296.554894983
2316.75378767 295.904786805
2314.69264372 299.099330123
2312.63149977 298.749039308
2310.57035582 300.528955573
2308.50921187 297.01649688
2306.44806792 299.794609951
2304.38692397 298.542316781
2302.32578002 298.115488201
2300.26463607 299.572084961
2298.20349212 302.91466823
2296.14234817 302.443866993
2294.08120422 300.441974075
2292.02006027 300.51645044
2289.95891632 301.054887949
2287.89777237 302.733830475
2285.83662842 301.435649881
2283.77548447 302.49304205
2281.71434051 303.445397133
2279.65319656 302.272504811
2277.59205261 305.350388469
2275.53090866 308.233272436
2273.46976471 306.350093224
2271.40862076 306.836587942
2269.34747681 306.49739011
2267.28633286 306.654047756
2265.22518891 306.675405051
2263.16404496 306.078111708
2261.10290101 307.984229254
2259.04175706 306.497849717
2256.98061311 304.91191356
2254.91946916 306.380364721
2252.85832521 305.812602653
2250.79718126 305.239161393
2248.73603731 307.798040396
2246.67489335 305.396310186
2244.6137494 309.361582452
2242.55260545 310.772587122
2240.4914615 308.883288038
2238.43031755 309.904714833
2236.3691736 309.037257313
2234.30802965 307.39925992
2232.2468857 309.924799275
2230.18574175 310.161098181
2228.1245978 309.7009757
2226.06345385 306.74677923
2224.0023099 311.096634981
2221.94116595 309.177692726
2219.880022 312.202179881
2217.81887805 310.157998134
2215.7577341 309.37372466
2213.69659014 309.371231159
2211.63544619 310.602212726
2209.57430224 308.102287164
2207.51315829 310.693408171
2205.45201434 308.652564076
2203.39087039 308.301113454
2201.32972644 309.975121813
2199.26858249 311.492149061
2197.20743854 312.307398995
2195.14629459 310.379449836
2193.08515064 310.364461121
2191.02400669 312.513982104
2188.96286274 308.508647888
2186.90171879 310.739641266
2184.84057484 308.352114063
2182.77943089 310.555317089
2180.71828694 309.779789252
2178.65714298 297.222132088
2176.59599903 310.024887504
2174.53485508 309.907678771
2172.47371113 310.100791175
2170.41256718 310.518311798
2168.35142323 309.337540026
2166.29027928 310.108221278
2164.22913533 310.553804892
2162.16799138 311.633466234
2160.10684743 313.383093115
2158.04570348 308.577497193
2155.98455953 310.636457523
2153.92341558 309.067596494
2151.86227163 308.534142946
2149.80112768 309.104995784
2147.73998373 308.580092009
2145.67883978 309.02918599
2143.61769582 308.822244964
2141.55655187 310.7040381
2139.49540792 308.507395718
2137.43426397 305.668653949
2135.37312002 304.254360418
2133.31197607 306.636689063
2131.25083212 307.371127986
2129.18968817 305.777696139
2127.12854422 305.5442586
2125.06740027 308.748895841
2123.00625632 310.354202763
2120.94511237 307.226619213
2118.88396842 305.045284802
2116.82282447 303.930427988
2114.76168052 306.084618416
2112.70053657 306.903973132
2110.63939261 302.347595071
2108.57824866 302.626130575
2106.51710471 304.592395265
2104.45596076 303.992556486
2102.39481681 303.333896096
2100.33367286 302.474988663
2098.27252891 303.869366589
2096.21138496 306.208386701
2094.15024101 305.0883189
2092.08909706 304.896909107
2090.02795311 298.65497684
2087.96680916 298.765425455
2085.90566521 299.151160332
2083.84452126 300.430789763
2081.78337731 297.749675162
2079.72223336 300.821164768
2077.66108941 298.231573863
2075.59994545 300.094098451
2073.5388015 298.781982775
2071.47765755 297.654524745
2069.4165136 298.414971906
2067.35536965 297.441621547
2065.2942257 297.560436781
2063.23308175 298.965271352
2061.1719378 297.853955566
2059.11079385 296.064872533
2057.0496499 295.287790685
2054.98850595 294.465796498
2052.927362 299.175879068
2050.86621805 292.126246815
2048.8050741 292.21679748
2046.74393015 296.475568696
2044.6827862 294.506882345
2042.62164225 295.17427738
2040.56049829 290.807164766
2038.49935434 292.83832309
2036.43821039 292.15827878
2034.37706644 289.879906719
2032.31592249 293.13597436
2030.25477854 289.259209623
2028.19363459 287.0370989
2026.13249064 287.499048916
2024.07134669 288.982428595
2022.01020274 285.754322124
2019.94905879 283.750123168
2017.88791484 284.485855052
2015.82677089 283.326419257
2013.76562694 285.353497402
2011.70448299 280.394190461
2009.64333904 280.580470631
2007.58219508 283.621082055
2005.52105113 280.083690103
2003.45990718 277.509011056
2001.39876323 278.291638985
1999.33761928 275.23987088
1997.27647533 274.678775109
1995.21533138 276.263422571
1993.15418743 278.132410196
1991.09304348 274.677748919
1989.03189953 273.189641105
1986.97075558 272.568491342
1984.90961163 271.301161931
1982.84846768 267.394565835
1980.78732373 264.933138041
1978.72617978 263.575588524
1976.66503583 263.198208677
1974.60389188 260.097077069
1972.54274792 258.388200961
1970.48160397 255.527885349
1968.42046002 251.714397813
1966.35931607 248.028467273
1964.29817212 242.637465955
1962.23702817 238.401074364
1960.17588422 233.404848353
1958.11474027 229.212414135
1956.05359632 221.693045347
1953.99245237 216.260947059
1951.93130842 210.116039872
1949.87016447 202.646355245
1947.80902052 197.718422309
1945.74787657 191.197464807
1943.68673262 185.03173169
1941.62558867 176.972648078
1939.56444472 170.14173492
1937.50330076 160.760251272
1935.44215681 154.457939196
1933.38101286 148.417539252
1931.31986891 141.308573176
1929.25872496 135.245872691
1927.19758101 130.151301423
1925.13643706 126.477840231
1923.07529311 122.173845999
1921.01414916 119.616469238
1918.95300521 117.674042246
