# BEGINHEADER
# This file contains data from the SALSA 2m radio telescope.
# DATE=2020-05-13T08:33:02.0
# GLON and GLAT given in degrees
# GLON=162.856454726
# GLAT=-23.8715326902
# DATA in two columns below. Col. 1 is velocity relative to LSR [km/s]. Col. 2 is uncalibrated antenna temperature [K].
# ENDHEADER
2449.43261182 0.046483776371
2447.37146787 70.7025148136
2445.31032392 117.617029177
2443.24917997 118.568781278
2441.18803602 121.811776286
2439.12689207 124.415021972
2437.06574812 129.240943076
2435.00460417 134.750932722
2432.94346022 138.998282779
2430.88231627 144.586122989
2428.82117232 153.325459843
2426.76002837 159.761738936
2424.69888442 166.405381728
2422.63774047 173.237459864
2420.57659651 182.137630125
2418.51545256 187.928781291
2416.45430861 195.417766835
2414.39316466 204.082848209
2412.33202071 209.320858748
2410.27087676 216.566291391
2408.20973281 224.304275915
2406.14858886 232.875344655
2404.08744491 237.408466908
2402.02630096 240.683502046
2399.96515701 247.603142781
2397.90401306 249.652455453
2395.84286911 251.80041544
2393.78172516 257.377773322
2391.72058121 261.183116967
2389.65943726 263.921548318
2387.5982933 266.049669056
2385.53714935 269.982353749
2383.4760054 270.959653826
2381.41486145 277.857037113
2379.3537175 275.363648846
2377.29257355 277.798128551
2375.2314296 276.643906073
2373.17028565 280.400011449
2371.1091417 283.304092772
2369.04799775 284.106396972
2366.9868538 281.239967562
2364.92570985 281.496020153
2362.8645659 285.546300108
2360.80342195 287.715882937
2358.742278 285.790798184
2356.68113405 285.010069222
2354.6199901 288.407817883
2352.55884614 288.397944354
2350.49770219 289.172548321
2348.43655824 287.095088159
2346.37541429 290.339481844
2344.31427034 291.874695049
2342.25312639 291.236379137
2340.19198244 293.661190658
2338.13083849 291.852596614
2336.06969454 293.902505654
2334.00855059 292.544201229
2331.94740664 292.270244276
2329.88626269 293.874046025
2327.82511874 293.736605686
2325.76397479 299.070045104
2323.70283084 297.145666234
2321.64168689 298.338823278
2319.58054294 296.80213126
2317.51939898 294.375032508
2315.45825503 298.842478311
2313.39711108 299.912119876
2311.33596713 299.853715939
2309.27482318 300.97502181
2307.21367923 300.903631877
2305.15253528 302.259885471
2303.09139133 302.893666365
2301.03024738 302.265774102
2298.96910343 300.595219839
2296.90795948 302.373412875
2294.84681553 303.154300498
2292.78567158 304.616051154
2290.72452763 304.385235698
2288.66338368 304.212717834
2286.60223973 304.356481522
2284.54109577 304.915685892
2282.47995182 304.364370055
2280.41880787 305.130381585
2278.35766392 304.648221419
2276.29651997 307.249665956
2274.23537602 308.453333021
2272.17423207 307.786936944
2270.11308812 307.594751084
2268.05194417 309.364605856
2265.99080022 310.693297782
2263.92965627 307.192572951
2261.86851232 308.984459481
2259.80736837 307.303608509
2257.74622442 310.054989064
2255.68508047 309.119508492
2253.62393652 311.006619102
2251.56279257 305.401089959
2249.50164861 305.421846879
2247.44050466 309.590534627
2245.37936071 310.83193787
2243.31821676 307.40891378
2241.25707281 309.075924352
2239.19592886 307.799985543
2237.13478491 309.554507855
2235.07364096 310.98536659
2233.01249701 310.618378395
2230.95135306 308.705373786
2228.89020911 311.548002516
2226.82906516 308.034753404
2224.76792121 310.459768754
2222.70677726 312.107952118
2220.64563331 311.658563292
2218.58448936 310.782300007
2216.52334541 309.610448723
2214.46220145 310.593129621
2212.4010575 311.14753566
2210.33991355 312.328789697
2208.2787696 312.55725284
2206.21762565 313.931012493
2204.1564817 311.108508775
2202.09533775 312.255973742
2200.0341938 310.407540026
2197.97304985 313.374780383
2195.9119059 310.44795759
2193.85076195 314.524673064
2191.789618 312.37906472
2189.72847405 309.852608095
2187.6673301 312.569015742
2185.60618615 312.953151471
2183.5450422 299.427805128
2181.48389825 310.845405551
2179.42275429 310.205287712
2177.36161034 311.462857897
2175.30046639 309.986467366
2173.23932244 313.477126642
2171.17817849 310.288013934
2169.11703454 310.654543433
2167.05589059 307.796383592
2164.99474664 309.534960693
2162.93360269 312.044421952
2160.87245874 309.288336131
2158.81131479 309.227153601
2156.75017084 306.930115631
2154.68902689 308.458466782
2152.62788294 311.66309783
2150.56673899 311.809498967
2148.50559504 310.305066907
2146.44445108 308.482968403
2144.38330713 309.995036265
2142.32216318 310.320179638
2140.26101923 308.594189056
2138.19987528 309.524655554
2136.13873133 306.02236027
2134.07758738 307.271941048
2132.01644343 307.564690517
2129.95529948 307.461091004
2127.89415553 307.87161824
2125.83301158 305.600319989
2123.77186763 305.113766535
2121.71072368 308.093425354
2119.64957973 307.542322262
2117.58843578 308.226008385
2115.52729183 305.846208082
2113.46614788 310.177937495
2111.40500392 308.165948052
2109.34385997 304.523219167
2107.28271602 307.382852095
2105.22157207 303.873789517
2103.16042812 302.308021793
2101.09928417 304.059047892
2099.03814022 305.391150757
2096.97699627 303.920451402
2094.91585232 302.013023655
2092.85470837 302.385754262
2090.79356442 303.227397477
2088.73242047 301.184607907
2086.67127652 304.050834567
2084.61013257 299.47944903
2082.54898862 302.395111512
2080.48784467 299.963343298
2078.42670072 300.149551804
2076.36555676 302.134896262
2074.30441281 299.649647905
2072.24326886 301.591728061
2070.18212491 298.176641052
2068.12098096 300.742564085
2066.05983701 298.932282272
2063.99869306 299.330459474
2061.93754911 298.001558755
2059.87640516 296.775212239
2057.81526121 297.816529962
2055.75411726 295.382666337
2053.69297331 296.058524204
2051.63182936 294.478122794
2049.57068541 294.532482395
2047.50954146 292.374193945
2045.44839751 293.612564448
2043.38725355 290.582242089
2041.3261096 292.780823956
2039.26496565 290.998756577
2037.2038217 288.76631146
2035.14267775 288.950400068
2033.0815338 287.881291001
2031.02038985 287.039544908
2028.9592459 289.134935458
2026.89810195 285.316305817
2024.836958 287.832053922
2022.77581405 285.96867466
2020.7146701 285.237069422
2018.65352615 281.787991102
2016.5923822 283.57920708
2014.53123825 280.864916457
2012.4700943 283.222620338
2010.40895035 282.399813338
2008.34780639 280.28203907
2006.28666244 278.323508048
2004.22551849 281.492570984
2002.16437454 276.71100133
2000.10323059 277.104883219
1998.04208664 277.917226409
1995.98094269 273.910546916
1993.91979874 272.340480492
1991.85865479 271.268735963
1989.79751084 271.029750797
1987.73636689 270.685392697
1985.67522294 269.522014721
1983.61407899 266.557669921
1981.55293504 261.941061478
1979.49179109 260.797854581
1977.43064714 257.535649098
1975.36950319 255.881385019
1973.30835923 251.86712867
1971.24721528 249.091356807
1969.18607133 245.988969011
1967.12492738 240.64345627
1965.06378343 233.563372804
1963.00263948 229.495410014
1960.94149553 226.425767666
1958.88035158 218.74900627
1956.81920763 212.109036133
1954.75806368 206.777393083
1952.69691973 198.00545108
1950.63577578 193.00414829
1948.57463183 182.90765828
1946.51348788 175.12600079
1944.45234393 168.531527801
1942.39119998 162.903938356
1940.33005602 155.324943353
1938.26891207 149.301766335
1936.20776812 142.22224378
1934.14662417 136.085930011
1932.08548022 131.351399033
1930.02433627 127.19570342
1927.96319232 123.556976495
1925.90204837 120.5786443
1923.84090442 118.22703829
