# BEGINHEADER
# This file contains data from the SALSA 2m radio telescope.
# DATE=2020-05-13T08:37:42.0
# GLON and GLAT given in degrees
# GLON=167.219475637
# GLAT=-27.9967824619
# DATA in two columns below. Col. 1 is velocity relative to LSR [km/s]. Col. 2 is uncalibrated antenna temperature [K].
# ENDHEADER
2448.45026078 0.0570929639159
2446.38911682 87.2338894601
2444.32797287 142.825398757
2442.26682892 145.849020681
2440.20568497 149.699672542
2438.14454102 153.587709629
2436.08339707 157.795829178
2434.02225312 165.193375713
2431.96110917 171.882345067
2429.89996522 178.596146888
2427.83882127 188.570098353
2425.77767732 196.069810052
2423.71653337 205.30032692
2421.65538942 214.638122643
2419.59424547 223.350305218
2417.53310152 233.433167095
2415.47195757 241.335062329
2413.41081362 249.43754871
2411.34966966 257.791607264
2409.28852571 268.109800942
2407.22738176 275.059275515
2405.16623781 282.405811043
2403.10509386 291.596102301
2401.04394991 295.387413787
2398.98280596 302.740101582
2396.92166201 308.768333161
2394.86051806 312.468145278
2392.79937411 319.191819272
2390.73823016 324.077214375
2388.67708621 324.160791383
2386.61594226 330.690142198
2384.55479831 330.61973043
2382.49365436 336.447210669
2380.43251041 337.56646511
2378.37136646 337.855826549
2376.3102225 340.88098038
2374.24907855 343.547657429
2372.1879346 346.146250803
2370.12679065 344.187966582
2368.0656467 345.906564081
2366.00450275 350.328867054
2363.9433588 351.108406211
2361.88221485 351.063178643
2359.8210709 347.082526216
2357.75992695 351.43687021
2355.698783 352.768196748
2353.63763905 353.133488004
2351.5764951 354.395713746
2349.51535115 356.231557538
2347.4542072 355.535471155
2345.39306325 356.21405345
2343.33191929 362.555624225
2341.27077534 363.812774332
2339.20963139 359.771278336
2337.14848744 357.335419324
2335.08734349 361.034653257
2333.02619954 363.763518039
2330.96505559 362.932129189
2328.90391164 366.43220593
2326.84276769 367.320036596
2324.78162374 365.695526795
2322.72047979 365.039687247
2320.65933584 365.735353654
2318.59819189 367.498028536
2316.53704794 365.195099356
2314.47590399 367.406105455
2312.41476004 371.517591605
2310.35361609 370.05557671
2308.29247213 370.343862181
2306.23132818 371.766759242
2304.17018423 371.172787531
2302.10904028 370.496062349
2300.04789633 373.991117819
2297.98675238 374.889913496
2295.92560843 372.904310156
2293.86446448 371.51212527
2291.80332053 378.528085168
2289.74217658 371.013293343
2287.68103263 374.085719073
2285.61988868 377.115381499
2283.55874473 374.252344223
2281.49760078 377.764072504
2279.43645683 374.939736057
2277.37531288 373.832630332
2275.31416893 376.731991337
2273.25302497 376.690873189
2271.19188102 374.813781661
2269.13073707 377.761009218
2267.06959312 380.402967609
2265.00844917 379.143884147
2262.94730522 378.621935339
2260.88616127 380.863107636
2258.82501732 381.449910176
2256.76387337 382.79951961
2254.70272942 382.203462899
2252.64158547 381.421114628
2250.58044152 381.784005987
2248.51929757 381.284206906
2246.45815362 380.966978171
2244.39700967 380.914404796
2242.33586572 380.31205391
2240.27472176 382.194500551
2238.21357781 382.276400829
2236.15243386 380.533187883
2234.09128991 381.588221136
2232.03014596 382.36165804
2229.96900201 383.436833064
2227.90785806 379.018032484
2225.84671411 382.189797129
2223.78557016 380.143322608
2221.72442621 378.837766904
2219.66328226 381.347046376
2217.60213831 382.932969559
2215.54099436 384.450104001
2213.47985041 382.442183766
2211.41870646 384.378400675
2209.35756251 385.181601145
2207.29641856 385.57200394
2205.2352746 383.351637811
2203.17413065 385.365428146
2201.1129867 387.256184343
2199.05184275 382.454262337
2196.9906988 382.379565677
2194.92955485 386.122416777
2192.8684109 385.728298417
2190.80726695 385.58019352
2188.746123 385.576449636
2186.68497905 384.170869358
2184.6238351 381.34504945
2182.56269115 372.533417134
2180.5015472 386.92376232
2178.44040325 385.450834254
2176.3792593 386.79992554
2174.31811535 382.305744752
2172.2569714 382.16507185
2170.19582744 381.788741275
2168.13468349 382.691375105
2166.07353954 380.82558295
2164.01239559 383.182930828
2161.95125164 383.026742278
2159.89010769 386.035479781
2157.82896374 385.108547789
2155.76781979 382.603275411
2153.70667584 381.269284825
2151.64553189 381.477737013
2149.58438794 382.552036679
2147.52324399 382.283768708
2145.46210004 380.636326873
2143.40095609 379.25673849
2141.33981214 380.443145972
2139.27866819 381.76042711
2137.21752424 381.110195323
2135.15638028 380.517531576
2133.09523633 380.398515641
2131.03409238 378.779656171
2128.97294843 378.046859789
2126.91180448 377.734825807
2124.85066053 378.74029668
2122.78951658 383.668843632
2120.72837263 379.139242559
2118.66722868 380.852507116
2116.60608473 377.961450004
2114.54494078 379.425181931
2112.48379683 376.487157741
2110.42265288 376.864652058
2108.36150893 378.147286092
2106.30036498 374.699331535
2104.23922103 375.312849024
2102.17807707 374.25325761
2100.11693312 377.035736645
2098.05578917 373.564079514
2095.99464522 371.566128199
2093.93350127 373.086319456
2091.87235732 375.059623
2089.81121337 374.750137615
2087.75006942 371.448700566
2085.68892547 374.860955673
2083.62778152 377.71708091
2081.56663757 373.71059641
2079.50549362 371.609243045
2077.44434967 371.239228451
2075.38320572 369.679715115
2073.32206177 367.571262997
2071.26091782 367.321474706
2069.19977387 368.437474004
2067.13862991 366.960874017
2065.07748596 366.313520743
2063.01634201 362.970313016
2060.95519806 367.167289483
2058.89405411 364.204042428
2056.83291016 366.659925568
2054.77176621 365.289583765
2052.71062226 361.150428962
2050.64947831 363.843831618
2048.58833436 364.719755809
2046.52719041 361.374952336
2044.46604646 360.683223177
2042.40490251 362.602503406
2040.34375856 359.793015398
2038.28261461 357.081028862
2036.22147066 358.614952479
2034.16032671 359.245206909
2032.09918275 355.848416163
2030.0380388 354.697102528
2027.97689485 357.837653671
2025.9157509 354.85573907
2023.85460695 349.259420862
2021.793463 354.14445256
2019.73231905 354.905753226
2017.6711751 349.594530419
2015.61003115 348.245949795
2013.5488872 348.156526862
2011.48774325 346.904532689
2009.4265993 347.839365944
2007.36545535 346.801325391
2005.3043114 345.408184274
2003.24316745 344.469280788
2001.1820235 342.918350901
1999.12087954 339.638536044
1997.05973559 336.557108913
1994.99859164 338.380387335
1992.93744769 338.149773716
1990.87630374 336.94743138
1988.81515979 334.826071372
1986.75401584 330.759790914
1984.69287189 328.75064306
1982.63172794 325.681236742
1980.57058399 328.260127439
1978.50944004 323.812179328
1976.44829609 317.338289771
1974.38715214 314.782162905
1972.32600819 309.634776089
1970.26486424 304.074587554
1968.20372029 302.069362338
1966.14257634 295.569762155
1964.08143238 288.958040818
1962.02028843 285.006188567
1959.95914448 278.212501152
1957.89800053 266.630694133
1955.83685658 260.855785025
1953.77571263 252.832428806
1951.71456868 240.842804798
1949.65342473 233.804465493
1947.59228078 225.852722075
1945.53113683 218.292431875
1943.46999288 208.296946096
1941.40884893 198.88666385
1939.34770498 190.106390655
1937.28656103 182.047105815
1935.22541708 175.477231076
1933.16427313 167.042455781
1931.10312918 160.407719426
1929.04198522 155.240803237
1926.98084127 151.707931683
1924.91969732 147.067095339
1922.85855337 143.964629859
