# BEGINHEADER
# This file contains data from the SALSA 2m radio telescope.
# DATE=2020-05-13T08:30:22.0
# GLON and GLAT given in degrees
# GLON=156.803908136
# GLAT=-24.5050153097
# DATA in two columns below. Col. 1 is velocity relative to LSR [km/s]. Col. 2 is uncalibrated antenna temperature [K].
# ENDHEADER
2453.1479444 0.0475496767865
2451.08680045 72.8468002134
2449.0256565 118.487219136
2446.96451255 119.668818381
2444.9033686 121.328336969
2442.84222465 125.732579778
2440.7810807 130.073277361
2438.71993675 135.009433525
2436.6587928 140.310987555
2434.59764885 146.387113409
2432.53650489 152.742530475
2430.47536094 159.586298778
2428.41421699 167.085310338
2426.35307304 176.152261864
2424.29192909 181.944180486
2422.23078514 190.275900636
2420.16964119 197.728651823
2418.10849724 205.300601445
2416.04735329 213.608091594
2413.98620934 219.782866369
2411.92506539 225.544052736
2409.86392144 233.265253406
2407.80277749 237.530225817
2405.74163354 242.388415015
2403.68048959 249.2141538
2401.61934564 252.273198923
2399.55820169 258.019382421
2397.49705773 259.64346743
2395.43591378 260.135307874
2393.37476983 265.676482215
2391.31362588 271.914470155
2389.25248193 270.524170105
2387.19133798 271.405712323
2385.13019403 277.055277371
2383.06905008 276.041010965
2381.00790613 279.832449322
2378.94676218 280.005390167
2376.88561823 278.789510153
2374.82447428 282.438836272
2372.76333033 283.956220299
2370.70218638 285.348103933
2368.64104243 284.111762028
2366.57989848 287.512806499
2364.51875452 283.633511542
2362.45761057 287.912369028
2360.39646662 288.139610581
2358.33532267 285.789006303
2356.27417872 289.627124357
2354.21303477 289.357552921
2352.15189082 293.781182779
2350.09074687 292.18160382
2348.02960292 291.820572443
2345.96845897 292.025423788
2343.90731502 296.404014146
2341.84617107 296.306828077
2339.78502712 297.700627148
2337.72388317 297.161112346
2335.66273922 297.583435296
2333.60159527 298.332998362
2331.54045132 299.208565426
2329.47930736 300.547472343
2327.41816341 297.577163372
2325.35701946 302.015017129
2323.29587551 303.301209042
2321.23473156 301.262330527
2319.17358761 301.464579296
2317.11244366 301.63971124
2315.05129971 303.213375284
2312.99015576 304.29946605
2310.92901181 306.221505909
2308.86786786 303.101905063
2306.80672391 306.325058059
2304.74557996 303.214645363
2302.68443601 306.444729089
2300.62329206 306.748067385
2298.56214811 308.657434741
2296.50100416 308.360786047
2294.4398602 305.302968019
2292.37871625 306.950092424
2290.3175723 306.535771978
2288.25642835 307.846477327
2286.1952844 307.740320796
2284.13414045 309.211852757
2282.0729965 306.334115477
2280.01185255 308.276683839
2277.9507086 310.005390258
2275.88956465 307.725122674
2273.8284207 308.077099102
2271.76727675 309.359678914
2269.7061328 310.391017137
2267.64498885 311.234101819
2265.5838449 308.727660317
2263.52270095 311.508158521
2261.461557 311.765549682
2259.40041304 308.72128085
2257.33926909 310.014076392
2255.27812514 311.406073054
2253.21698119 312.118108307
2251.15583724 310.776500838
2249.09469329 313.037139906
2247.03354934 314.805913176
2244.97240539 313.42882964
2242.91126144 311.7238911
2240.85011749 313.26963706
2238.78897354 310.588335837
2236.72782959 309.397073
2234.66668564 315.489691136
2232.60554169 315.157148555
2230.54439774 313.546258845
2228.48325379 312.740586745
2226.42210983 311.763471758
2224.36096588 312.629839811
2222.29982193 315.12119308
2220.23867798 314.840040727
2218.17753403 313.223131894
2216.11639008 311.063678617
2214.05524613 313.757855233
2211.99410218 314.741861517
2209.93295823 313.790019823
2207.87181428 315.943984329
2205.81067033 313.641577697
2203.74952638 311.762794678
2201.68838243 316.33008874
2199.62723848 313.26178519
2197.56609453 315.040705431
2195.50495058 314.69267048
2193.44380663 310.449110095
2191.38266267 316.812134606
2189.32151872 311.886119337
2187.26037477 301.040343444
2185.19923082 313.135512861
2183.13808687 315.263441381
2181.07694292 318.512531464
2179.01579897 315.541903394
2176.95465502 313.153643082
2174.89351107 314.569633838
2172.83236712 312.858692444
2170.77122317 311.450129541
2168.71007922 312.644924349
2166.64893527 312.880832971
2164.58779132 314.511801413
2162.52664737 311.325346755
2160.46550342 315.094580165
2158.40435947 312.664717954
2156.34321551 314.557142543
2154.28207156 313.765822523
2152.22092761 309.223228253
2150.15978366 313.79099416
2148.09863971 314.426070086
2146.03749576 309.089935622
2143.97635181 307.878946938
2141.91520786 311.844786067
2139.85406391 308.941123404
2137.79291996 310.787581328
2135.73177601 311.576458207
2133.67063206 308.63920683
2131.60948811 309.832293376
2129.54834416 306.852661807
2127.48720021 310.579199294
2125.42605626 309.133854146
2123.3649123 310.238816024
2121.30376835 309.735312976
2119.2426244 310.59524691
2117.18148045 308.46140687
2115.1203365 308.401880328
2113.05919255 305.559095951
2110.9980486 307.714564995
2108.93690465 308.675707894
2106.8757607 308.895378253
2104.81461675 305.697114605
2102.7534728 305.957941318
2100.69232885 306.331516034
2098.6311849 306.655297898
2096.57004095 306.696804085
2094.508897 306.395540653
2092.44775305 304.744241766
2090.3866091 303.111122847
2088.32546514 304.373323353
2086.26432119 299.370263488
2084.20317724 302.556615831
2082.14203329 304.502897951
2080.08088934 303.153359167
2078.01974539 303.265121608
2075.95860144 300.964192818
2073.89745749 301.047363019
2071.83631354 298.310617897
2069.77516959 300.3389721
2067.71402564 299.465520208
2065.65288169 297.764150244
2063.59173774 302.294697073
2061.53059379 297.566639354
2059.46944984 296.653443555
2057.40830589 296.859924373
2055.34716194 298.962018349
2053.28601798 296.88293773
2051.22487403 294.681064079
2049.16373008 294.924475749
2047.10258613 294.390296549
2045.04144218 291.207708161
2042.98029823 295.619593063
2040.91915428 292.629797574
2038.85801033 290.31897123
2036.79686638 291.792623965
2034.73572243 288.98955978
2032.67457848 290.323547916
2030.61343453 288.954607284
2028.55229058 287.871321585
2026.49114663 288.980732428
2024.43000268 287.87317553
2022.36885873 287.893202888
2020.30771478 287.910725792
2018.24657082 286.612963676
2016.18542687 286.895742936
2014.12428292 285.696198601
2012.06313897 282.681563006
2010.00199502 282.302922383
2007.94085107 281.647634852
2005.87970712 278.117278734
2003.81856317 279.221397654
2001.75741922 277.230804137
1999.69627527 275.685814856
1997.63513132 274.2836165
1995.57398737 276.514044956
1993.51284342 276.779005714
1991.45169947 271.447019997
1989.39055552 270.613053202
1987.32941157 270.17124671
1985.26826761 267.116214738
1983.20712366 266.27518896
1981.14597971 260.636753709
1979.08483576 257.718557698
1977.02369181 254.271498507
1974.96254786 250.159069867
1972.90140391 247.357131599
1970.84025996 242.6588443
1968.77911601 237.731753377
1966.71797206 232.950801341
1964.65682811 227.256575765
1962.59568416 220.686360267
1960.53454021 213.693349524
1958.47339626 207.798499388
1956.41225231 201.984802088
1954.35110836 193.214606788
1952.28996441 186.5275551
1950.22882045 178.118754203
1948.1676765 171.87031519
1946.10653255 163.744144298
1944.0453886 157.54959227
1941.98424465 150.18930422
1939.9231007 142.721153942
1937.86195675 137.647921687
1935.8008128 132.75489857
1933.73966885 127.890911776
1931.6785249 124.442959359
1929.61738095 120.426300741
1927.556237 118.338852881
