# BEGINHEADER
# This file contains data from the SALSA 2m radio telescope.
# DATE=2020-05-13T08:37:02.0
# GLON and GLAT given in degrees
# GLON=168.179260692
# GLAT=-25.4962344928
# DATA in two columns below. Col. 1 is velocity relative to LSR [km/s]. Col. 2 is uncalibrated antenna temperature [K].
# ENDHEADER
2447.04717097 0.047847487069
2444.98602702 72.4210197896
2442.92488307 118.308201622
2440.86373912 121.07566704
2438.80259517 122.575113756
2436.74145122 126.465955076
2434.68030727 130.310467993
2432.61916331 134.646292412
2430.55801936 141.169582471
2428.49687541 147.455745535
2426.43573146 154.39490947
2424.37458751 161.072471178
2422.31344356 168.853782042
2420.25229961 174.85607282
2418.19115566 185.012053602
2416.13001171 190.261482773
2414.06886776 198.931567562
2412.00772381 205.374930107
2409.94657986 214.416240115
2407.88543591 219.479740276
2405.82429196 225.749630914
2403.76314801 232.431265302
2401.70200406 238.504472785
2399.64086011 245.804798168
2397.57971615 249.239739024
2395.5185722 257.054611035
2393.45742825 257.78170103
2391.3962843 262.07124324
2389.33514035 261.644839769
2387.2739964 267.587639765
2385.21285245 271.581739371
2383.1517085 275.742991792
2381.09056455 274.248010607
2379.0294206 279.686062544
2376.96827665 282.106883439
2374.9071327 281.005933889
2372.84598875 284.755986639
2370.7848448 284.719581953
2368.72370085 285.440979333
2366.6625569 284.517629737
2364.60141294 284.206190277
2362.54026899 287.437777226
2360.47912504 286.62256874
2358.41798109 291.079614253
2356.35683714 289.967131081
2354.29569319 289.552241672
2352.23454924 293.49303882
2350.17340529 291.562688937
2348.11226134 293.794735533
2346.05111739 292.482507766
2343.98997344 296.321778544
2341.92882949 294.688217882
2339.86768554 295.903791604
2337.80654159 294.659123567
2335.74539764 295.085158361
2333.68425369 299.184872436
2331.62310974 298.0752008
2329.56196578 301.748599335
2327.50082183 303.235612417
2325.43967788 303.153504695
2323.37853393 299.879878984
2321.31738998 301.918464028
2319.25624603 302.075698746
2317.19510208 303.087631756
2315.13395813 304.690779272
2313.07281418 304.260341677
2311.01167023 304.632030955
2308.95052628 303.025154527
2306.88938233 303.9487551
2304.82823838 304.63484547
2302.76709443 305.773619738
2300.70595048 305.58158495
2298.64480653 305.607884169
2296.58366258 305.301435375
2294.52251862 306.92533942
2292.46137467 309.42047135
2290.40023072 308.46711922
2288.33908677 304.893852682
2286.27794282 306.850708495
2284.21679887 307.483639566
2282.15565492 307.989154563
2280.09451097 312.02197185
2278.03336702 309.980349985
2275.97222307 311.337803404
2273.91107912 309.48940646
2271.84993517 308.495200721
2269.78879122 313.990961272
2267.72764727 310.4168217
2265.66650332 308.784611592
2263.60535937 311.476176374
2261.54421541 310.115731022
2259.48307146 309.846792133
2257.42192751 312.332923957
2255.36078356 313.620497871
2253.29963961 312.029624021
2251.23849566 313.660117581
2249.17735171 312.340117163
2247.11620776 314.878551314
2245.05506381 312.329045532
2242.99391986 312.101633446
2240.93277591 312.973858756
2238.87163196 315.711906965
2236.81048801 311.012120485
2234.74934406 313.14429947
2232.68820011 317.221635237
2230.62705616 315.712084991
2228.56591221 316.577881034
2226.50476825 314.962846662
2224.4436243 314.203639236
2222.38248035 314.772292726
2220.3213364 314.475005641
2218.26019245 313.797785002
2216.1990485 317.326271611
2214.13790455 315.191538909
2212.0767606 315.05446406
2210.01561665 314.310652584
2207.9544727 315.449800669
2205.89332875 313.512420222
2203.8321848 313.391788498
2201.77104085 315.556258569
2199.7098969 316.170757308
2197.64875295 316.98925455
2195.587609 315.500346151
2193.52646505 315.135640353
2191.46532109 317.83478215
2189.40417714 315.950080618
2187.34303319 314.418669321
2185.28188924 315.502041031
2183.22074529 315.591044883
2181.15960134 309.966368833
2179.09845739 317.226232627
2177.03731344 317.012711769
2174.97616949 314.723037307
2172.91502554 316.251056623
2170.85388159 317.90296128
2168.79273764 311.468276429
2166.73159369 316.012076914
2164.67044974 315.010132884
2162.60930579 315.282474895
2160.54816184 318.500548021
2158.48701789 316.191141881
2156.42587393 317.324740822
2154.36472998 313.963093117
2152.30358603 312.381975726
2150.24244208 313.817771901
2148.18129813 313.476365848
2146.12015418 314.843104675
2144.05901023 312.749805476
2141.99786628 313.700582197
2139.93672233 313.383795262
2137.87557838 309.934012986
2135.81443443 312.206286771
2133.75329048 312.919376953
2131.69214653 310.193023689
2129.63100258 315.38366046
2127.56985863 311.244147498
2125.50871468 313.151695736
2123.44757072 314.473610467
2121.38642677 311.978857914
2119.32528282 310.132056828
2117.26413887 311.861405736
2115.20299492 310.426060166
2113.14185097 313.381887062
2111.08070702 309.725922079
2109.01956307 308.054918886
2106.95841912 311.677462882
2104.89727517 308.795965055
2102.83613122 311.601871856
2100.77498727 310.523031089
2098.71384332 308.399039688
2096.65269937 307.141160325
2094.59155542 305.477979071
2092.53041147 306.304420092
2090.46926752 306.657157627
2088.40812356 306.965260657
2086.34697961 308.696560384
2084.28583566 307.292839524
2082.22469171 303.277232166
2080.16354776 307.433084263
2078.10240381 305.756768104
2076.04125986 305.564468053
2073.98011591 302.962465781
2071.91897196 303.508073246
2069.85782801 302.587177493
2067.79668406 302.818914671
2065.73554011 303.307025973
2063.67439616 302.388256402
2061.61325221 302.27867341
2059.55210826 300.133507602
2057.49096431 298.913364412
2055.42982036 299.48909135
2053.3686764 297.714775774
2051.30753245 298.55105279
2049.2463885 299.887343104
2047.18524455 298.476636235
2045.1241006 299.572030764
2043.06295665 298.573050323
2041.0018127 295.575204476
2038.94066875 295.429018871
2036.8795248 295.700182289
2034.81838085 295.003952449
2032.7572369 291.894970503
2030.69609295 292.820203125
2028.634949 293.517318007
2026.57380505 291.352335621
2024.5126611 294.711251226
2022.45151715 292.170978115
2020.39037319 289.232456705
2018.32922924 290.716074852
2016.26808529 288.157346494
2014.20694134 287.803514798
2012.14579739 288.777790309
2010.08465344 286.753609091
2008.02350949 286.966438156
2005.96236554 284.394790398
2003.90122159 282.2798841
2001.84007764 282.545063726
1999.77893369 282.401173354
1997.71778974 280.371355397
1995.65664579 282.586265784
1993.59550184 281.698081014
1991.53435789 276.628198743
1989.47321394 273.767960053
1987.41206999 277.264377201
1985.35092603 276.519976618
1983.28978208 270.933919448
1981.22863813 269.469668822
1979.16749418 268.23481567
1977.10635023 265.728766582
1975.04520628 262.005211754
1972.98406233 259.046108839
1970.92291838 256.295448653
1968.86177443 255.058397564
1966.80063048 248.694193022
1964.73948653 243.393573944
1962.67834258 239.848774378
1960.61719863 234.731134409
1958.55605468 227.049892943
1956.49491073 221.507266308
1954.43376678 214.567570364
1952.37262283 206.949655753
1950.31147887 201.951965421
1948.25033492 196.835148455
1946.18919097 187.492559777
1944.12804702 177.531833277
1942.06690307 171.213376637
1940.00575912 165.441950104
1937.94461517 156.479563767
1935.88347122 150.482528204
1933.82232727 143.284549978
1931.76118332 139.043678209
1929.70003937 133.382022422
1927.63889542 128.569251702
1925.57775147 124.640222732
1923.51660752 122.567632148
1921.45546357 120.186466308
