# BEGINHEADER
# This file contains data from the SALSA 2m radio telescope.
# DATE=2020-05-13T08:45:05.0
# GLON and GLAT given in degrees
# GLON=179.126798914
# GLAT=-27.8975465234
# DATA in two columns below. Col. 1 is velocity relative to LSR [km/s]. Col. 2 is uncalibrated antenna temperature [K].
# ENDHEADER
2442.55069663 0.0456259722676
2440.48955268 69.6825183932
2438.42840873 114.867689723
2436.36726478 115.603392561
2434.30612083 117.47250395
2432.24497688 120.788677995
2430.18383293 126.110284223
2428.12268898 130.922165404
2426.06154503 136.168796567
2424.00040108 141.588250808
2421.93925713 148.262283592
2419.87811318 154.331735029
2417.81696923 163.324649733
2415.75582528 168.469603932
2413.69468132 176.473931469
2411.63353737 184.47699166
2409.57239342 191.477971257
2407.51124947 197.44529727
2405.45010552 205.333350163
2403.38896157 211.578364378
2401.32781762 218.635047014
2399.26667367 224.791581352
2397.20552972 230.987504573
2395.14438577 233.595953636
2393.08324182 238.298026381
2391.02209787 243.973621446
2388.96095392 246.057171001
2386.89980997 250.069191712
2384.83866602 253.769426237
2382.77752207 257.478266881
2380.71637811 257.955486072
2378.65523416 262.89322561
2376.59409021 266.132477094
2374.53294626 265.170912797
2372.47180231 266.519563264
2370.41065836 268.568478124
2368.34951441 272.129641917
2366.28837046 273.848898287
2364.22722651 273.720581201
2362.16608256 273.664410516
2360.10493861 274.918286423
2358.04379466 274.887097095
2355.98265071 278.019751458
2353.92150676 276.801824705
2351.86036281 279.387766195
2349.79921886 277.120635373
2347.73807491 277.930775816
2345.67693095 283.749384486
2343.615787 284.234152082
2341.55464305 280.763804324
2339.4934991 278.2824558
2337.43235515 282.745027074
2335.3712112 283.51936491
2333.31006725 284.155755619
2331.2489233 282.727867086
2329.18777935 284.749278677
2327.1266354 287.400404103
2325.06549145 287.50063712
2323.0043475 287.128361464
2320.94320355 287.195319363
2318.8820596 287.712126293
2316.82091565 289.060216958
2314.7597717 289.73042583
2312.69862775 289.163313411
2310.63748379 291.925234665
2308.57633984 294.459815187
2306.51519589 289.855011289
2304.45405194 294.395289483
2302.39290799 291.104829872
2300.33176404 293.162829592
2298.27062009 296.336164482
2296.20947614 294.205017888
2294.14833219 293.640397933
2292.08718824 296.094571578
2290.02604429 297.724519249
2287.96490034 297.155514165
2285.90375639 294.464817471
2283.84261244 293.559312377
2281.78146849 296.888682272
2279.72032454 297.180951351
2277.65918058 297.462756159
2275.59803663 299.831190912
2273.53689268 296.339617957
2271.47574873 297.023688182
2269.41460478 297.250825025
2267.35346083 299.534624581
2265.29231688 298.695634441
2263.23117293 297.165502289
2261.17002898 300.371510008
2259.10888503 299.34121429
2257.04774108 299.722827695
2254.98659713 297.375788
2252.92545318 301.989032387
2250.86430923 299.589464339
2248.80316528 301.279749471
2246.74202133 299.568885518
2244.68087738 299.628077397
2242.61973342 303.081451369
2240.55858947 297.887791557
2238.49744552 301.864815346
2236.43630157 299.158289882
2234.37515762 300.693278348
2232.31401367 300.453602122
2230.25286972 299.692273006
2228.19172577 301.775784353
2226.13058182 301.919261247
2224.06943787 301.808426207
2222.00829392 304.145493428
2219.94714997 302.379775528
2217.88600602 303.329985864
2215.82486207 300.637740935
2213.76371812 301.846056858
2211.70257417 303.307843691
2209.64143022 300.684425523
2207.58028626 303.580656871
2205.51914231 300.305436232
2203.45799836 301.950014488
2201.39685441 306.241865479
2199.33571046 300.729237074
2197.27456651 303.958716375
2195.21342256 300.829555169
2193.15227861 300.296711212
2191.09113466 302.935849336
2189.02999071 301.329559507
2186.96884676 302.008651275
2184.90770281 302.264249352
2182.84655886 302.952239698
2180.78541491 304.440633349
2178.72427096 304.333590508
2176.66312701 290.089550854
2174.60198305 304.401246878
2172.5408391 303.163211559
2170.47969515 305.022693032
2168.4185512 306.710171736
2166.35740725 303.819045722
2164.2962633 304.489128337
2162.23511935 303.330467608
2160.1739754 304.412295061
2158.11283145 303.2655213
2156.0516875 302.565582898
2153.99054355 300.961342246
2151.9293996 301.397787787
2149.86825565 299.459731896
2147.8071117 298.84384039
2145.74596775 301.75586733
2143.6848238 302.1838475
2141.62367985 299.83038819
2139.56253589 298.965221822
2137.50139194 302.049064346
2135.44024799 302.854015815
2133.37910404 299.427327166
2131.31796009 300.409345798
2129.25681614 298.073032252
2127.19567219 296.951946641
2125.13452824 300.512151835
2123.07338429 299.863034195
2121.01224034 299.093966773
2118.95109639 299.393665158
2116.88995244 297.865192215
2114.82880849 299.233962661
2112.76766454 301.799521428
2110.70652059 299.644452608
2108.64537664 297.997403347
2106.58423269 297.240280103
2104.52308873 300.328186451
2102.46194478 297.803029458
2100.40080083 295.255813418
2098.33965688 296.97090179
2096.27851293 296.775984293
2094.21736898 297.137149778
2092.15622503 298.302392079
2090.09508108 296.246724875
2088.03393713 294.166709255
2085.97279318 291.266038903
2083.91164923 296.374895751
2081.85050528 294.794366383
2079.78936133 296.184431735
2077.72821738 295.324102646
2075.66707343 293.861745846
2073.60592948 294.985665896
2071.54478553 293.696426889
2069.48364157 293.10835854
2067.42249762 294.412896314
2065.36135367 291.176923838
2063.30020972 292.512906825
2061.23906577 290.383736071
2059.17792182 289.559142093
2057.11677787 290.258105103
2055.05563392 291.07189634
2052.99448997 290.869076539
2050.93334602 286.405712521
2048.87220207 288.300845702
2046.81105812 288.414782774
2044.74991417 288.483073081
2042.68877022 285.807252907
2040.62762627 285.553728661
2038.56648232 285.560165453
2036.50533836 283.551389394
2034.44419441 286.862831912
2032.38305046 280.622214755
2030.32190651 283.155397946
2028.26076256 283.068917326
2026.19961861 281.794940759
2024.13847466 280.660069305
2022.07733071 282.473760159
2020.01618676 280.138617522
2017.95504281 279.393386496
2015.89389886 277.313309977
2013.83275491 277.189473742
2011.77161096 274.371591255
2009.71046701 275.375271436
2007.64932306 274.708854241
2005.58817911 274.586652745
2003.52703516 274.223344108
2001.4658912 271.657397781
1999.40474725 273.830905546
1997.3436033 273.039574274
1995.28245935 270.034910968
1993.2213154 269.825191484
1991.16017145 269.474357516
1989.0990275 267.721663283
1987.03788355 264.184077247
1984.9767396 264.118580813
1982.91559565 263.705963713
1980.8544517 263.938957431
1978.79330775 260.716793177
1976.7321638 258.424770315
1974.67101985 256.651906903
1972.6098759 253.974332448
1970.54873195 252.219601913
1968.487588 250.405263286
1966.42644404 245.641334041
1964.36530009 244.02921396
1962.30415614 239.775483283
1960.24301219 232.561952294
1958.18186824 229.777890417
1956.12072429 225.167476721
1954.05958034 218.163386978
1951.99843639 209.61705763
1949.93729244 205.395778972
1947.87614849 198.731040156
1945.81500454 193.850687099
1943.75386059 186.571631043
1941.69271664 178.725134488
1939.63157269 172.400489914
1937.57042874 165.422725626
1935.50928479 158.643297565
1933.44814083 152.791808365
1931.38699688 145.174089259
1929.32585293 137.53297383
1927.26470898 132.697200961
1925.20356503 127.507980267
1923.14242108 123.676139862
1921.08127713 119.706926028
1919.02013318 117.137400103
1916.95898923 114.913913069
