# BEGINHEADER
# This file contains data from the SALSA 2m radio telescope.
# DATE=2020-05-13T08:41:05.0
# GLON and GLAT given in degrees
# GLON=173.811526387
# GLAT=-26.3104032077
# DATA in two columns below. Col. 1 is velocity relative to LSR [km/s]. Col. 2 is uncalibrated antenna temperature [K].
# ENDHEADER
2444.44391204 0.0493511752726
2442.38276809 75.5884471691
2440.32162414 122.087596485
2438.26048019 123.917392018
2436.19933624 125.309409412
2434.13819229 130.426735056
2432.07704834 135.592662229
2430.01590439 139.764311536
2427.95476044 145.91666306
2425.89361648 151.524456226
2423.83247253 158.031039184
2421.77132858 165.434688383
2419.71018463 172.019736222
2417.64904068 181.414259622
2415.58789673 189.7254199
2413.52675278 199.721730724
2411.46560883 204.894813718
2409.40446488 212.623601492
2407.34332093 220.904522394
2405.28217698 226.040082014
2403.22103303 234.564273228
2401.15988908 239.704646418
2399.09874513 246.136592846
2397.03760118 252.495570629
2394.97645723 257.285320729
2392.91531328 261.396379815
2390.85416932 265.512047891
2388.79302537 268.683982279
2386.73188142 274.208900652
2384.67073747 274.553565974
2382.60959352 280.447945183
2380.54844957 279.612178903
2378.48730562 282.660051947
2376.42616167 286.862216084
2374.36501772 286.061680478
2372.30387377 289.937439098
2370.24272982 290.839016334
2368.18158587 288.935710584
2366.12044192 290.527377734
2364.05929797 293.819510067
2361.99815402 295.774259328
2359.93701007 298.322675499
2357.87586611 295.695550778
2355.81472216 296.815152782
2353.75357821 300.844774212
2351.69243426 301.084994237
2349.63129031 299.468351506
2347.57014636 297.080556563
2345.50900241 298.804799227
2343.44785846 302.048743039
2341.38671451 302.996396776
2339.32557056 303.30418294
2337.26442661 305.061995921
2335.20328266 305.210958501
2333.14213871 308.473277281
2331.08099476 309.078008703
2329.01985081 308.802809864
2326.95870686 307.59736463
2324.89756291 307.231016326
2322.83641895 311.37918428
2320.775275 311.467455612
2318.71413105 311.338295127
2316.6529871 313.641234643
2314.59184315 310.245575461
2312.5306992 312.462286916
2310.46955525 311.553633036
2308.4084113 308.544432377
2306.34726735 311.585875219
2304.2861234 313.021165532
2302.22497945 312.463608714
2300.1638355 314.636072765
2298.10269155 313.857807072
2296.0415476 312.468259659
2293.98040365 316.417094567
2291.9192597 314.906293958
2289.85811575 317.403618615
2287.79697179 317.394646447
2285.73582784 316.081608426
2283.67468389 319.299265516
2281.61353994 320.738647312
2279.55239599 316.36762789
2277.49125204 320.302824607
2275.43010809 322.838775949
2273.36896414 321.376763253
2271.30782019 320.05443829
2269.24667624 319.197797069
2267.18553229 322.477959664
2265.12438834 318.313176272
2263.06324439 321.238514249
2261.00210044 320.210880262
2258.94095649 319.543328064
2256.87981254 322.899854906
2254.81866858 322.577994726
2252.75752463 322.139653908
2250.69638068 321.238442307
2248.63523673 322.924245731
2246.57409278 324.545288243
2244.51294883 322.077061351
2242.45180488 323.617102955
2240.39066093 322.605307747
2238.32951698 321.576981985
2236.26837303 326.126100244
2234.20722908 323.706847188
2232.14608513 322.876903673
2230.08494118 324.323124804
2228.02379723 326.69095929
2225.96265328 324.650292684
2223.90150933 322.14814955
2221.84036538 327.447731954
2219.77922142 324.832269703
2217.71807747 327.697193102
2215.65693352 324.441830278
2213.59578957 328.283675284
2211.53464562 329.147444527
2209.47350167 325.319819193
2207.41235772 327.120762891
2205.35121377 325.075768922
2203.29006982 324.095873602
2201.22892587 325.304298642
2199.16778192 328.750424375
2197.10663797 326.479009704
2195.04549402 326.817658346
2192.98435007 325.586651251
2190.92320612 327.769238369
2188.86206217 325.59371148
2186.80091822 327.219661872
2184.73977426 324.029492034
2182.67863031 326.267273435
2180.61748636 324.894154692
2178.55634241 317.345406912
2176.49519846 324.150492866
2174.43405451 325.755538299
2172.37291056 326.202363965
2170.31176661 322.412210075
2168.25062266 322.758106962
2166.18947871 323.215942405
2164.12833476 328.043086307
2162.06719081 324.702141283
2160.00604686 325.197729797
2157.94490291 324.846508412
2155.88375896 323.559448271
2153.82261501 323.845432907
2151.76147105 321.776637355
2149.7003271 322.972882434
2147.63918315 324.114774637
2145.5780392 324.794003775
2143.51689525 324.785468332
2141.4557513 326.255251636
2139.39460735 324.208013753
2137.3334634 323.318634253
2135.27231945 323.504886374
2133.2111755 322.163124434
2131.15003155 319.77503183
2129.0888876 321.561453219
2127.02774365 323.107268604
2124.9665997 320.144989418
2122.90545575 323.340664214
2120.8443118 321.352096268
2118.78316785 318.444691217
2116.72202389 319.801149787
2114.66087994 325.497129265
2112.59973599 318.912457983
2110.53859204 317.738641263
2108.47744809 320.086154715
2106.41630414 322.924399306
2104.35516019 321.185554956
2102.29401624 322.745079039
2100.23287229 321.066619795
2098.17172834 318.03862201
2096.11058439 319.168627825
2094.04944044 318.793008662
2091.98829649 321.067876856
2089.92715254 316.410453589
2087.86600859 315.323901288
2085.80486464 317.405185573
2083.74372069 317.027619733
2081.68257673 320.584115595
2079.62143278 315.268568799
2077.56028883 317.92395119
2075.49914488 313.708522779
2073.43800093 312.199360994
2071.37685698 312.556422986
2069.31571303 315.540893665
2067.25456908 313.40393509
2065.19342513 315.390320005
2063.13228118 314.481669839
2061.07113723 312.536745234
2059.00999328 310.626356145
2056.94884933 310.558321307
2054.88770538 313.784370829
2052.82656143 310.793360066
2050.76541748 309.274524488
2048.70427353 309.371348213
2046.64312957 307.852352501
2044.58198562 309.135187714
2042.52084167 306.712784
2040.45969772 305.974620127
2038.39855377 306.297984852
2036.33740982 305.963291135
2034.27626587 304.512777819
2032.21512192 305.205088055
2030.15397797 303.514870675
2028.09283402 303.136619748
2026.03169007 305.054057967
2023.97054612 301.864622891
2021.90940217 299.123119301
2019.84825822 298.562512155
2017.78711427 298.181972574
2015.72597032 297.168494243
2013.66482636 299.15198786
2011.60368241 296.082870126
2009.54253846 297.236232542
2007.48139451 292.835957438
2005.42025056 293.135401675
2003.35910661 294.353681371
2001.29796266 292.321059917
1999.23681871 292.663754542
1997.17567476 289.900609522
1995.11453081 290.475431567
1993.05338686 288.784119479
1990.99224291 287.269003222
1988.93109896 284.245016041
1986.86995501 283.524578786
1984.80881106 283.727071685
1982.74766711 283.340697709
1980.68652316 279.666199325
1978.6253792 278.754814897
1976.56423525 273.996518745
1974.5030913 271.101856886
1972.44194735 272.160588703
1970.3808034 266.163544262
1968.31965945 265.375952419
1966.2585155 259.258633093
1964.19737155 254.379299164
1962.1362276 251.61312933
1960.07508365 246.521575278
1958.0139397 240.921910829
1955.95279575 235.383971246
1953.8916518 229.515825479
1951.83050785 221.384684276
1949.7693639 212.946233574
1947.70821995 207.089952739
1945.647076 201.508099516
1943.58593204 192.348474403
1941.52478809 185.153696822
1939.46364414 177.19370035
1937.40250019 169.057593989
1935.34135624 162.362456741
1933.28021229 155.263432057
1931.21906834 147.768394595
1929.15792439 141.538711242
1927.09678044 138.517505761
1925.03563649 132.802455765
1922.97449254 128.433040509
1920.91334859 126.678599477
1918.85220464 124.515728674
