2450.496053	1408.821853	0.100893524
2448.434909	1408.831547	153.891568
2446.373765	1408.841241	253.4921621
2444.312621	1408.850936	255.760057
2442.251477	1408.860630	261.0097852
2440.190333	1408.870324	269.8376635
2438.129189	1408.880018	276.546299
2436.068045	1408.889712	289.7063399
2434.006901	1408.899406	301.955306
2431.945757	1408.909100	315.9205979
2429.884613	1408.918794	329.2623023
2427.823469	1408.928488	346.3921084
2425.762325	1408.938182	360.7448615
2423.701181	1408.947876	374.8381441
2421.640037	1408.957570	390.7848395
2419.578894	1408.967265	408.1002802
2417.51775	1408.976959	424.4387395
2415.456606	1408.986653	443.7680919
2413.395462	1408.996347	455.5012152
2411.334318	1409.006041	471.6173168
2409.273174	1409.015735	481.6907692
2407.21203	1409.025429	494.0230997
2405.150886	1409.035123	509.5035233
2403.089742	1409.044817	523.0340518
2401.028598	1409.054511	530.3877419
2398.967454	1409.064205	542.4243214
2396.90631	1409.073899	553.2669589
2394.845166	1409.083594	557.8744096
2392.784022	1409.093288	557.4587191
2390.722878	1409.102982	576.0306182
2388.661734	1409.112676	577.4199122
2386.60059	1409.122370	587.4284413
2384.539446	1409.132064	589.9706465
2382.478302	1409.141758	586.7912136
2380.417158	1409.151452	593.636703
2378.356015	1409.161146	600.7062641
2376.294871	1409.170840	602.095591
2374.233727	1409.180534	602.3399261
2372.172583	1409.190228	605.9396882
2370.111439	1409.199923	611.5559976
2368.050295	1409.209617	610.4734134
2365.989151	1409.219311	617.7558629
2363.928007	1409.229005	619.339238
2361.866863	1409.238699	622.9173981
2359.805719	1409.248393	620.4226521
2357.744575	1409.258087	617.025047
2355.683431	1409.267781	615.7705135
2353.622287	1409.277475	628.4306191
2351.561143	1409.287169	629.0242006
2349.499999	1409.296863	628.1253239
2347.438855	1409.306557	629.4334073
2345.377711	1409.316252	629.888024
2343.316567	1409.325946	631.495818
2341.255423	1409.335640	633.105335
2339.194279	1409.345334	634.6279559	
2337.133136	1409.355028	633.2114836
2335.071992	1409.364722	640.5694043
2333.010848	1409.374416	633.6377743
2330.949704	1409.384110	635.125828
2328.88856	1409.393804	645.8863433
2326.827416	1409.403498	642.0260197
2324.766272	1409.413192	648.33678
2322.705128	1409.422886	644.7587876
2320.643984	1409.432580	649.5852027
2318.58284	1409.442275	646.2422442
2316.521696	1409.451969	645.4126954
2314.460552	1409.461663	647.0845442
2312.399408	1409.471357	649.2218968
2310.338264	1409.481051	650.0480719
2308.27712	1409.490745	650.531169
2306.215976	1409.500439	655.8484627
2304.154832	1409.510133	655.2720849
2302.093688	1409.519827	652.8579505
2300.032544	1409.529521	657.0125548
2297.9714	1409.539215	665.8530875
2295.910257	1409.548909	661.549679
2293.849113	1409.558604	659.6213613
2291.787969	1409.568298	661.9794972
2289.726825	1409.577992	654.5298158
2287.665681	1409.587686	664.5706305
2285.604537	1409.597380	660.6644142
2283.543393	1409.607074	663.4142491
2281.482249	1409.616768	663.1686005
2279.421105	1409.626462	665.7671393
2277.359961	1409.636156	664.4349252
2275.298817	1409.645850	666.3922512
2273.237673	1409.655544	660.0443465
2271.176529	1409.665238	667.076158
2269.115385	1409.674933	667.5528481
2267.054241	1409.684627	668.5331703
2264.993097	1409.694321	674.2008971
2262.931953	1409.704015	676.5499339
2260.870809	1409.713709	672.3008788
2258.809665	1409.723403	667.7019649
2256.748521	1409.733097	669.2665621
2254.687378	1409.742791	668.594395
2252.626234	1409.752485	670.3699548
2250.56509	1409.762179	670.2576565
2248.503946	1409.771873	672.2418671
2246.442802	1409.781567	672.0097687
2244.381658	1409.791262	676.8363554
2242.320514	1409.800956	676.2365998
2240.25937	1409.810650	670.9638204
2238.198226	1409.820344	681.6268967
2236.137082	1409.830038	667.3321107
2234.075938	1409.839732	674.6182963
2232.014794	1409.849426	669.9724485
2229.95365	1409.859120	674.2414127
2227.892506	1409.868814	681.2574167
2225.831362	1409.878508	673.9258651
2223.770218	1409.888202	680.699719
2221.709074	1409.897896	679.8368511
2219.64793	1409.907591	680.043057
2217.586786	1409.917285	673.1428219
2215.525642	1409.926979	675.9752393
2213.464498	1409.936673	677.3099587
2211.403355	1409.946367	678.395424
2209.342211	1409.956061	676.5854887
2207.281067	1409.965755	673.6481363
2205.219923	1409.975449	674.3733245
2203.158779	1409.985143	676.1513462
2200.000000	1410.000000	678.0000000
2201.097635	1409.994837	679.7276471
2199.036491	1410.004531	680.0696435
2196.975347	1410.014225	680.8616974
2194.914203	1410.023920	675.4746958
2192.853059	1410.033614	674.9027985
2190.791915	1410.043308	669.6868126
2188.730771	1410.053002	680.2536372
2186.669627	1410.062696	682.2480756
2184.608483	1410.072390	650.0774177
2182.547339	1410.082084	675.8346529
2180.486195	1410.091778	674.1618851
2178.425051	1410.101472	677.928591
2176.363907	1410.111166	678.4552432
2174.302763	1410.120860	678.2030621
2172.241619	1410.130554	685.226007
2170.180476	1410.140249	674.2250478
2168.119332	1410.149943	678.5651314
2166.058188	1410.159637	671.2217416
2163.997044	1410.169331	672.0519878
2161.9359	1410.179025	672.9542353
2159.874756	1410.188719	681.6898081
2157.813612	1410.198413	678.8387912
2155.752468	1410.208107	678.8557037
2153.691324	1410.217801	676.3209309
2151.63018	1410.227495	676.881042
2149.569036	1410.237189	672.6852448
2147.507892	1410.246883	675.2887807
2145.446748	1410.256578	677.9831828
2143.385604	1410.266272	674.2398436
2141.32446	1410.275966	672.3999047
2139.263316	1410.285660	670.4451506
2137.202172	1410.295354	671.3314821
2135.141028	1410.305048	668.7223401
2133.079884	1410.314742	671.5262493
2131.01874	1410.324436	671.4807299
2128.957597	1410.334130	669.9688924
2126.896453	1410.343824	679.3079303
2124.835309	1410.353518	670.715248
2122.774165	1410.363212	673.2688428
2120.713021	1410.372907	675.6514664
2118.651877	1410.382601	668.2987344
2116.590733	1410.392295	672.4109033
2114.529589	1410.401989	668.2270942
2112.468445	1410.411683	674.0801276
2110.407301	1410.421377	663.2065100
2108.346157	1410.431071	663.2700783
2106.285013	1410.440765	663.6854948
2104.223869	1410.450459	667.4295058
2102.162725	1410.460153	664.7332344
2100.101581	1410.469847	660.831238
2098.040437	1410.479541	662.7813858
2095.979293	1410.489236	663.0238884
2093.918149	1410.498930	664.0693346
2091.857005	1410.508624	664.0611688
2089.795861	1410.518318	662.7629477
2087.734718	1410.528012	657.8442783
2085.673574	1410.537706	655.9653794
2083.61243	1410.547400	660.0430499
2081.551286	1410.557094	659.2255817
2079.490142	1410.566788	659.2437417
2077.428998	1410.576482	656.3884849
2075.367854	1410.586176	655.4790427
2073.30671	1410.595870	649.9216047
2071.245566	1410.605565	649.9125526
2069.184422	1410.615259	649.5479584
2067.123278	1410.624953	652.6725947
2065.062134	1410.634647	644.1039566
2063.00099	1410.644341	644.7523096
2060.939846	1410.654035	643.5509600
2058.878702	1410.663729	640.9355333
2056.817558	1410.673423	642.9066281
2054.756414	1410.683117	638.7065913
2052.69527	1410.692811	644.3057823
2050.634126	1410.702505	644.8596305
2048.572982	1410.712199	641.0920335
2046.511838	1410.721894	634.0149446
2044.450695	1410.731588	638.6328688
2042.389551	1410.741282	635.4477080
2040.328407	1410.750976	631.1836202
2038.267263	1410.760670	634.6824349
2036.206119	1410.770364	632.3779957
2034.144975	1410.780058	626.1805251
2032.083831	1410.789752	624.4193435
2030.022687	1410.799446	629.2575506
2027.961543	1410.809140	623.7023195
2025.900399	1410.818834	626.1420812
2023.839255	1410.828528	624.6369199
2021.778111	1410.838223	616.9410617
2019.716967	1410.847917	623.1748078
2017.655823	1410.857611	617.5616863
2015.594679	1410.867305	611.1513471
2013.533535	1410.876999	611.1386356
2011.472391	1410.886693	608.889605
2009.411247	1410.896387	605.8858347
2007.350103	1410.906081	613.5669321
2005.288959	1410.915775	605.4586453
2003.227816	1410.925469	602.5884806
2001.166672	1410.935163	605.3511473
1999.105528	1410.944857	600.9692301
1997.044384	1410.954552	596.0829405
1994.98324	1410.964246	591.7585353
1992.922096	1410.973940	591.9605287
1990.860952	1410.983634	591.6125791
1988.799808	1410.993328	584.9321354
1986.738664	1411.003022	585.7432448
1984.67752	1411.012716	577.7450878
1982.616376	1411.022410	575.7781596
1980.555232	1411.032104	568.3616539
1978.494088	1411.041798	565.5193293
1976.432944	1411.051492	556.9577022
1974.3718	1411.061186	549.028481
1972.310656	1411.070881	541.1948844
1970.249512	1411.080575	536.1030459
1968.188368	1411.090269	524.9564618
1966.127224	1411.099963	509.2972312
1964.06608	1411.109657	495.4763224
1962.004937	1411.119351	486.520806
1959.943793	1411.129045	475.7093862
1957.882649	1411.138739	459.672748
1955.821505	1411.148433	444.7498832
1953.760361	1411.158127	433.6645109
1951.699217	1411.167821	411.7830813
1949.638073	1411.177515	397.4869261
1947.576929	1411.187210	388.5536851
1945.515785	1411.196904	368.0404572
1943.454641	1411.206598	350.176724
1941.393497	1411.216292	334.1679492
1939.332353	1411.225986	323.4127164
1937.271209	1411.235680	306.9248898
1935.210065	1411.245374	295.369242
1933.148921	1411.255068	287.0124227
1931.087777	1411.264762	275.1480681
1929.026633	1411.274456	265.1467436
1926.965489	1411.284150	259.5865900
1924.904345	1411.293844	254.5638277