# BEGINHEADER
# This file contains data from the SALSA 2m radio telescope.
# DATE=2020-05-13T05:49:03.0
# GLON and GLAT given in degrees
# GLON=83.8690773976
# GLAT=0.032743582161
# DATA in two columns below. Col. 1 is velocity relative to LSR [km/s]. Col. 2 is uncalibrated antenna temperature [K].
# ENDHEADER
296.737246712 -8.42049999963e-05
294.676102761 0.352451199857
292.614958811 1.52828721009
290.55381486 2.97025697216
288.49267091 2.70640923222
286.431526959 2.87062185872
284.370383008 4.31472154906
282.309239058 3.13021510918
280.248095107 1.23886426583
278.186951157 4.10262743035
276.125807206 4.47141942517
274.064663255 5.98258914141
272.003519305 4.44190554286
269.942375354 5.76403511053
267.881231404 8.24666771792
265.820087453 10.0137480549
263.758943502 8.65880848759
261.697799552 8.7759861863
259.636655601 8.75338009381
257.575511651 10.2419403567
255.5143677 8.07094986019
253.453223749 10.326660933
251.392079799 9.16525185319
249.330935848 5.27168530504
247.269791898 6.13689752973
245.208647947 8.22896146865
243.147503996 9.34229625072
241.086360046 9.53469980782
239.025216095 11.0146321662
236.964072145 9.42794566576
234.902928194 12.8417085004
232.841784243 9.92886538476
230.780640293 12.1822032051
228.719496342 10.1320049195
226.658352392 13.7067224824
224.597208441 12.793627779
222.53606449 12.7506067503
220.47492054 10.2570255285
218.413776589 9.17615326006
216.352632639 6.52118564048
214.291488688 12.5550492663
212.230344737 8.74230809382
210.169200787 11.6418451288
208.108056836 10.5997519642
206.046912886 10.3984345599
203.985768935 10.6715326435
201.924624984 8.16720322717
199.863481034 14.7585734999
197.802337083 13.1981826196
195.741193133 9.48478900466
193.680049182 11.1868571057
191.618905231 8.55640277539
189.557761281 14.7757361586
187.49661733 13.4925465224
185.43547338 15.187305197
183.374329429 11.5333665888
181.313185478 15.265102352
179.252041528 13.1826756095
177.190897577 6.17670544585
175.129753627 8.95478458251
173.068609676 12.3801871241
171.007465725 15.1823253098
168.946321775 12.165187676
166.885177824 8.12983815212
164.824033874 13.3235843973
162.762889923 8.79919529843
160.701745972 12.3392478187
158.640602022 13.1917064631
156.579458071 8.76666770224
154.518314121 9.94935557039
152.45717017 15.3345454342
150.396026219 12.3119694427
148.334882269 12.7693302123
146.273738318 6.84208292685
144.212594368 7.356588919
142.151450417 13.4189830974
140.090306466 12.1560450821
138.029162516 12.3895713092
135.968018565 12.6750630359
133.906874615 12.6741691864
131.845730664 10.5622458879
129.784586713 10.1174970426
127.723442763 10.6210777157
125.662298812 11.2305853535
123.601154862 10.6886617503
121.540010911 14.6111527244
119.47886696 7.93155525353
117.41772301 12.2952605567
115.356579059 11.9789859454
113.295435109 12.1298983963
111.234291158 11.2492342522
109.173147207 11.4177932333
107.112003257 13.0850500235
105.050859306 13.7427984826
102.989715356 12.0138923276
100.928571405 14.9117470705
98.8674274545 13.8228192405
96.8062835039 8.68422915022
94.7451395533 13.3296730253
92.6839956027 11.4032714845
90.6228516521 15.4262440681
88.5617077015 15.4256200444
86.5005637509 12.0845132568
84.4394198003 11.6202789103
82.3782758497 9.88731437325
80.3171318991 8.34972773345
78.2559879485 9.81722612741
76.1948439979 6.70269893662
74.1337000473 7.44763036433
72.0725560967 11.0969960833
70.0114121461 8.49060311001
67.9502681955 15.2095061345
65.8891242449 11.2426025366
63.8279802943 9.50924783878
61.7668363437 9.19914777525
59.7056923931 13.018181645
57.6445484425 11.6457319799
55.5834044919 10.1134686539
53.5222605413 9.3066435704
51.4611165907 10.3889507024
49.3999726401 12.6001642459
47.3388286895 15.9771926004
45.2776847389 14.949673568
43.2165407883 12.5880028533
41.1553968377 12.1938125158
39.0942528871 13.651190183
37.0331089365 7.18463518551
34.9719649859 12.0144055713
32.9108210353 7.75501559058
30.8496770847 8.90391322756
28.7885331341 7.51100330197
26.7273891835 9.74163960245
24.6662452329 10.2942422052
22.6051012823 10.1822324278
20.5439573317 11.0162752798
18.4828133811 13.2213319084
16.4216694305 17.7686191416
14.3605254799 14.4662260721
12.2993815294 29.9334835955
10.2382375788 33.364010447
8.17709362815 40.9823976182
6.11594967755 38.3654207403
4.05480572696 44.2530819807
1.99366177636 45.6892086606
-0.0674821742415 43.4996334511
-2.12862612484 45.6696628435
-4.18977007544 46.5806678273
-6.25091402604 39.4591847099
-8.31205797664 39.9068577942
-10.3732019272 39.0070361011
-12.4343458778 32.1545816943
-14.4954898284 30.8545520259
-16.556633779 27.4862623396
-18.6177777296 17.0347859492
-20.6789216802 19.3002682285
-22.7400656308 20.6684145969
-24.8012095814 16.6448406278
-26.862353532 17.2003958703
-28.9234974826 14.9777300914
-30.9846414332 16.7530519828
-33.0457853838 16.8796002275
-35.1069293344 14.4430480993
-37.168073285 18.223432986
-39.2292172356 21.2931534896
-41.2903611862 22.530805698
-43.3515051368 22.6389559642
-45.4126490874 22.2551702965
-47.473793038 21.7240112791
-49.5349369886 19.165638161
-51.5960809392 20.101481341
-53.6572248898 14.1112349647
-55.7183688404 14.6179317565
-57.779512791 13.4739235903
-59.8406567416 12.2090890221
-61.9018006922 9.26669220803
-63.9629446428 14.3936984943
-66.0240885934 14.8947144168
-68.085232544 10.1954293498
-70.1463764946 16.5945914407
-72.2075204452 19.5910164013
-74.2686643958 20.4748106549
-76.3298083464 20.3842540448
-78.390952297 26.7934053976
-80.4520962476 20.8252690807
-82.5132401982 18.4037213592
-84.5743841488 11.8025896353
-86.6355280994 14.6494440478
-88.69667205 14.9533238702
-90.7578160006 9.38228541004
-92.8189599512 10.1291157918
-94.8801039018 9.48179763855
-96.9412478524 11.9787462456
-99.002391803 7.69996637635
-101.063535754 3.98711707817
-103.124679704 4.79017815534
-105.185823655 0.307551901545
-107.246967605 -1.6078787074
-109.308111556 3.48378233827
-111.369255507 3.89892792396
-113.430399457 5.7772074825
-115.491543408 0.888166872828
-117.552687358 0.636269368814
-119.613831309 -1.39854732129
-121.67497526 4.34025904385
-123.73611921 0.515310406049
-125.797263161 0.528563339808
-127.858407111 -2.89949805004
-129.919551062 -1.69036006298
-131.980695013 3.30474462596
-134.041838963 -0.115156482411
-136.102982914 4.32386050073
-138.164126864 -5.07523925515
-140.225270815 -1.83193220154
-142.286414766 0.102650658441
-144.347558716 -2.30707366332
-146.408702667 1.52311271017
-148.469846617 -2.98096922699
-150.530990568 -5.47072665052
-152.592134519 -3.13218143941
-154.653278469 2.90349308978
-156.71442242 -0.871351611491
-158.77556637 -2.55027386186
-160.836710321 -2.96570576943
-162.897854272 2.54067891045
-164.958998222 -2.8226677659
-167.020142173 -1.45692437804
-169.081286123 1.96167213732
-171.142430074 -0.276832933848
-173.203574025 -1.64587516972
-175.264717975 0.614542956038
-177.325861926 -1.76690042422
-179.387005876 -4.89413582851
-181.448149827 -5.27787729226
-183.509293778 -6.39082417073
-185.570437728 -2.52189110944
-187.631581679 0.729112144585
-189.692725629 -5.3794716074
-191.75386958 -4.5752818621
-193.815013531 -3.96548729229
-195.876157481 -1.79420419996
-197.937301432 -2.13849487165
-199.998445382 -1.66140613061
-202.059589333 -2.94612082405
-204.120733284 0.0216862612114
-206.181877234 -2.96749810982
-208.243021185 -1.57666715638
-210.304165135 -3.91107686944
-212.365309086 -4.71630558432
-214.426453037 -2.14068903565
-216.487596987 -2.54656036934
-218.548740938 -0.919708690155
-220.609884888 -1.00332121488
-222.671028839 0.701344347936
-224.732172789 0.283628935583
-226.79331674 1.35417731835
-228.854460691 0.997282452941
