# BEGINHEADER
# This file contains data from the SALSA 2m radio telescope.
# DATE=2020-05-13T05:48:25.0
# GLON and GLAT given in degrees
# GLON=83.8043108603
# GLAT=0.0465497114988
# DATA in two columns below. Col. 1 is velocity relative to LSR [km/s]. Col. 2 is uncalibrated antenna temperature [K].
# ENDHEADER
296.761055707 0.00211362278068
294.699911756 3.29897998378
292.638767806 -2.18815853878
290.577623855 -0.688283544252
288.516479904 4.5480491487
286.455335954 4.06632601496
284.394192003 2.49678906121
282.333048053 1.86400654676
280.271904102 3.13390832715
278.210760151 -3.05113261173
276.149616201 6.30665389243
274.08847225 1.12729095455
272.0273283 4.48005721488
269.966184349 3.14485985623
267.905040398 12.2595897697
265.843896448 7.98553200316
263.782752497 7.76303782798
261.721608547 12.303107609
259.660464596 11.9926163064
257.599320645 -0.41592491374
255.538176695 7.26105986493
253.477032744 5.32511720914
251.415888794 -4.49994734259
249.354744843 6.60281283643
247.293600892 -1.70124790252
245.232456942 5.61023482405
243.171312991 1.19534614073
241.110169041 -3.20046115837
239.04902509 9.59668570552
236.987881139 19.2591933155
234.926737189 -3.39950981935
232.865593238 12.1109398087
230.804449288 3.83567383921
228.743305337 10.7546218589
226.682161386 -2.91602280348
224.621017436 5.13125311267
222.559873485 5.70592878569
220.498729535 8.15705262546
218.437585584 14.9261470494
216.376441633 7.29968208594
214.315297683 -2.92290837783
212.254153732 3.49010380465
210.193009782 6.60574868015
208.131865831 25.3357563528
206.07072188 2.15087862465
204.00957793 6.62658166574
201.948433979 8.67662417807
199.887290029 9.85685754334
197.826146078 10.5076631504
195.765002128 3.49227961323
193.703858177 6.72300450417
191.642714226 -15.8442712533
189.581570276 0.824545497872
187.520426325 14.1370726807
185.459282375 8.6805149391
183.398138424 2.56997321564
181.336994473 19.0394642081
179.275850523 20.4752138423
177.214706572 11.3605589314
175.153562622 -6.19346513166
173.092418671 16.4038856059
171.03127472 4.36354713069
168.97013077 1.77415989995
166.908986819 15.7886796047
164.847842869 7.33888977965
162.786698918 15.0524395201
160.725554967 10.053228772
158.664411017 -0.21665136076
156.603267066 1.81095492988
154.542123116 -15.3390620934
152.480979165 -6.81048559626
150.419835214 -2.56830158702
148.358691264 12.2654891504
146.297547313 22.1207405494
144.236403363 7.09078724823
142.175259412 7.37259877236
140.114115461 14.0220778531
138.052971511 13.1126540225
135.99182756 10.0615761172
133.93068361 2.60262091588
131.869539659 10.0864252132
129.808395708 10.1538554088
127.747251758 19.3542634335
125.686107807 17.5260083177
123.624963857 1.43810405455
121.563819906 1.30057786593
119.502675955 15.7529545317
117.441532005 1.39978146714
115.380388054 11.8168075566
113.319244104 11.4841885745
111.258100153 1.91094160645
109.196956202 1.25667985068
107.135812252 12.6827690131
105.074668301 15.7643801451
103.013524351 11.5982811797
100.9523804 16.6190537952
98.8912364494 0.573569229436
96.8300924988 4.44394642221
94.7689485482 13.103834555
92.7078045976 10.9296779219
90.646660647 9.28857753753
88.5855166964 4.90374306069
86.5243727458 2.73980858162
84.4632287952 -3.92906848725
82.4020848446 2.80823016631
80.340940894 8.64561148402
78.2797969434 4.20074645861
76.2186529928 0.402308006814
74.1575090422 6.59914944238
72.0963650916 -1.43614662945
70.035221141 -7.15416567539
67.9740771904 13.4302075911
65.9129332398 8.58814714747
63.8517892892 0.303844776379
61.7906453386 -13.0104896889
59.729501388 2.98907602975
57.6683574374 20.3633654135
55.6072134868 32.3382313786
53.5460695362 15.5813273983
51.4849255856 0.354661804131
49.423781635 -6.48751395866
47.3626376844 11.1994059673
45.3014937338 12.0754090197
43.2403497832 2.84763889389
41.1792058326 12.7216279548
39.118061882 10.2097294619
37.0569179314 9.02414560828
34.9957739808 -5.36697703039
32.9346300302 -8.94661853553
30.8734860796 7.83377085582
28.812342129 21.3928603051
26.7511981784 9.54900969968
24.6900542278 11.5887362264
22.6289102772 19.7783396401
20.5677663266 1.29750207676
18.506622376 25.8517961603
16.4454784254 13.2584595316
14.3843344748 10.7625932793
12.3231905242 26.4454252638
10.2620465736 23.6606899185
8.20090262302 46.7871956354
6.13975867243 42.7379611314
4.07861472183 34.2279273392
2.01747077123 34.2763249449
-0.0436731793697 43.7336918881
-2.10481712997 31.1273892049
-4.16596108057 54.3081435048
-6.22710503117 37.3010444674
-8.28824898176 30.027854701
-10.3493929324 24.0327798174
-12.410536883 31.8439415542
-14.4716808336 41.8632919263
-16.5328247842 41.5022848262
-18.5939687348 17.7939239848
-20.6551126854 13.6111286136
-22.716256636 28.1139808032
-24.7774005866 3.97305376415
-26.8385445372 3.85784324979
-28.8996884878 26.0625585336
-30.9608324383 5.39207020468
-33.0219763889 0.960462970284
-35.0831203395 15.1189090469
-37.1442642901 -2.41494036664
-39.2054082407 26.5079195113
-41.2665521913 20.4149367593
-43.3276961419 17.6482386471
-45.3888400925 25.8041505146
-47.4499840431 2.2590015631
-49.5111279937 18.7644567047
-51.5722719443 13.9134376241
-53.6334158949 0.0285459931499
-55.6945598455 0.359576529086
-57.7557037961 1.69485660436
-59.8168477467 2.43622459608
-61.8779916973 12.253042204
-63.9391356479 13.4525813308
-66.0002795985 5.72732297232
-68.0614235491 -7.72968177264
-70.1225674997 0.323468273429
-72.1837114503 12.3978019119
-74.2448554009 4.84140696327
-76.3059993515 18.2736070035
-78.3671433021 9.21602799253
-80.4282872527 4.94006737146
-82.4894312033 20.020166682
-84.5505751539 -6.46498527022
-86.6117191045 -1.8573826138
-88.6728630551 13.0951547994
-90.7340070057 8.02253620753
-92.7951509563 14.2444365381
-94.8562949069 19.2555570526
-96.9174388575 16.7621377163
-98.9785828081 -2.8534640514
-101.039726759 -7.2456810756
-103.100870709 6.86884153924
-105.16201466 -7.16516136549
-107.22315861 -7.41570622461
-109.284302561 0.0485286617333
-111.345446512 -0.0269629742857
-113.406590462 6.77510845313
-115.467734413 2.82033615827
-117.528878363 -14.0509642274
-119.590022314 -8.77254193815
-121.651166265 -4.24382551918
-123.712310215 -10.3568536155
-125.773454166 -5.17278161843
-127.834598116 -0.738645326891
-129.895742067 0.454153034268
-131.956886018 2.42446373426
-134.018029968 -10.2423483877
-136.079173919 -9.00881033344
-138.140317869 4.68832519451
-140.20146182 -10.0584223973
-142.262605771 -4.56773925249
-144.323749721 0.0249763369381
-146.384893672 -14.6275880888
-148.446037622 -12.9823293151
-150.507181573 -1.09448724825
-152.568325524 -2.48589875812
-154.629469474 -7.38063323902
-156.690613425 -3.22147347558
-158.751757375 -4.39924241608
-160.812901326 0.312676622096
-162.874045277 -13.4840851467
-164.935189227 -20.6256002684
-166.996333178 -2.32488074338
-169.057477128 -2.70271584788
-171.118621079 -22.2371757874
-173.17976503 -15.7905692584
-175.24090898 -15.6184440545
-177.302052931 -13.876821771
-179.363196881 -10.0463161088
-181.424340832 -4.09671259656
-183.485484783 -2.43226526447
-185.546628733 -15.9725450611
-187.607772684 0.225938372179
-189.668916634 -10.3716453746
-191.730060585 -9.18977418981
-193.791204536 -8.74773700319
-195.852348486 2.4401385269
-197.913492437 -0.894061125262
-199.974636387 0.207088460698
-202.035780338 -4.131009492
-204.096924289 -11.6909596127
-206.158068239 -1.15770498499
-208.21921219 -4.41928954809
-210.28035614 2.33916006616
-212.341500091 -10.8586758861
-214.402644042 -2.37749339622
-216.463787992 -6.07789846003
-218.524931943 -0.954312008816
-220.586075893 -11.1547638954
-222.647219844 -8.97921593967
-224.708363795 0.520521989614
-226.769507745 -0.984118764067
-228.830651696 -4.07551889354
