#x	y
10.58	-16.28
9.77	-12.50
11.71	-12.56
11.63	-10.47	
11.87	-8.95	
13.02	-8.13	
12.84	-6.54	
12.31	-4.97	
12.03	-3.68	
7.00	-1.49
10.95	-2.33
6.95	-0.85
10.62	-1.30
6.79	-0.24
9.88	-0.35
0.00	0.00
5.67	0.30
3.07	0.16
9.42	0.49
10.99	0.58
14.17	0.74
4.46	0.63
7.18	1.01
3.23	0.45
15.21	2.14
0.51	0.12
5.40	1.25
11.19	2.58
3.98	0.92
0.87	0.37
4.49	1.90
5.94	2.52
10.64	4.51
6.02	2.56
0.11	0.05
0.52	0.34
0.23	0.15
2.67	1.73
4.51	2.93
9.72	6.31
0.19	0.18
0.68	0.64
3.63	3.38
10.03	9.35
0.32	0.42
7.16	9.50
0.35	0.69
1.34	2.62
2.38	4.66
3.90	7.66
1.00	3.29
1.55	5.07
15.13	49.50
48.82	159.69
0.27	2.19
0.06	0.47
0.81	6.56
-0.15	0.65
-0.29	0.68
-0.98	2.32
-1.98	4.67
-2.66	6.28
-6.32	14.89
-12.96	30.54