# BEGINHEADER
# This file contains data from the SALSA 2m radio telescope.
# DATE=2020-05-13T06:00:55.0
# GLON and GLAT given in degrees
# GLON=122.458455462
# GLAT=-0.0832169275182
# DATA in two columns below. Col. 1 is velocity relative to LSR [km/s]. Col. 2 is uncalibrated antenna temperature [K].
# ENDHEADER
274.987761927 0.000909020457739
272.926617976 0.922119787373
270.865474025 1.20903999536
268.804330075 1.91812675235
266.743186124 2.14135283691
264.682042174 2.04223806338
262.620898223 2.57485249942
260.559754272 3.33091246241
258.498610322 3.47492566011
256.437466371 4.07688780117
254.376322421 3.72698981994
252.31517847 5.57736010307
250.254034519 5.79071796992
248.192890569 5.79451999229
246.131746618 6.65761195689
244.070602668 7.12069957199
242.009458717 7.33765336192
239.948314766 6.9355847526
237.887170816 6.60579759898
235.826026865 7.53023463077
233.764882915 8.86676392577
231.703738964 8.54198679365
229.642595013 10.6376371563
227.581451063 8.85625836065
225.520307112 8.88801893728
223.459163162 10.9125438029
221.398019211 10.0298017863
219.33687526 9.64626423916
217.27573131 8.71753071998
215.214587359 10.0220887656
213.153443409 11.6617030332
211.092299458 10.8058794392
209.031155507 11.166370367
206.970011557 10.4742639946
204.908867606 11.5150314839
202.847723656 10.6839559944
200.786579705 12.9222741206
198.725435754 9.80532260253
196.664291804 11.0536362212
194.603147853 11.7802886856
192.542003903 11.7938242099
190.480859952 11.4613544643
188.419716001 11.3884134547
186.358572051 12.0644884015
184.2974281 11.0480974281
182.23628415 12.5353819128
180.175140199 12.9419811515
178.113996248 11.7944128949
176.052852298 12.3379006854
173.991708347 11.3852063757
171.930564397 12.1928324478
169.869420446 11.601325321
167.808276495 11.5949226984
165.747132545 12.7225288687
163.685988594 13.2533228359
161.624844644 13.1887457006
159.563700693 12.1203604103
157.502556742 11.5040209747
155.441412792 13.4330749505
153.380268841 12.0909268369
151.319124891 13.5374712206
149.25798094 13.1700834195
147.196836989 11.5912028962
145.135693039 11.0631778855
143.074549088 11.8195181206
141.013405138 12.3313229535
138.952261187 12.4470003102
136.891117236 11.6477619166
134.829973286 11.2378731852
132.768829335 11.4505669567
130.707685385 11.9374076442
128.646541434 12.4182112995
126.585397483 12.3296013795
124.524253533 12.9556261041
122.463109582 12.7502406805
120.401965632 13.4872822942
118.340821681 13.704909272
116.27967773 12.8699272151
114.21853378 13.2080696054
112.157389829 12.9916776624
110.096245879 12.9588389666
108.035101928 11.2783376527
105.973957977 12.1341043295
103.912814027 11.8431328458
101.851670076 12.1805922883
99.7905261256 10.6010605824
97.729382175 13.0217755337
95.6682382244 12.9793329271
93.6070942738 13.1459335852
91.5459503232 13.1270604795
89.4848063726 14.2619798787
87.423662422 13.4666278473
85.3625184714 11.7853923912
83.3013745208 10.9373159707
81.2402305702 12.9993897007
79.1790866196 13.0612299414
77.117942669 11.7626919007
75.0567987184 12.7958916309
72.9956547678 12.7822957
70.9345108172 13.1064511971
68.8733668666 11.212184219
66.812222916 11.0757425308
64.7510789654 11.8688445181
62.6899350148 13.8442906081
60.6287910643 13.1405601316
58.5676471137 13.493330541
56.5065031631 12.9528523136
54.4453592125 11.3132609434
52.3842152619 13.4798660917
50.3230713113 11.4966043638
48.2619273607 11.5227558038
46.2007834101 10.2113909868
44.1396394595 10.1305909967
42.0784955089 11.0080749799
40.0173515583 11.7777105749
37.9562076077 10.7797878775
35.8950636571 11.4065559651
33.8339197065 11.9051754828
31.7727757559 11.4719403677
29.7116318053 8.74595923273
27.6504878547 10.5965628244
25.5893439041 10.6983744213
23.5281999535 9.23140986907
21.4670560029 10.9895993899
19.4059120523 9.51087073861
17.3447681017 11.8152422141
15.2836241511 10.2792043163
13.2224802005 11.4054265616
11.1613362499 13.9824098528
9.10019229928 13.1135531486
7.03904834869 16.8430638722
4.97790439809 18.6331883715
2.91676044749 22.7683524973
0.855616496889 28.1587583598
-1.20552745371 32.6949838884
-3.26667140431 35.3742567489
-5.32781535491 32.1269699246
-7.38895930551 36.6324543305
-9.4501032561 36.5522148248
-11.5112472067 36.4484229905
-13.5723911573 33.4659147574
-15.6335351079 29.866772982
-17.6946790585 27.0721835108
-19.7558230091 23.8074808767
-21.8169669597 21.4097428985
-23.8781109103 16.7107829491
-25.9392548609 14.8243680976
-28.0003988115 16.2400362765
-30.0615427621 15.9420163442
-32.1226867127 17.4543077111
-34.1838306633 19.3206053136
-36.2449746139 22.3926364882
-38.3061185645 20.9521187704
-40.3672625151 21.7737109465
-42.4284064657 24.7877673669
-44.4895504163 23.0248851472
-46.5506943669 24.9363712363
-48.6118383175 26.1726123829
-50.6729822681 27.1705022652
-52.7341262187 28.1647795528
-54.7952701693 29.2589290168
-56.8564141199 30.4819663751
-58.9175580705 28.3521725408
-60.9787020211 28.1944983425
-63.0398459717 26.1863082446
-65.1009899223 23.536001816
-67.1621338729 22.2808995695
-69.2232778235 20.5153357257
-71.2844217741 18.3305908603
-73.3455657247 17.5618133761
-75.4067096753 14.8036120645
-77.4678536259 14.5128566973
-79.5289975765 11.4837702322
-81.5901415271 11.7278855768
-83.6512854777 12.5497529325
-85.7124294283 11.5617794414
-87.7735733789 10.8496799465
-89.8347173295 10.5689234456
-91.89586128 8.2292820731
-93.9570052306 9.5689181009
-96.0181491812 11.1169919366
-98.0792931318 7.9166533395
-100.140437082 8.61373735031
-102.201581033 9.48584070745
-104.262724984 9.85702108935
-106.323868934 6.65740648226
-108.385012885 6.82450555292
-110.446156835 7.26899282944
-112.507300786 7.22669432942
-114.568444737 6.08625557698
-116.629588687 5.22723515915
-118.690732638 2.31921430467
-120.751876588 0.722519294407
-122.813020539 2.69894313144
-124.87416449 3.02240509014
-126.93530844 2.35780797903
-128.996452391 3.48611932803
-131.057596341 2.39784528256
-133.118740292 1.61776958464
-135.179884243 2.8745994571
-137.241028193 1.85255600008
-139.302172144 1.66638862585
-141.363316094 1.95720278408
-143.424460045 2.39697511601
-145.485603996 3.05326737541
-147.546747946 0.754923883146
-149.607891897 -0.727793552658
-151.669035847 0.606567149085
-153.730179798 0.190515952668
-155.791323749 0.0175757979438
-157.852467699 1.20981593385
-159.91361165 0.404283997446
-161.9747556 1.87595887176
-164.035899551 -1.01521912783
-166.097043502 -0.389886373982
-168.158187452 -0.833211910399
-170.219331403 -1.86218703856
-172.280475353 -0.994985089331
-174.341619304 1.6943481773
-176.402763255 0.0196967047115
-178.463907205 -2.52480677997
-180.525051156 -2.54546736992
-182.586195106 -2.25273362277
-184.647339057 -1.2191957068
-186.708483008 -2.98391878226
-188.769626958 -3.61132178066
-190.830770909 -2.81195654582
-192.891914859 -0.326208525826
-194.95305881 -2.09006053691
-197.014202761 -1.13326012451
-199.075346711 -2.92429698327
-201.136490662 -1.91795990751
-203.197634612 -3.94793084579
-205.258778563 -1.97571217638
-207.319922514 -2.12471573638
-209.381066464 -3.19552891248
-211.442210415 -2.24945710411
-213.503354365 -2.17779599629
-215.564498316 -2.54348997604
-217.625642267 -3.89888555429
-219.686786217 -2.0675176426
-221.747930168 -3.12625869899
-223.809074118 -3.14415836979
-225.870218069 -1.13100466902
-227.93136202 -1.23496868085
-229.99250597 -2.04120723113
-232.053649921 -2.23164751041
-234.114793871 -1.6814680101
-236.175937822 -1.69871035241
-238.237081773 -1.61653316036
-240.298225723 -2.30390223815
-242.359369674 -0.651056652048
-244.420513624 -0.617222897605
-246.481657575 -0.0702370644503
-248.542801526 0.786249886482
-250.603945476 0.371008668989
