# BEGINHEADER
# This file contains data from the SALSA 2m radio telescope.
# DATE=2020-05-13T06:05:59.0
# GLON and GLAT given in degrees
# GLON=152.910523842
# GLAT=-0.245792376571
# DATA in two columns below. Col. 1 is velocity relative to LSR [km/s]. Col. 2 is uncalibrated antenna temperature [K].
# ENDHEADER
254.200116267 0.000580794451525
252.138972316 0.726208466915
250.077828365 0.641429869244
248.016684415 1.97269928547
245.955540464 1.63801446412
243.894396514 2.55250811291
241.833252563 3.23951054051
239.772108612 3.1609334591
237.710964662 3.59317114603
235.649820711 4.59456331823
233.588676761 5.09017174437
231.52753281 4.46563499535
229.466388859 5.08880694767
227.405244909 5.2122611038
225.344100958 6.79388507669
223.282957008 6.38366890727
221.221813057 7.60634130129
219.160669106 7.49452408924
217.099525156 6.57288092363
215.038381205 7.94281002958
212.977237255 8.52844349342
210.916093304 8.3827649156
208.854949353 7.75321430264
206.793805403 9.6869855874
204.732661452 8.93325094172
202.671517502 7.64208947466
200.610373551 9.89516389783
198.5492296 9.35214351677
196.48808565 9.05737018144
194.426941699 10.6086411117
192.365797749 11.6087768106
190.304653798 10.9626541499
188.243509847 10.3357830934
186.182365897 11.5227478117
184.121221946 10.4055692175
182.060077996 11.5783283369
179.998934045 11.313111555
177.937790094 10.8621466193
175.876646144 11.1271398098
173.815502193 10.0130427153
171.754358243 11.3890833198
169.693214292 11.9733137872
167.632070341 10.5245966544
165.570926391 11.7493081759
163.50978244 10.0563703597
161.44863849 13.0947896445
159.387494539 10.0656233772
157.326350588 10.8274153635
155.265206638 10.9473333129
153.204062687 12.3052695918
151.142918737 12.7292946304
149.081774786 11.8351716315
147.020630835 11.6358326385
144.959486885 11.935486361
142.898342934 10.7506357204
140.837198984 12.6964821767
138.776055033 13.3381420875
136.714911082 11.0916727987
134.653767132 11.5732144968
132.592623181 11.7166278969
130.531479231 12.7622251889
128.47033528 11.1787591837
126.409191329 12.0325014122
124.348047379 11.8062232019
122.286903428 12.9197484599
120.225759478 11.3222844321
118.164615527 11.1985391605
116.103471576 10.4443370765
114.042327626 12.5765994556
111.981183675 12.1321553728
109.920039725 11.4407908689
107.858895774 13.2988676681
105.797751823 10.390567659
103.736607873 10.3734264656
101.675463922 12.8028538585
99.6143199717 11.3608867622
97.5531760211 12.28278191
95.4920320705 12.2948733869
93.4308881199 10.0678478893
91.3697441693 11.608074677
89.3086002187 13.0516087029
87.2474562681 13.0269416166
85.1863123175 12.6973555377
83.1251683669 12.7321927493
81.0640244163 12.498223841
79.0028804657 13.2916182652
76.9417365151 12.6888588847
74.8805925645 11.5424977416
72.8194486139 12.3739806354
70.7583046633 12.5388142344
68.6971607127 10.4769013144
66.6360167621 11.2794481639
64.5748728115 11.9990125309
62.5137288609 11.7147286993
60.4525849103 13.6235746579
58.3914409597 12.6925406326
56.3302970091 12.8267605504
54.2691530585 11.6563215446
52.2080091079 10.0553424401
50.1468651573 11.4352715498
48.0857212067 11.3163362885
46.0245772561 11.8685579059
43.9634333055 11.1666992529
41.9022893549 11.5514301835
39.8411454043 11.681334437
37.7800014537 10.6811851925
35.7188575031 12.8915642449
33.6577135525 10.1791260394
31.5965696019 12.4370077536
29.5354256513 9.80589761554
27.4742817007 10.5098328048
25.4131377501 10.0759911515
23.3519937995 13.4188373179
21.2908498489 12.2601326777
19.2297058983 11.155832895
17.1685619477 12.8122169843
15.1074179971 10.0452982252
13.0462740465 12.7048724382
10.9851300959 14.430913817
8.92398614534 15.8280654767
6.86284219475 17.1579756382
4.80169824415 21.4637673933
2.74055429355 26.1845232888
0.67941034295 29.4606193818
-1.38173360765 31.2453576951
-3.44287755825 37.1377706846
-5.50402150885 37.9872347124
-7.56516545944 40.0049395151
-9.62630941004 38.5249184795
-11.6874533606 35.1608889965
-13.7485973112 33.8680217065
-15.8097412618 35.2683069947
-17.8708852124 35.781480791
-19.932029163 34.753032955
-21.9931731136 34.1816752844
-24.0543170642 37.4326749834
-26.1154610148 35.4665663896
-28.1766049654 39.4619931082
-30.237748916 40.1981826451
-32.2988928666 41.016461827
-34.3600368172 40.1102821447
-36.4211807678 41.1920077904
-38.4823247184 37.746004414
-40.543468669 36.3637731214
-42.6046126196 33.9055522227
-44.6657565702 29.6749323229
-46.7269005208 25.8614213154
-48.7880444714 28.3552245055
-50.849188422 25.4367788482
-52.9103323726 21.4423967741
-54.9714763232 16.8620888379
-57.0326202738 17.7398719844
-59.0937642244 15.9644039286
-61.154908175 13.4863421945
-63.2160521256 12.9798737768
-65.2771960762 12.5293575145
-67.3383400268 12.3040414923
-69.3994839774 10.182008177
-71.460627928 9.13234127362
-73.5217718786 9.68260683438
-75.5829158292 8.23745591057
-77.6440597798 10.4382326811
-79.7052037304 8.11037404938
-81.766347681 9.59741528737
-83.8274916316 6.54015211995
-85.8886355822 8.62740048245
-87.9497795328 7.47367711563
-90.0109234834 6.24225882489
-92.072067434 6.19031049179
-94.1332113846 4.16064738599
-96.1943553352 5.39016333677
-98.2554992858 7.0964525453
-100.316643236 6.21959182794
-102.377787187 5.6414204365
-104.438931138 6.08334133465
-106.500075088 4.54271720835
-108.561219039 5.37471926076
-110.622362989 5.63425641992
-112.68350694 3.26214949712
-114.744650891 3.1016937487
-116.805794841 3.7095747684
-118.866938792 3.78033773009
-120.928082742 3.81791251277
-122.989226693 3.94158531409
-125.050370644 3.49589294348
-127.111514594 2.74765520788
-129.172658545 2.83362043141
-131.233802495 3.43390974918
-133.294946446 3.75867871205
-135.356090397 3.88568009169
-137.417234347 3.85105061664
-139.478378298 1.79505569113
-141.539522248 2.43337693844
-143.600666199 3.31890907289
-145.66181015 1.58078709257
-147.7229541 2.41366115768
-149.784098051 4.73606721096
-151.845242001 2.53073007083
-153.906385952 1.97969802218
-155.967529903 1.41452175279
-158.028673853 1.06353913198
-160.089817804 0.837213052151
-162.150961754 1.74689604219
-164.212105705 1.35952790194
-166.273249656 2.30718056085
-168.334393606 2.0767559452
-170.395537557 -0.0368821560445
-172.456681507 -0.00665232738825
-174.517825458 0.875577938194
-176.578969409 0.829664292326
-178.640113359 0.936446178875
-180.70125731 0.518113146265
-182.76240126 1.3731207129
-184.823545211 -0.242253493465
-186.884689162 -0.774697107036
-188.945833112 -0.502715572089
-191.006977063 -0.772743715605
-193.068121013 -0.822167780352
-195.129264964 -1.76851889522
-197.190408915 0.509346013225
-199.251552865 -1.37196340378
-201.312696816 -0.702820181141
-203.373840766 -1.28281645149
-205.434984717 0.0355622700577
-207.496128668 0.276660625748
-209.557272618 -0.777014120747
-211.618416569 -2.134128601
-213.679560519 -1.35911242077
-215.74070447 -2.16732741809
-217.801848421 -1.31867587959
-219.862992371 -0.00439961248959
-221.924136322 -1.78577524293
-223.985280272 -0.933725853334
-226.046424223 -1.15133399084
-228.107568173 -1.74811835358
-230.168712124 -0.732503531322
-232.229856075 -1.06184605001
-234.291000025 -0.885882742099
-236.352143976 -1.10916550483
-238.413287926 -1.89290936198
-240.474431877 -0.935596128689
-242.535575828 -3.20496080672
-244.596719778 -2.78644072394
-246.657863729 -2.59188587114
-248.719007679 -2.32876331616
-250.78015163 -2.54964306781
-252.841295581 -1.59558954977
-254.902439531 -1.16035226871
-256.963583482 -1.27071121994
-259.024727432 -1.88384790122
-261.085871383 -1.28380980407
-263.147015334 -1.08717193822
-265.208159284 0.102566369184
-267.269303235 -0.025243547251
-269.330447185 0.265921571834
-271.391591136 0.984427009286
