# BEGINHEADER
# This file contains data from the SALSA 2m radio telescope.
# DATE=2020-05-13T05:05:02.0
# GLON and GLAT given in degrees
# GLON=32.8641768736
# GLAT=1.22000838204
# DATA in two columns below. Col. 1 is velocity relative to LSR [km/s]. Col. 2 is uncalibrated antenna temperature [K].
# ENDHEADER
303.229962651 8.52167883565e-05
301.1688187 1.17019361378
299.10767475 1.33911995428
297.046530799 1.31632935765
294.985386848 1.75930586585
292.924242898 2.54522013242
290.863098947 2.95319494053
288.801954997 3.7678959303
286.740811046 3.80836659886
284.679667095 4.15013888777
282.618523145 5.80715975891
280.557379194 5.61310444626
278.496235244 5.77566026648
276.435091293 6.4789412826
274.373947342 5.5705698701
272.312803392 6.61333696527
270.251659441 7.52833611012
268.190515491 7.52061344723
266.12937154 7.62595477847
264.068227589 8.47539461389
262.007083639 8.59671138739
259.945939688 9.69393523539
257.884795738 9.15173796183
255.823651787 10.0531386756
253.762507836 10.2943832498
251.701363886 10.5458317112
249.640219935 10.1384848315
247.579075985 10.6245836218
245.517932034 10.6921307418
243.456788083 11.9434218427
241.395644133 10.8808018976
239.334500182 10.3322576749
237.273356232 9.6031519834
235.212212281 10.801871041
233.15106833 10.199440064
231.08992438 10.8420876932
229.028780429 11.7311622539
226.967636479 10.8335482856
224.906492528 10.8866298339
222.845348577 11.349368309
220.784204627 12.5657181198
218.723060676 11.9856297543
216.661916726 12.783215296
214.600772775 12.8570193913
212.539628824 13.3533593888
210.478484874 11.6588831968
208.417340923 12.08695648
206.356196973 12.8044550451
204.295053022 12.2449321864
202.233909071 13.4609833882
200.172765121 11.822570423
198.11162117 11.4218530095
196.05047722 11.974106806
193.989333269 13.1646031594
191.928189318 13.4167392455
189.867045368 12.5563854657
187.805901417 12.3658322034
185.744757467 11.7518980459
183.683613516 11.6622920772
181.622469565 11.9478652609
179.561325615 11.7274975074
177.500181664 11.7455077067
175.439037714 11.3021425667
173.377893763 12.6304236681
171.316749812 13.0116879265
169.255605862 11.6614129698
167.194461911 10.6905432637
165.133317961 11.9449734815
163.07217401 14.1689682089
161.011030059 12.8989633051
158.949886109 11.1670142443
156.888742158 11.6963565863
154.827598208 11.7627662049
152.766454257 14.6347329465
150.705310306 12.0835684175
148.644166356 12.7221141895
146.583022405 11.1498277997
144.521878455 12.8300724236
142.460734504 14.2488286246
140.399590553 12.0937680569
138.338446603 14.611708047
136.277302652 11.5586226956
134.216158702 13.5258327383
132.155014751 12.3836781414
130.0938708 11.7862787024
128.03272685 10.7984217597
125.971582899 12.0481387851
123.910438949 13.1276463486
121.849294998 12.2229883297
119.788151047 12.5792700239
117.727007097 12.2977975113
115.665863146 13.4236512846
113.604719196 14.02420563
111.543575245 14.5149758703
109.482431295 15.5644636572
107.421287344 14.5231390559
105.360143393 17.193922061
103.298999443 16.7932459728
101.237855492 19.8320237446
99.1767115415 19.9925108444
97.1155675909 21.5488878573
95.0544236403 21.5286810649
92.9932796897 23.7508633952
90.9321357391 20.8727392357
88.8709917885 24.1023742469
86.8098478379 23.2634091105
84.7487038873 23.1567067159
82.6875599367 23.7188068774
80.6264159861 22.8458372681
78.5652720355 22.6868273991
76.5041280849 25.3867011845
74.4429841343 24.7758151981
72.3818401837 26.5834240378
70.3206962331 21.5088244656
68.2595522825 22.9193140602
66.1984083319 22.1515959625
64.1372643813 22.7551711026
62.0761204307 20.8349766602
60.0149764801 21.6463555623
57.9538325295 24.8001482995
55.8926885789 23.6019427222
53.8315446283 26.1326945513
51.7704006777 27.0459546503
49.7092567271 28.0033152539
47.6481127765 29.0132911807
45.5869688259 28.6926831486
43.5258248753 30.2237789746
41.4646809247 29.3119938541
39.4035369742 30.1228563346
37.3423930236 28.4318556754
35.281249073 25.9791594731
33.2201051224 27.4400466286
31.1589611718 29.5575385109
29.0978172212 31.7428857155
27.0366732706 31.9707788531
24.97552932 32.3213771126
22.9143853694 32.9461018371
20.8532414188 34.1153575626
18.7920974682 32.4093470072
16.7309535176 32.3553196709
14.669809567 34.7468190152
12.6086656164 35.4535973189
10.5475216658 38.7040234729
8.48637771517 35.2411579726
6.42523376457 34.8130258812
4.36408981397 33.282326619
2.30294586338 32.7530893817
0.241801912777 32.1296519492
-1.81934203782 26.8589764594
-3.88048598842 20.7072432963
-5.94162993902 14.7137082342
-8.00277388962 12.8910093785
-10.0639178402 11.599778797
-12.1250617908 10.5125493805
-14.1862057414 10.8864573318
-16.247349692 13.28238439
-18.3084936426 13.3496853524
-20.3696375932 12.012541472
-22.4307815438 14.2323426404
-24.4919254944 12.3869206145
-26.553069445 13.063105347
-28.6142133956 13.1506353904
-30.6753573462 12.7013215586
-32.7365012968 14.7527199967
-34.7976452474 10.7744022953
-36.858789198 12.8763360442
-38.9199331486 11.7780642265
-40.9810770992 10.8868091164
-43.0422210498 12.1087392703
-45.1033650004 11.4927083056
-47.164508951 10.4634535522
-49.2256529016 11.6330991603
-51.2867968522 11.4457702844
-53.3479408028 10.3458960413
-55.4090847534 7.69299223726
-57.470228704 6.97194187629
-59.5313726546 6.16383118863
-61.5925166052 6.31614813873
-63.6536605558 4.90516453119
-65.7148045064 5.54270710387
-67.775948457 3.93773650551
-69.8370924076 3.33730529871
-71.8982363582 2.10206193436
-73.9593803088 2.47557730763
-76.0205242594 2.73959534671
-78.08166821 1.80383502568
-80.1428121606 4.2927237455
-82.2039561112 3.22346243336
-84.2651000618 4.33946116335
-86.3262440124 3.12237556991
-88.387387963 1.79391258571
-90.4485319136 -1.00687615698
-92.5096758642 2.47799816835
-94.5708198148 1.32064450271
-96.6319637654 0.0213831474285
-98.693107716 0.162284694703
-100.754251667 -0.455992470532
-102.815395617 1.5889863795
-104.876539568 0.370166165024
-106.937683518 0.211431828956
-108.998827469 -0.0619299031712
-111.05997142 0.742731857798
-113.12111537 -0.212097298202
-115.182259321 0.00949526614161
-117.243403271 -1.23144421416
-119.304547222 -2.25878797646
-121.365691173 -0.759873542407
-123.426835123 -1.08892083038
-125.487979074 0.219642891102
-127.549123024 -1.32912675472
-129.610266975 -1.29554097843
-131.671410926 -0.766653048187
-133.732554876 -0.69090877879
-135.793698827 -2.86620809924
-137.854842777 -0.967240721829
-139.915986728 0.0970762636419
-141.977130679 0.186392937808
-144.038274629 -0.418933175006
-146.09941858 -2.79754813695
-148.16056253 -0.724636458453
-150.221706481 -2.55399818737
-152.282850432 -3.2528233941
-154.343994382 -2.45175504835
-156.405138333 -2.32730308843
-158.466282283 -3.41420435951
-160.527426234 -2.09758478769
-162.588570185 -2.76338235367
-164.649714135 -3.60602661464
-166.710858086 -1.7910212146
-168.772002036 -2.00765109629
-170.833145987 -1.90086297153
-172.894289938 -3.38146418348
-174.955433888 -2.74748483692
-177.016577839 -3.28161957204
-179.077721789 -2.60814450222
-181.13886574 -2.81881102946
-183.200009691 -2.10022301158
-185.261153641 -2.5143964515
-187.322297592 -4.3631070443
-189.383441542 -2.31145404823
-191.444585493 -1.97207184697
-193.505729443 -2.42276100349
-195.566873394 -3.03555366606
-197.628017345 -3.28106073909
-199.689161295 -2.41148750119
-201.750305246 -2.62454034178
-203.811449196 -2.30321796048
-205.872593147 -2.03174765541
-207.933737098 -2.55120438364
-209.994881048 -1.6653005222
-212.056024999 -1.49476549667
-214.117168949 -0.368506385917
-216.1783129 -0.692490474992
-218.239456851 0.141501648437
-220.300600801 0.178056541614
-222.361744752 -0.0972223559198
