# BEGINHEADER
# This file contains data from the SALSA 2m radio telescope.
# DATE=2020-05-13T06:26:40.0
# GLON and GLAT given in degrees
# GLON=42.9146911129
# GLAT=-0.364601105695
# DATA in two columns below. Col. 1 is velocity relative to LSR [km/s]. Col. 2 is uncalibrated antenna temperature [K].
# ENDHEADER
304.668577708 0.000726305756667
302.607433757 1.17592990894
300.546289807 1.00379908939
298.485145856 1.94608095096
296.424001905 1.93886408282
294.362857955 2.50239342861
292.301714004 3.75257548842
290.240570054 2.76625519319
288.179426103 2.92657337111
286.118282152 3.76381192388
284.057138202 4.36872818084
281.995994251 4.56019891541
279.934850301 5.30934659898
277.87370635 7.17307131065
275.812562399 5.6932919595
273.751418449 5.70781750166
271.690274498 6.14784484189
269.629130548 6.49527477433
267.567986597 7.6482504933
265.506842646 8.90144557467
263.445698696 8.93401283825
261.384554745 7.14184662109
259.323410795 7.86653864295
257.262266844 9.55096599443
255.201122893 9.73031560493
253.139978943 8.73006903357
251.078834992 10.4878989808
249.017691042 9.72477109763
246.956547091 8.16626908681
244.89540314 10.0110339563
242.83425919 9.85962610581
240.773115239 10.9847836668
238.711971289 10.372485374
236.650827338 10.8838817855
234.589683387 8.04851598989
232.528539437 10.3410374668
230.467395486 11.2363043945
228.406251536 9.64290602143
226.345107585 11.5804970604
224.283963634 12.0682503947
222.222819684 11.1589425646
220.161675733 9.87099257361
218.100531783 9.60435559783
216.039387832 11.1087171212
213.978243881 11.5530867959
211.917099931 11.3582391376
209.85595598 12.6039388845
207.79481203 12.0913882923
205.733668079 12.783023455
203.672524128 10.8335500545
201.611380178 10.5508474815
199.550236227 11.713601978
197.489092277 10.7800143689
195.427948326 10.8035199938
193.366804375 11.6430932131
191.305660425 12.6938275771
189.244516474 12.5735195878
187.183372524 11.3057144969
185.122228573 12.447583777
183.061084622 11.0200547004
180.999940672 12.102163806
178.938796721 12.5889459239
176.877652771 10.1639772906
174.81650882 11.7270976175
172.755364869 11.7163738842
170.694220919 11.3678459427
168.633076968 12.1321324
166.571933018 11.1958388973
164.510789067 11.3525545552
162.449645116 12.8652530249
160.388501166 12.0283211098
158.327357215 11.352480053
156.266213265 11.9019557655
154.205069314 12.1007614111
152.143925363 12.2688294533
150.082781413 12.2734892233
148.021637462 13.6046347385
145.960493512 12.5454176649
143.899349561 11.9744611248
141.83820561 11.1530947184
139.77706166 13.4738280299
137.715917709 12.2910661236
135.654773759 11.4475904326
133.593629808 10.8558015438
131.532485857 10.0999929454
129.471341907 12.629175684
127.410197956 12.1035419126
125.349054006 12.0213089121
123.287910055 10.6977504383
121.226766104 11.0411843437
119.165622154 10.6130727214
117.104478203 11.1975832649
115.043334253 11.0222528351
112.982190302 11.9855972725
110.921046351 9.7933038381
108.859902401 12.0411244083
106.79875845 12.5210646344
104.7376145 11.9151093419
102.676470549 12.9895469675
100.615326598 12.7494225827
98.5541826478 12.4164156746
96.4930386972 12.3183598041
94.4318947466 13.109409819
92.3707507961 12.8812112953
90.3096068455 15.3427387745
88.2484628949 13.4566130966
86.1873189443 13.5501375027
84.1261749937 10.8323646634
82.0650310431 13.3505693051
80.0038870925 15.6165475685
77.9427431419 15.7209480988
75.8815991913 18.133934644
73.8204552407 19.2196737333
71.7593112901 19.8626071234
69.6981673395 24.5356959028
67.6370233889 24.5980910339
65.5758794383 27.1420374777
63.5147354877 29.3030295626
61.4535915371 29.3414416432
59.3924475865 30.2454345689
57.3313036359 33.2087773925
55.2701596853 29.9596334501
53.2090157347 32.7746397969
51.1478717841 31.6071097222
49.0867278335 30.8315377994
47.0255838829 29.4780979383
44.9644399323 28.8742604013
42.9032959817 30.1731780228
40.8421520311 29.8287868136
38.7810080805 30.116183939
36.7198641299 31.8256112974
34.6587201793 33.4590979508
32.5975762287 34.4686774744
30.5364322781 35.6198006996
28.4752883275 33.7904057348
26.4141443769 32.4652189223
24.3530004263 31.7668384611
22.2918564757 30.782040008
20.2307125251 31.9082785058
18.1695685745 33.4181099409
16.1084246239 30.8881579344
14.0472806733 31.5221780263
11.9861367227 30.2702874572
9.92499277211 30.2021197096
7.86384882151 34.0156895493
5.80270487091 35.9215676472
3.74156092031 36.5275445287
1.68041696971 30.9414289687
-0.380726980888 25.1015617957
-2.44187093149 20.9231613414
-4.50301488209 17.4091293129
-6.56415883268 14.5092784469
-8.62530278328 11.6072643583
-10.6864467339 12.035676137
-12.7475906845 11.8735210072
-14.8087346351 12.1925960148
-16.8698785857 11.6402235288
-18.9310225363 11.7709634219
-20.9921664869 11.9214431296
-23.0533104375 11.2933266876
-25.1144543881 12.6387554554
-27.1755983387 14.5824882843
-29.2367422893 13.7708921499
-31.2978862399 12.8251172507
-33.3590301905 15.3607733906
-35.4201741411 15.1849367692
-37.4813180917 14.4145660212
-39.5424620423 15.5479802107
-41.6036059929 14.2437543687
-43.6647499435 15.8072163118
-45.7258938941 14.5079610972
-47.7870378447 16.9440402177
-49.8481817953 15.1938822399
-51.9093257459 13.3467240232
-53.9704696965 14.029266667
-56.0316136471 16.9968710697
-58.0927575976 15.0151127226
-60.1539015482 14.1092379191
-62.2150454988 13.5800950711
-64.2761894494 11.693199071
-66.3373334 8.49588424755
-68.3984773506 8.07383468799
-70.4596213012 7.09657398463
-72.5207652518 6.424213023
-74.5819092024 5.77120925697
-76.643053153 4.54126492377
-78.7041971036 5.83084889805
-80.7653410542 5.37531712708
-82.8264850048 3.90120638776
-84.8876289554 2.70983118598
-86.948772906 3.53708632227
-89.0099168566 2.12965379068
-91.0710608072 2.24057960335
-93.1322047578 3.35949561046
-95.1933487084 2.08232277051
-97.254492659 1.34697964267
-99.3156366096 2.7699227538
-101.37678056 1.84320550678
-103.437924511 1.27721578253
-105.499068461 0.410165383214
-107.560212412 0.0676455484682
-109.621356363 0.712682177928
-111.682500313 2.37022099723
-113.743644264 1.29640618085
-115.804788214 0.968818824864
-117.865932165 0.139426906091
-119.927076116 0.855983748983
-121.988220066 0.654938925011
-124.049364017 -0.0298009855626
-126.110507967 -0.225454978168
-128.171651918 -0.44329206257
-130.232795869 -1.59547093646
-132.293939819 0.152035273915
-134.35508377 0.985269288114
-136.41622772 -0.0264980680496
-138.477371671 -0.673924407719
-140.538515622 1.33385626609
-142.599659572 -1.55809942793
-144.660803523 -0.768318352167
-146.721947473 -0.927333894845
-148.783091424 -1.80379225756
-150.844235375 -0.708335381519
-152.905379325 -1.33113221559
-154.966523276 -1.11842364795
-157.027667226 -1.82104622956
-159.088811177 -1.589638989
-161.149955128 -2.46502938116
-163.211099078 -1.84982519535
-165.272243029 -1.98499498982
-167.333386979 -2.52374346523
-169.39453093 -1.57338390937
-171.455674881 -2.32828460454
-173.516818831 -2.11557560058
-175.577962782 -1.37678001186
-177.639106732 -2.05489291699
-179.700250683 -2.90942845621
-181.761394634 -1.19290855329
-183.822538584 -0.34537759442
-185.883682535 -1.86317370532
-187.944826485 -1.72863040831
-190.005970436 -2.26957210513
-192.067114387 -3.31652988458
-194.128258337 -0.906051336502
-196.189402288 -1.84491210154
-198.250546238 -2.3038560916
-200.311690189 -2.79394163473
-202.37283414 -2.09650635792
-204.43397809 -2.09229276064
-206.495122041 -1.98838938166
-208.556265991 -1.78210896895
-210.617409942 -0.716323964027
-212.678553893 -1.0200000801
-214.739697843 -0.313747965614
-216.800841794 -0.0993170953531
-218.861985744 0.0982103862458
-220.923129695 0.905141495934
