# BEGINHEADER
# This file contains data from the SALSA 2m radio telescope.
# DATE=2020-05-13T05:09:04.0
# GLON and GLAT given in degrees
# GLON=42.8825416809
# GLAT=0.224745218526
# DATA in two columns below. Col. 1 is velocity relative to LSR [km/s]. Col. 2 is uncalibrated antenna temperature [K].
# ENDHEADER
304.549379556 0.000163546587844
302.488235605 0.330706520699
300.427091654 1.27392527494
298.365947704 2.49740251351
296.304803753 2.7413906306
294.243659803 2.48097331617
292.182515852 3.53922287617
290.121371901 3.43732141978
288.060227951 3.29604095373
285.999084 4.58567573542
283.93794005 5.4198946759
281.876796099 5.44414765469
279.815652148 5.96705928444
277.754508198 5.05849763751
275.693364247 6.60868861391
273.632220297 6.05484012623
271.571076346 6.94283891379
269.509932395 8.74532922069
267.448788445 7.68836009764
265.387644494 9.43624179652
263.326500544 7.74486465056
261.265356593 8.76803544102
259.204212642 8.28936755188
257.143068692 9.58591306952
255.081924741 9.21174400632
253.020780791 9.28451186178
250.95963684 9.76984261514
248.898492889 10.4087980121
246.837348939 9.90627747972
244.776204988 10.7899018011
242.715061038 9.38481777888
240.653917087 9.36868454169
238.592773136 11.2791873495
236.531629186 10.4910518762
234.470485235 12.0869722652
232.409341285 11.5228654446
230.348197334 11.3311327727
228.287053383 12.018636011
226.225909433 11.5713748011
224.164765482 11.0227107321
222.103621532 12.9256808147
220.042477581 9.35387693421
217.98133363 10.4431290595
215.92018968 12.0062331885
213.859045729 11.5701074478
211.797901779 12.884226695
209.736757828 12.7065938142
207.675613877 11.6540701737
205.614469927 11.5431355631
203.553325976 10.7433181136
201.492182026 13.2905776227
199.431038075 10.7212294531
197.369894125 11.4454880374
195.308750174 11.993374705
193.247606223 10.8784543225
191.186462273 12.1450677309
189.125318322 13.4023280046
187.064174372 13.2576775016
185.003030421 12.7670904656
182.94188647 11.5391610127
180.88074252 10.8411189012
178.819598569 13.4020667993
176.758454619 12.2447647939
174.697310668 10.9978297988
172.636166717 12.5287159462
170.575022767 11.7402369567
168.513878816 11.2826429631
166.452734866 13.7771148686
164.391590915 11.6811529774
162.330446964 12.2689174785
160.269303014 14.493743881
158.208159063 11.0363450384
156.147015113 12.2602044137
154.085871162 11.3204035866
152.024727211 12.8426670915
149.963583261 12.4171863098
147.90243931 12.512622029
145.84129536 12.4663826018
143.780151409 11.2609946797
141.719007458 10.7035021594
139.657863508 11.5178268749
137.596719557 12.246823521
135.535575607 11.4636827427
133.474431656 10.6441049395
131.413287705 12.0587038383
129.352143755 10.8481180813
127.290999804 12.1458103717
125.229855854 11.4897332674
123.168711903 11.2289207229
121.107567952 12.3666400152
119.046424002 12.6760861667
116.985280051 10.7066831787
114.924136101 11.0295769757
112.86299215 11.9695991113
110.801848199 10.6733962417
108.740704249 13.0276103233
106.679560298 9.69664272314
104.618416348 12.1725255856
102.557272397 10.9872598482
100.496128446 11.5640687377
98.4349844958 11.1221630449
96.3738405452 13.0000583065
94.3126965946 11.844584226
92.251552644 11.3851949794
90.1904086934 11.3830443967
88.1292647428 14.2139590793
86.0681207922 13.8599264818
84.0069768416 14.8468976927
81.945832891 14.9006617159
79.8846889404 14.7934883942
77.8235449898 15.9558767594
75.7624010392 18.5716606354
73.7012570886 20.6781191572
71.640113138 24.0413828161
69.5789691874 25.500681419
67.5178252368 24.2575046401
65.4566812862 27.6347196324
63.3955373356 30.8184108952
61.334393385 33.944716953
59.2732494344 32.3461941128
57.2121054838 31.4311180507
55.1509615332 33.3106518641
53.0898175826 31.9247676476
51.028673632 30.4883472517
48.9675296814 28.8509608095
46.9063857308 29.8773630678
44.8452417802 30.4276158928
42.7840978296 29.1707241157
40.722953879 32.907378472
38.6618099284 30.352916447
36.6006659778 31.9261153937
34.5395220272 33.7966860747
32.4783780766 34.6166524006
30.417234126 35.6564998507
28.3560901754 34.2577178018
26.2949462248 34.4838528888
24.2338022742 33.2753922722
22.1726583236 32.6843589867
20.111514373 33.7253258177
18.0503704224 29.9830957281
15.9892264718 32.937805906
13.9280825212 30.3696153814
11.8669385706 29.1810818448
9.80579462003 30.0564717509
7.74465066943 33.5755110682
5.68350671883 38.7380774804
3.62236276823 38.3319130999
1.56121881763 33.319007418
-0.499925132964 26.8066069227
-2.56106908356 19.7022712082
-4.62221303416 15.5779372723
-6.68335698476 13.3213241665
-8.74450093536 11.6357249737
-10.805644886 11.3713160533
-12.8667888366 11.9130876023
-14.9279327872 11.7728851798
-16.9890767378 9.71230898043
-19.0502206884 8.84388797254
-21.111364639 11.2203939103
-23.1725085895 11.9850089045
-25.2336525401 10.1889185397
-27.2947964907 10.9916265661
-29.3559404413 11.2220177179
-31.4170843919 13.9139796735
-33.4782283425 12.9482455802
-35.5393722931 12.9153478116
-37.6005162437 12.7359561081
-39.6616601943 14.9132181797
-41.7228041449 14.7210709292
-43.7839480955 12.6920009077
-45.8450920461 12.2483785244
-47.9062359967 13.7700161383
-49.9673799473 13.9785150412
-52.0285238979 15.3608903165
-54.0896678485 13.2770155174
-56.1508117991 12.3805024407
-58.2119557497 11.1800651003
-60.2730997003 11.709860112
-62.3342436509 9.29165998842
-64.3953876015 7.19635464754
-66.4565315521 6.67309284969
-68.5176755027 5.92327608681
-70.5788194533 4.57096797115
-72.6399634039 4.55041422905
-74.7011073545 4.52907421174
-76.7622513051 2.60621851498
-78.8233952557 2.67288599214
-80.8845392063 1.16467483097
-82.9456831569 1.92470392742
-85.0068271075 0.654962637328
-87.0679710581 1.7070738284
-89.1291150087 -0.272587203212
-91.1902589593 1.28864479792
-93.2514029099 2.62514137374
-95.3125468605 0.754917516809
-97.3736908111 1.19133085915
-99.4348347617 0.950112457059
-101.495978712 1.45778447298
-103.557122663 -0.0705495164552
-105.618266613 -0.100643884762
-107.679410564 0.562676058657
-109.740554515 1.60342206444
-111.801698465 1.19764263393
-113.862842416 0.0687964684366
-115.923986366 -0.0742887715349
-117.985130317 -0.634497785881
-120.046274268 0.442875275258
-122.107418218 -0.0554531221533
-124.168562169 -2.14669319904
-126.229706119 -0.13412695762
-128.29085007 0.180415611213
-130.351994021 -1.52362317723
-132.413137971 -3.27988201066
-134.474281922 -0.160891045929
-136.535425872 -1.19570080884
-138.596569823 -2.43144688031
-140.657713774 -2.04296869662
-142.718857724 -3.01366189234
-144.780001675 -1.18465361162
-146.841145625 -2.2573768638
-148.902289576 -2.08093478111
-150.963433527 -2.12957341265
-153.024577477 -2.5231968622
-155.085721428 -2.90158050009
-157.146865378 -2.57988146814
-159.208009329 -2.19406920122
-161.26915328 -1.09854874379
-163.33029723 -1.65904478436
-165.391441181 -3.15226471522
-167.452585131 -3.07024504826
-169.513729082 -4.18807590555
-171.574873033 -4.38473085383
-173.636016983 -3.55519523187
-175.697160934 -2.67409857687
-177.758304884 -3.3903921933
-179.819448835 -3.737584432
-181.880592786 -5.0720241797
-183.941736736 -3.58674472358
-186.002880687 -2.32229325463
-188.064024637 -3.29573400642
-190.125168588 -3.25687753701
-192.186312539 -2.93990628002
-194.247456489 -3.06225797063
-196.30860044 -2.28566607932
-198.36974439 -2.49306927835
-200.430888341 -2.89872663783
-202.492032292 -2.54178933345
-204.553176242 -2.80609531174
-206.614320193 -2.38452724979
-208.675464143 -2.47210450629
-210.736608094 -0.982074345715
-212.797752045 -1.20350767008
-214.858895995 -0.77669119515
-216.920039946 -0.143782204554
-218.981183896 0.606659319327
-221.042327847 0.301022944165
