# BEGINHEADER
# This file contains data from the SALSA 2m radio telescope.
# DATE=2020-05-13T05:10:47.0
# GLON and GLAT given in degrees
# GLON=47.5718997222
# GLAT=0.14788543436
# DATA in two columns below. Col. 1 is velocity relative to LSR [km/s]. Col. 2 is uncalibrated antenna temperature [K].
# ENDHEADER
304.663349227 -0.000153335594885
302.602205276 0.265646904557
300.541061326 0.854489413119
298.479917375 1.96075415597
296.418773424 1.74647083264
294.357629474 2.30739152138
292.296485523 3.12780938856
290.235341573 3.20702251726
288.174197622 3.44322928692
286.113053671 4.94839563267
284.051909721 5.64233864319
281.99076577 5.78421338535
279.92962182 5.84333582367
277.868477869 6.19960372713
275.807333918 6.76959110059
273.746189968 6.46543553844
271.685046017 8.52465924818
269.623902067 8.82152652701
267.562758116 8.51309887116
265.501614165 8.18432469849
263.440470215 7.39460573644
261.379326264 9.19513965853
259.318182314 9.6463519531
257.257038363 9.33546098249
255.195894412 9.74268908757
253.134750462 10.9238564896
251.073606511 11.3313978884
249.012462561 11.1228832104
246.95131861 10.0751970879
244.890174659 11.7998662179
242.829030709 11.8810291558
240.767886758 10.6831727685
238.706742808 9.52963518701
236.645598857 10.7149162507
234.584454906 9.8860780867
232.523310956 10.3148998178
230.462167005 10.4128653667
228.401023055 11.5858463452
226.339879104 10.2487408968
224.278735154 10.573612441
222.217591203 12.1937235479
220.156447252 12.1677295977
218.095303302 11.5626418152
216.034159351 10.1141880408
213.973015401 12.4976157581
211.91187145 9.65869316074
209.850727499 11.8344886246
207.789583549 13.7650317534
205.728439598 12.1767045045
203.667295648 13.3652703725
201.606151697 11.566443348
199.545007746 12.2568205352
197.483863796 12.2740439079
195.422719845 13.0743319862
193.361575895 13.5962681035
191.300431944 11.7151481957
189.239287993 12.7172557038
187.178144043 10.9050021489
185.117000092 11.5054839407
183.055856142 9.54327016007
180.994712191 10.3362968125
178.93356824 12.5984923015
176.87242429 12.6855702074
174.811280339 12.3561492348
172.750136389 11.0990005867
170.688992438 12.0994009774
168.627848487 12.9527668098
166.566704537 11.505425366
164.505560586 10.280159847
162.444416636 11.8265738424
160.383272685 11.5843985395
158.322128734 14.0077861689
156.260984784 11.8792991616
154.199840833 9.90713347216
152.138696883 12.2287748346
150.077552932 12.3662788512
148.016408981 13.0674975881
145.955265031 12.5619363361
143.89412108 10.5564976392
141.83297713 12.1689703507
139.771833179 12.3684798601
137.710689228 11.934887982
135.649545278 13.5823109046
133.588401327 10.1141741682
131.527257377 11.3246337444
129.466113426 11.2265322198
127.404969475 11.1540302278
125.343825525 11.3856186119
123.282681574 11.2665799369
121.221537624 10.5170558872
119.160393673 9.38028463251
117.099249722 10.8438153825
115.038105772 11.6249004899
112.976961821 11.9535247194
110.915817871 9.73689677818
108.85467392 12.3386661471
106.793529969 10.9326590992
104.732386019 10.9504045171
102.671242068 10.9712909001
100.610098118 9.4067331698
98.548954167 10.0956592614
96.4878102164 11.5076749198
94.4266662658 11.1617003351
92.3655223152 9.41662436819
90.3043783646 12.4863847936
88.243234414 10.9434041446
86.1820904634 13.2637601744
84.1209465128 13.2227359662
82.0598025622 12.0673060479
79.9986586116 13.7792116057
77.937514661 14.2183538199
75.8763707104 15.9143539748
73.8152267598 17.1345472275
71.7540828092 15.8151628918
69.6929388586 19.9093082158
67.631794908 22.9633390223
65.5706509574 24.039497782
63.5095070068 28.9661538395
61.4483630562 32.4992534756
59.3872191056 32.7321462882
57.326075155 34.4453193032
55.2649312044 34.7389003177
53.2037872538 37.6750679146
51.1426433032 37.1638211861
49.0814993526 37.4495733308
47.020355402 35.6599586349
44.9592114514 33.9275456579
42.8980675008 32.5810604796
40.8369235502 33.6251943409
38.7757795996 29.0455034741
36.714635649 33.1091586723
34.6534916984 29.4910996588
32.5923477478 26.8973603147
30.5312037972 28.5796997714
28.4700598466 27.6777064707
26.408915896 30.8116357566
24.3477719454 34.3538317427
22.2866279948 31.9168143224
20.2254840442 34.1737511036
18.1643400936 35.9746225073
16.103196143 36.3620577133
14.0420521924 35.7638668683
11.9809082418 32.5450886971
9.91976429124 36.7649627362
7.85862034064 36.316803884
5.79747639005 37.7626026324
3.73633243945 38.5648611674
1.67518848885 33.6076195183
-0.385955461751 28.2330248028
-2.44709941235 21.2039906793
-4.50824336295 15.8594827158
-6.56938731355 12.7999236733
-8.63053126415 12.2270465434
-10.6916752147 9.53615127895
-12.7528191653 10.2629717891
-14.8139631159 10.5739289886
-16.8751070665 8.22116405497
-18.9362510171 9.96225854628
-20.9973949677 9.01849114467
-23.0585389183 9.08159635243
-25.1196828689 9.23746184929
-27.1808268195 9.19271846358
-29.2419707701 10.5035965314
-31.3031147207 10.0076739513
-33.3642586713 10.611958053
-35.4254026219 12.2884144535
-37.4865465725 11.3618989401
-39.5476905231 13.8131666166
-41.6088344737 10.8403873615
-43.6699784243 13.3899221407
-45.7311223749 14.9302605972
-47.7922663255 13.0899993451
-49.8534102761 13.6157772968
-51.9145542267 13.1710982056
-53.9756981773 14.5022393433
-56.0368421279 13.6164599785
-58.0979860785 11.7302801725
-60.1591300291 13.4022837174
-62.2202739797 11.9646903848
-64.2814179303 11.0916182396
-66.3425618809 8.79950409956
-68.4037058315 7.5214674415
-70.4648497821 7.04519756878
-72.5259937327 5.78051907638
-74.5871376833 6.79006673336
-76.6482816339 3.69589630124
-78.7094255845 3.04241975735
-80.7705695351 3.73422817995
-82.8317134857 2.51570515444
-84.8928574363 1.48551578597
-86.9540013869 1.47565915145
-89.0151453375 1.90880231815
-91.0762892881 0.154161942204
-93.1374332387 1.03031576173
-95.1985771893 1.30553732255
-97.2597211399 0.463481769633
-99.3208650905 2.55229609967
-101.382009041 0.257560426936
-103.443152992 0.104246343605
-105.504296942 -0.156550258345
-107.565440893 1.53055985769
-109.626584843 2.96267932001
-111.687728794 -1.53413742846
-113.748872745 -0.645545579133
-115.810016695 -0.139849221105
-117.871160646 0.443537882258
-119.932304596 -0.878332269183
-121.993448547 -0.6299308316
-124.054592498 0.800371842706
-126.115736448 -0.37503945138
-128.176880399 -0.955931558882
-130.238024349 -3.38919530706
-132.2991683 -1.69355813575
-134.360312251 -0.524735770823
-136.421456201 -1.175265912
-138.482600152 -2.63641252189
-140.543744102 -2.27512670976
-142.604888053 -1.96256558399
-144.666032004 -2.76797453015
-146.727175954 -0.159293623032
-148.788319905 -2.46302426596
-150.849463855 -2.36931064453
-152.910607806 -4.17806050004
-154.971751757 -3.29043122325
-157.032895707 -3.98194072774
-159.094039658 -2.783081945
-161.155183608 -1.96112774718
-163.216327559 -2.15132634898
-165.27747151 -4.07062569552
-167.33861546 -2.62289068762
-169.399759411 -2.59501286855
-171.460903361 -2.55276209984
-173.522047312 -3.69622385051
-175.583191263 -2.84224714016
-177.644335213 -2.78965052736
-179.705479164 -3.75323288121
-181.766623114 -4.52705541068
-183.827767065 -3.66684980831
-185.888911016 -3.12234109684
-187.950054966 -3.65205898601
-190.011198917 -2.03405767112
-192.072342867 -2.31674957785
-194.133486818 -3.2831426989
-196.194630769 -3.01408221776
-198.255774719 -4.48842811474
-200.31691867 -2.9854799051
-202.37806262 -2.64064136127
-204.439206571 -2.04105399597
-206.500350522 -1.09815880289
-208.561494472 -2.07906908388
-210.622638423 -1.46495826742
-212.683782373 -0.970200274443
-214.744926324 -1.18385775654
-216.806070275 -0.530658763402
-218.867214225 -1.12959480569
-220.928358176 0.190665011154
