# BEGINHEADER
# This file contains data from the SALSA 2m radio telescope.
# DATE=2020-05-13T06:29:53.0
# GLON and GLAT given in degrees
# GLON=47.9269420796
# GLAT=-0.194058741937
# DATA in two columns below. Col. 1 is velocity relative to LSR [km/s]. Col. 2 is uncalibrated antenna temperature [K].
# ENDHEADER
304.724618647 -0.00026402089638
302.663474697 0.404620746176
300.602330746 1.77149314764
298.541186796 1.99206189389
296.480042845 2.03695203042
294.418898894 2.64835495919
292.357754944 2.99319533781
290.296610993 2.82774359674
288.235467043 3.57027725217
286.174323092 4.61717433615
284.113179141 4.64126889331
282.052035191 4.67389896441
279.99089124 5.49671259083
277.92974729 6.37940292601
275.868603339 6.06473590176
273.807459388 6.20667701975
271.746315438 6.83815496499
269.685171487 8.19349356096
267.624027537 6.11552127131
265.562883586 6.37797488718
263.501739635 7.89214032784
261.440595685 8.14795310049
259.379451734 7.75553255337
257.318307784 8.82990738942
255.257163833 8.54082422186
253.196019882 10.6257778425
251.134875932 9.51304775458
249.073731981 9.54972866174
247.012588031 9.29992034227
244.95144408 12.3582659372
242.890300129 9.58332528253
240.829156179 8.27013426944
238.768012228 9.81090670922
236.706868278 10.1184711473
234.645724327 11.0399658428
232.584580376 10.3899073037
230.523436426 10.7133488732
228.462292475 9.60609337065
226.401148525 11.7652488594
224.340004574 10.6463730959
222.278860623 10.9856242309
220.217716673 11.8446018282
218.156572722 11.0633391606
216.095428772 10.6194995566
214.034284821 11.3573883242
211.97314087 10.9107542566
209.91199692 10.5423909278
207.850852969 11.2327335
205.789709019 12.147571673
203.728565068 12.9921072283
201.667421117 13.5504836804
199.606277167 11.4673987687
197.545133216 11.7446912295
195.483989266 10.9660392783
193.422845315 11.7616704683
191.361701364 14.1570304384
189.300557414 12.8466335353
187.239413463 12.0001754243
185.178269513 12.1452345154
183.117125562 10.3491393096
181.055981611 12.5681912666
178.994837661 10.14486124
176.93369371 10.6143759155
174.87254976 11.9715278851
172.811405809 12.6769723679
170.750261858 11.6880497903
168.689117908 12.5020047472
166.627973957 11.7512730759
164.566830007 10.8840588268
162.505686056 10.8749354048
160.444542105 13.5619777757
158.383398155 12.0903422945
156.322254204 11.1764166823
154.261110254 12.3915365773
152.199966303 11.3283633504
150.138822352 11.4329330704
148.077678402 13.1675186687
146.016534451 12.7152768243
143.955390501 12.4040555088
141.89424655 11.3284063943
139.833102599 11.7182640614
137.771958649 13.131474613
135.710814698 13.3181002929
133.649670748 11.1743884382
131.588526797 11.7570513982
129.527382846 12.9377496087
127.466238896 13.161034977
125.405094945 11.4479759151
123.343950995 11.9326096577
121.282807044 12.0051900369
119.221663093 12.8920235741
117.160519143 13.1598017894
115.099375192 13.6212276861
113.038231242 12.9486819821
110.977087291 14.5827808709
108.91594334 10.858415787
106.85479939 11.4775640371
104.793655439 10.1212822515
102.732511489 14.6035884067
100.671367538 13.4921872358
98.6102235875 12.1044311904
96.5490796369 11.8336855795
94.4879356863 14.2077424451
92.4267917357 12.3475279543
90.3656477851 12.2757581738
88.3045038345 10.5624531917
86.2433598839 13.1429565258
84.1822159333 13.0040723036
82.1210719827 13.3235566286
80.0599280321 13.0192439126
77.9987840815 13.2363923104
75.9376401309 15.2905413537
73.8764961803 16.6866944524
71.8153522297 16.8830307384
69.7542082791 20.3739590753
67.6930643285 21.6055467667
65.6319203779 25.382689234
63.5707764273 29.4777127472
61.5096324767 29.3254827134
59.4484885261 31.8233046115
57.3873445755 31.6230474808
55.3262006249 36.4060407825
53.2650566743 35.1743493758
51.2039127237 33.7021670868
49.1427687731 34.8697205299
47.0816248225 37.5898006105
45.0204808719 35.9047434328
42.9593369213 34.5665114214
40.8981929707 32.8526959806
38.8370490201 30.9707010358
36.7759050695 30.2192246577
34.7147611189 29.7235335771
32.6536171683 30.0182527843
30.5924732177 30.4341897699
28.5313292671 31.4199862461
26.4701853165 31.3929755237
24.4090413659 31.3151301308
22.3478974153 32.9127493165
20.2867534647 34.3475940229
18.2256095141 35.7572456853
16.1644655635 34.8510718715
14.1033216129 34.6015993675
12.0421776623 34.1080610769
9.98103371175 37.4358604979
7.91988976115 38.0026571563
5.85874581055 39.6304259324
3.79760185995 41.9553381106
1.73645790935 34.1806089673
-0.324686041247 28.6986309392
-2.38582999185 23.4692803931
-4.44697394244 18.3449612263
-6.50811789304 13.9782786572
-8.56926184364 12.5464087267
-10.6304057942 12.9104357287
-12.6915497448 12.3983854806
-14.7526936954 12.3076742443
-16.813837646 11.0944640846
-18.8749815966 11.0491457926
-20.9361255472 10.5498030916
-22.9972694978 11.0982905775
-25.0584134484 11.3873619656
-27.119557399 9.60276718196
-29.1807013496 11.5967434757
-31.2418453002 11.8822078711
-33.3029892508 11.7069482955
-35.3641332014 12.558486157
-37.425277152 14.378615225
-39.4864211026 12.4579274752
-41.5475650532 14.1868098419
-43.6087090038 14.1035790164
-45.6698529544 15.0788513771
-47.730996905 16.1592742946
-49.7921408556 17.9014584816
-51.8532848062 15.9375788858
-53.9144287568 14.1662614666
-55.9755727074 14.7814141858
-58.036716658 16.1318366291
-60.0978606086 13.101789891
-62.1590045592 15.4853508989
-64.2201485098 12.0906459687
-66.2812924604 8.77267760623
-68.342436411 10.7771279043
-70.4035803616 10.4032494107
-72.4647243122 8.23604129054
-74.5258682628 10.695956102
-76.5870122134 8.14838466486
-78.648156164 6.46706319086
-80.7093001146 4.85688003129
-82.7704440652 4.60629577841
-84.8315880158 3.93284421067
-86.8927319664 5.55739438754
-88.953875917 4.41995382911
-91.0150198676 4.52236655778
-93.0761638182 4.69920423868
-95.1373077688 5.39300584615
-97.1984517194 4.10341008328
-99.25959567 2.72209449011
-101.320739621 2.87995439658
-103.381883571 1.91791722507
-105.443027522 1.84260653191
-107.504171472 3.14306583234
-109.565315423 2.50330321264
-111.626459374 3.65583461493
-113.687603324 3.73390386897
-115.748747275 2.00368467344
-117.809891225 1.1921012784
-119.871035176 0.377964156814
-121.932179127 1.36279013684
-123.993323077 1.53612199112
-126.054467028 1.4815496962
-128.115610978 -0.3986839741
-130.176754929 1.33613440758
-132.23789888 1.35621335865
-134.29904283 0.0434451461018
-136.360186781 0.0244167883329
-138.421330731 -0.436573860885
-140.482474682 -0.414701239588
-142.543618633 -0.51160649762
-144.604762583 -0.588665539551
-146.665906534 -0.34905958061
-148.727050484 -0.644704222258
-150.788194435 -2.50230949374
-152.849338386 0.669696685381
-154.910482336 -0.794372424191
-156.971626287 -0.962522439326
-159.032770237 -1.88873889479
-161.093914188 0.944568487324
-163.155058139 -0.81782293165
-165.216202089 -0.694727423178
-167.27734604 -0.213675250161
-169.33848999 -2.06390083089
-171.399633941 -1.10549809165
-173.460777892 -2.42927486265
-175.521921842 -0.699713382157
-177.583065793 -2.09553974294
-179.644209743 -3.29721563149
-181.705353694 -3.41566004351
-183.766497645 -2.58085447287
-185.827641595 -1.47732058835
-187.888785546 -1.85635090527
-189.949929496 -1.84827200395
-192.011073447 -2.15088459052
-194.072217398 -2.29903760871
-196.133361348 -1.74143170139
-198.194505299 -1.28613544438
-200.255649249 -1.66196388663
-202.3167932 -2.23294718478
-204.377937151 -2.63659687235
-206.439081101 -1.0558588605
-208.500225052 -1.3902893664
-210.561369002 -0.164337585492
-212.622512953 -1.01182705861
-214.683656904 -0.68228289098
-216.744800854 -0.98909940877
-218.805944805 -0.415334683675
-220.867088755 0.231042605366
