# BEGINHEADER
# This file contains data from the SALSA 2m radio telescope.
# DATE=2020-05-13T06:28:24.0
# GLON and GLAT given in degrees
# GLON=46.1698574129
# GLAT=1.25054059201
# DATA in two columns below. Col. 1 is velocity relative to LSR [km/s]. Col. 2 is uncalibrated antenna temperature [K].
# ENDHEADER
304.396951689 -7.26811650848e-05
302.335807738 0.302532232105
300.274663787 0.819882871143
298.213519837 1.17979485835
296.152375886 2.41928867977
294.091231936 3.14147807783
292.030087985 2.85845891028
289.968944034 2.50733925075
287.907800084 4.03657535241
285.846656133 4.46202722945
283.785512183 3.9068654861
281.724368232 3.79324593014
279.663224281 4.93017955364
277.602080331 5.28680365209
275.54093638 6.37771118824
273.47979243 5.64149441714
271.418648479 6.66657181373
269.357504528 6.29902817151
267.296360578 7.68314247817
265.235216627 8.090424016
263.174072677 8.18708918068
261.112928726 8.43843520562
259.051784775 7.2806166325
256.990640825 7.86002048777
254.929496874 8.07676410507
252.868352924 9.08489537435
250.807208973 7.92277380159
248.746065022 9.53052388866
246.684921072 7.93612509482
244.623777121 7.81878420589
242.562633171 9.63613242921
240.50148922 9.67740057616
238.440345269 10.9213271461
236.379201319 8.07457289982
234.318057368 9.86501443867
232.256913418 8.62035571507
230.195769467 10.9397441353
228.134625516 11.279823512
226.073481566 10.2083180527
224.012337615 11.326296536
221.951193665 10.7848725174
219.890049714 11.3679104847
217.828905763 10.0202932651
215.767761813 10.5183505669
213.706617862 12.033306852
211.645473912 10.5270272411
209.584329961 10.1563392573
207.52318601 10.503983042
205.46204206 11.3797800682
203.400898109 11.5724704298
201.339754159 11.9060336144
199.278610208 11.5965431512
197.217466257 10.8659137886
195.156322307 9.68616761733
193.095178356 12.994117661
191.034034406 12.4020016197
188.972890455 9.6857903731
186.911746504 10.6299174598
184.850602554 12.4730331419
182.789458603 11.427681544
180.728314653 11.4900664528
178.667170702 12.2931670509
176.606026751 10.8198504519
174.544882801 11.2911721555
172.48373885 11.9791029441
170.4225949 12.1121373036
168.361450949 13.4467833843
166.300306998 12.4051793784
164.239163048 13.3448315586
162.178019097 11.2645155492
160.116875147 10.7967153648
158.055731196 11.1882609056
155.994587245 11.9051779866
153.933443295 10.3381496098
151.872299344 11.1937066912
149.811155394 12.8071207217
147.750011443 13.3793907031
145.688867492 12.1532999899
143.627723542 11.2485403736
141.566579591 11.4546119937
139.505435641 10.7544864744
137.44429169 11.327149502
135.38314774 12.8204572381
133.322003789 12.3512038555
131.260859838 11.5041516681
129.199715888 13.9552152519
127.138571937 11.9112621641
125.077427987 13.6591802156
123.016284036 12.3950605013
120.955140085 12.0224474143
118.893996135 12.0583535426
116.832852184 11.080144484
114.771708234 10.6398693092
112.710564283 12.4212501003
110.649420332 11.8303904037
108.588276382 11.7761337549
106.527132431 9.67254081904
104.465988481 11.6170863848
102.40484453 13.3929871268
100.343700579 13.7588960838
98.2825566287 12.5121813235
96.2214126781 11.2218209843
94.1602687275 10.9943420108
92.0991247769 12.2409763971
90.0379808263 12.4710447301
87.9768368757 11.8815341115
85.9156929251 11.4319067246
83.8545489745 12.573040274
81.7934050239 11.1509863837
79.7322610733 12.6076009623
77.6711171227 14.1567037973
75.6099731721 13.8127562179
73.5488292215 13.1671743048
71.4876852709 16.9743263512
69.4265413203 15.4453653717
67.3653973697 19.9631787919
65.3042534191 21.1915589791
63.2431094686 23.5421427084
61.181965518 23.6585131122
59.1208215674 24.3801732681
57.0596776168 25.1263015925
54.9985336662 27.1023747565
52.9373897156 28.5081268952
50.876245765 29.2603248633
48.8151018144 28.3290430117
46.7539578638 27.6179533795
44.6928139132 28.0573275391
42.6316699626 29.8735255404
40.570526012 29.0522791639
38.5093820614 27.552461916
36.4482381108 29.4564665141
34.3870941602 27.649625021
32.3259502096 28.3907553779
30.264806259 28.0781292984
28.2036623084 26.8674319487
26.1425183578 29.3343124369
24.0813744072 30.5540349713
22.0202304566 31.4859193918
19.959086506 30.3277814599
17.8979425554 31.3167084346
15.8367986048 30.684482694
13.7756546542 33.2373889916
11.7145107036 34.8659325738
9.65336675299 33.9361185743
7.59222280239 35.2268277786
5.53107885179 37.578163658
3.46993490119 38.0996521252
1.40879095059 34.1444717031
-0.652353000007 27.5255199032
-2.71349695061 19.1750467555
-4.7746409012 16.0929031507
-6.8357848518 12.6278765607
-8.8969288024 13.0617903629
-10.958072753 10.2918328929
-13.0192167036 10.2195069983
-15.0803606542 9.92933201173
-17.1415046048 9.34393858784
-19.2026485554 9.07228169527
-21.263792506 9.54317594339
-23.3249364566 10.3534448328
-25.3860804072 9.28232241
-27.4472243578 6.97674633424
-29.5083683084 11.0154526544
-31.569512259 12.4833476435
-33.6306562096 11.2151403711
-35.6918001602 12.1299478942
-37.7529441108 11.2673154794
-39.8140880614 11.0795312179
-41.875232012 11.9794117969
-43.9363759626 13.1824427064
-45.9975199132 12.5605945376
-48.0586638638 12.064537512
-50.1198078144 13.348843765
-52.180951765 11.5336162149
-54.2420957156 14.1277863425
-56.3032396662 12.6292494892
-58.3643836168 12.7576105846
-60.4255275674 12.4015450293
-62.486671518 9.70287342934
-64.5478154686 12.3972832605
-66.6089594192 11.7995303134
-68.6701033698 8.97916047922
-70.7312473204 10.5174200863
-72.792391271 8.90173872788
-74.8535352216 9.26938763403
-76.9146791722 8.7252075042
-78.9758231228 7.38167675221
-81.0369670734 6.4184014067
-83.098111024 5.22319494059
-85.1592549746 4.46762396574
-87.2203989251 2.29427818232
-89.2815428757 1.64550875341
-91.3426868263 2.24760855428
-93.4038307769 1.519764023
-95.4649747275 3.48514780272
-97.5261186781 2.22117966019
-99.5872626287 1.34267881593
-101.648406579 2.12961323552
-103.70955053 2.38362685522
-105.770694481 2.27673686786
-107.831838431 3.66503302803
-109.892982382 2.83987360906
-111.954126332 1.43123982812
-114.015270283 1.72289643177
-116.076414234 2.04788873062
-118.137558184 3.01540913764
-120.198702135 2.42460764438
-122.259846085 0.313369799204
-124.320990036 -0.219113748654
-126.382133987 1.16889241721
-128.443277937 0.664322521547
-130.504421888 0.409127782995
-132.565565838 -0.735996812891
-134.626709789 -1.45843662397
-136.68785374 -0.675907695583
-138.74899769 0.149934706995
-140.810141641 0.410655584944
-142.871285591 -1.37849295459
-144.932429542 -3.36021614013
-146.993573493 0.780589599685
-149.054717443 -0.208830346319
-151.115861394 -1.11400059963
-153.177005344 -0.0895150109804
-155.238149295 -0.839135073968
-157.299293246 -2.16929599922
-159.360437196 0.56053613883
-161.421581147 -1.31151081268
-163.482725097 -0.704451245695
-165.543869048 -2.63012773624
-167.605012998 -2.84147814188
-169.666156949 -1.51351705087
-171.7273009 -2.12294586488
-173.78844485 -1.33689280561
-175.849588801 -1.31712514406
-177.910732751 -2.9065600891
-179.971876702 -2.81412649768
-182.033020653 -2.84741053563
-184.094164603 -2.46226606336
-186.155308554 -1.84509506614
-188.216452504 -2.08894365801
-190.277596455 -1.33508125951
-192.338740406 -1.12006870986
-194.399884356 -2.22051944188
-196.461028307 -1.89619520306
-198.522172257 -1.62357787652
-200.583316208 -1.92086559888
-202.644460159 -1.68070959823
-204.705604109 -1.77616926781
-206.76674806 -1.79377641414
-208.82789201 -2.16319125277
-210.889035961 -1.59092083917
-212.950179912 -1.00077830735
-215.011323862 0.0755739958079
-217.072467813 -0.80026366693
-219.133611763 -0.148785474809
-221.194755714 0.331881113225
