# BEGINHEADER
# This file contains data from the SALSA 2m radio telescope.
# DATE=2020-05-13T05:14:19.0
# GLON and GLAT given in degrees
# GLON=56.8390678435
# GLAT=0.00321070448932
# DATA in two columns below. Col. 1 is velocity relative to LSR [km/s]. Col. 2 is uncalibrated antenna temperature [K].
# ENDHEADER
304.10729707 0.000236420178936
302.04615312 0.474955502219
299.985009169 1.26590293889
297.923865218 1.80817418881
295.862721268 1.83145275818
293.801577317 1.78917841689
291.740433367 3.12028934644
289.679289416 3.06237494095
287.618145465 3.34732454313
285.557001515 3.89780094142
283.495857564 5.08989343043
281.434713614 4.9487358614
279.373569663 5.25464130571
277.312425712 5.4555845787
275.251281762 5.93563334148
273.190137811 5.87136505767
271.128993861 6.51986666203
269.06784991 7.35720044422
267.006705959 8.1350692776
264.945562009 6.27464027137
262.884418058 7.59165593253
260.823274108 8.98130999559
258.762130157 8.03977514634
256.700986206 8.42937834946
254.639842256 8.71409738868
252.578698305 8.88481952718
250.517554355 9.22571765781
248.456410404 8.69135635085
246.395266453 9.07334093654
244.334122503 9.05091414429
242.272978552 8.81285305371
240.211834602 9.60551596222
238.150690651 10.7089133461
236.0895467 10.6527357901
234.02840275 10.4904131832
231.967258799 11.4361872652
229.906114849 10.8426225993
227.844970898 10.9652290647
225.783826947 10.4144779149
223.722682997 9.43155455396
221.661539046 9.62112686317
219.600395096 11.776331184
217.539251145 10.4288798164
215.478107194 11.5788727163
213.416963244 10.8137156758
211.355819293 11.32967058
209.294675343 11.0334985744
207.233531392 12.6370274715
205.172387441 12.537994667
203.111243491 11.2424272851
201.05009954 11.5631382312
198.98895559 11.3444098732
196.927811639 9.92879767661
194.866667688 8.33136621536
192.805523738 10.5360061851
190.744379787 11.1621177295
188.683235837 10.9695729566
186.622091886 12.5025598797
184.560947935 12.2148228764
182.499803985 10.5877922286
180.438660034 12.2609830118
178.377516084 10.9917960888
176.316372133 11.8412826539
174.255228182 11.1502082879
172.194084232 11.7419690155
170.132940281 12.4023721726
168.071796331 10.8278159613
166.01065238 12.2622958158
163.949508429 13.1851053138
161.888364479 11.3028112943
159.827220528 12.9439823906
157.766076578 12.4253375909
155.704932627 12.2229128008
153.643788676 11.1245645375
151.582644726 11.3450789136
149.521500775 13.5153924804
147.460356825 11.8464870792
145.399212874 9.75335652847
143.338068923 11.940986694
141.276924973 10.9586122772
139.215781022 12.8350528316
137.154637072 10.3963226937
135.093493121 11.6544952843
133.03234917 12.2971166713
130.97120522 9.90017037224
128.910061269 11.1490660027
126.848917319 12.7889532842
124.787773368 11.0291691494
122.726629418 10.9904201984
120.665485467 10.741262521
118.604341516 11.8914712663
116.543197566 11.1015776503
114.482053615 12.5953513596
112.420909665 12.1821085016
110.359765714 11.3803742916
108.298621763 12.7531244886
106.237477813 12.5943485239
104.176333862 10.5094459114
102.115189912 11.6081899789
100.054045961 9.92218156881
97.9929020103 10.7690599875
95.9317580597 11.1962396024
93.8706141091 11.1777859421
91.8094701585 12.8991942928
89.7483262079 8.79503104818
87.6871822573 10.6155057623
85.6260383067 9.64179877892
83.5648943561 10.7493455574
81.5037504055 7.57571705389
79.4426064549 10.8040015441
77.3814625043 10.4703994085
75.3203185537 9.61567824422
73.2591746031 11.7424633107
71.1980306525 9.78904600454
69.1368867019 9.86997686283
67.0757427513 10.682281368
65.0145988007 11.1529578752
62.9534548501 11.698321294
60.8923108995 14.1485448789
58.8311669489 13.8375937644
56.7700229983 13.6266480435
54.7088790477 14.1197569253
52.6477350971 15.4410581225
50.5865911466 16.7323098826
48.525447196 16.4435389725
46.4643032454 17.2824264797
44.4031592948 19.2821013095
42.3420153442 22.9361271911
40.2808713936 25.4795581582
38.219727443 24.5440978013
36.1585834924 25.0456372791
34.0974395418 28.1384529829
32.0362955912 30.1933940127
29.9751516406 31.6042388244
27.91400769 33.5932073205
25.8528637394 30.6236363599
23.7917197888 32.0093193493
21.7305758382 35.2456408424
19.6694318876 32.9914178002
17.608287937 34.0771650657
15.5471439864 32.8098270764
13.4860000358 35.754445255
11.4248560852 40.7014557086
9.36371213458 42.0350581043
7.30256818398 42.7074085535
5.24142423338 38.3565306505
3.18028028278 34.7451560359
1.11913633218 31.0645730286
-0.942007618415 26.2519332177
-3.00315156901 24.6147076495
-5.06429551961 22.1959463294
-7.12543947021 20.6014329236
-9.18658342081 16.51333251
-11.2477273714 17.4405935342
-13.308871322 14.336772937
-15.3700152726 14.3689156679
-17.4311592232 11.4027223202
-19.4923031738 13.809535069
-21.5534471244 10.6282707401
-23.614591075 8.29191369798
-25.6757350256 7.17013853149
-27.7368789762 7.76798277981
-29.7980229268 10.1501701607
-31.8591668774 6.8776737284
-33.920310828 4.73263719552
-35.9814547786 8.08266491169
-38.0425987292 8.35590695882
-40.1037426798 9.57699483539
-42.1648866304 10.1893882306
-44.226030581 9.72555308911
-46.2871745316 9.74871239057
-48.3483184822 10.4728108119
-50.4094624328 10.7611099571
-52.4706063834 10.8400744697
-54.531750334 11.8337656451
-56.5928942846 14.3088231597
-58.6540382352 13.4505725507
-60.7151821858 12.7495062561
-62.7763261364 14.8135176962
-64.837470087 15.8423109059
-66.8986140376 14.0125244672
-68.9597579882 11.481652218
-71.0209019388 8.35994506051
-73.0820458894 9.9738917332
-75.14318984 9.45987484232
-77.2043337906 5.44635925219
-79.2654777412 6.70011477862
-81.3266216918 5.15360735365
-83.3877656424 3.79450082614
-85.448909593 4.58857635829
-87.5100535436 1.92873730767
-89.5711974942 2.51645742411
-91.6323414448 1.30006478818
-93.6934853954 1.71401701074
-95.754629346 1.08215025486
-97.8157732966 1.27898941679
-99.8769172471 -0.155296067522
-101.938061198 1.09689583039
-103.999205148 1.23377378133
-106.060349099 -0.0998336781069
-108.12149305 0.509748498703
-110.182637 0.87321702078
-112.243780951 -1.48585058347
-114.304924901 -0.327696893154
-116.366068852 -0.802069702568
-118.427212803 -1.75579250815
-120.488356753 -1.28718728277
-122.549500704 -2.26480269161
-124.610644654 -1.625363179
-126.671788605 -1.67465487201
-128.732932556 -1.57778998429
-130.794076506 -1.63106573075
-132.855220457 -0.965315472367
-134.916364407 -1.8106616934
-136.977508358 -0.71745181183
-139.038652309 -1.71503526838
-141.099796259 -1.77706829566
-143.16094021 -3.37459252986
-145.22208416 -0.767772506675
-147.283228111 -2.35758410436
-149.344372062 -1.30210178618
-151.405516012 -1.46228453725
-153.466659963 -2.23117662235
-155.527803913 -0.972565437386
-157.588947864 -2.46877522725
-159.650091815 -2.04186964389
-161.711235765 -3.03831886403
-163.772379716 -3.86379792392
-165.833523666 -4.48299621939
-167.894667617 -3.04847989789
-169.955811568 -3.9720025384
-172.016955518 -3.98829214903
-174.078099469 -2.35223565909
-176.139243419 -2.69745914322
-178.20038737 -2.39571947564
-180.26153132 -2.89449231968
-182.322675271 -2.28130282216
-184.383819222 -3.03726446643
-186.444963172 -2.66370478127
-188.506107123 -3.68966616516
-190.567251073 -3.27495286131
-192.628395024 -3.97394253654
-194.689538975 -3.21252243169
-196.750682925 -3.08840910944
-198.811826876 -3.00580159992
-200.872970826 -2.89311610766
-202.934114777 -2.25255274359
-204.995258728 -2.63331048163
-207.056402678 -2.08134896855
-209.117546629 -0.53990110421
-211.178690579 -1.61083628105
-213.23983453 -0.739383960957
-215.300978481 -1.28834064813
-217.362122431 -0.597790701362
-219.423266382 -0.199091486889
-221.484410332 0.324608540644
