# BEGINHEADER
# This file contains data from the SALSA 2m radio telescope.
# DATE=2020-05-13T06:34:60.0
# GLON and GLAT given in degrees
# GLON=57.2368027553
# GLAT=1.19732287769
# DATA in two columns below. Col. 1 is velocity relative to LSR [km/s]. Col. 2 is uncalibrated antenna temperature [K].
# ENDHEADER
303.778146385 0.00037980859071
301.717002435 0.812639667151
299.655858484 1.88032937698
297.594714533 2.24125391876
295.533570583 2.52981293149
293.472426632 2.18408473607
291.411282682 3.09004202269
289.350138731 4.01715176169
287.28899478 4.12429315409
285.22785083 5.05274358742
283.166706879 3.96716393418
281.105562929 4.88552632045
279.044418978 5.27219103443
276.983275027 5.70304929616
274.922131077 5.16314283154
272.860987126 6.62396307237
270.799843176 5.81275214019
268.738699225 7.04570914793
266.677555274 8.08493546104
264.616411324 9.02434249262
262.555267373 9.15826935132
260.494123423 8.89732272362
258.432979472 7.72533769662
256.371835521 9.7770003548
254.310691571 8.30512278189
252.24954762 9.43393435602
250.18840367 9.49274644786
248.127259719 9.28525500708
246.066115768 9.83402378514
244.004971818 8.34372295021
241.943827867 9.46977470252
239.882683917 10.1737125369
237.821539966 9.52271453278
235.760396015 9.68925607362
233.699252065 9.823696363
231.638108114 8.66374213353
229.576964164 10.7615747053
227.515820213 10.5355815837
225.454676262 10.5374913921
223.393532312 11.3822808475
221.332388361 9.96316100602
219.271244411 10.0923538544
217.21010046 11.369913667
215.148956509 9.81708028419
213.087812559 9.99070808094
211.026668608 11.6105690857
208.965524658 10.8854876232
206.904380707 10.862954093
204.843236756 12.1993891052
202.782092806 11.4518414196
200.720948855 10.6518617349
198.659804905 11.7969984271
196.598660954 14.3849882967
194.537517003 13.1346466577
192.476373053 12.0983446853
190.415229102 13.074738179
188.354085152 10.7708692603
186.292941201 10.82392203
184.23179725 11.3335198426
182.1706533 10.2625937711
180.109509349 12.6065985482
178.048365399 11.9406552171
175.987221448 11.4350547674
173.926077497 11.7902115682
171.864933547 12.286336803
169.803789596 12.9257006126
167.742645646 11.6968904795
165.681501695 11.8796361497
163.620357744 11.2308318305
161.559213794 12.9563474902
159.498069843 13.0758304426
157.436925893 11.3438079118
155.375781942 11.8664730299
153.314637991 11.2199171592
151.253494041 13.1252090543
149.19235009 13.0580331664
147.13120614 12.4503018973
145.070062189 12.8997071138
143.008918238 12.0533762758
140.947774288 12.8602730947
138.886630337 11.2837244433
136.825486387 12.84412039
134.764342436 12.8179745102
132.703198485 14.1844075281
130.642054535 11.9312649146
128.580910584 13.3739558428
126.519766634 12.9504286365
124.458622683 12.7261178716
122.397478732 12.8851653607
120.336334782 10.7242199369
118.275190831 10.2024934486
116.214046881 10.9599597982
114.15290293 12.6129063622
112.091758979 11.8074411925
110.030615029 10.7726511044
107.969471078 10.3102996224
105.908327128 11.9759270189
103.847183177 12.5928908198
101.786039226 12.9756036481
99.7248952759 12.2770635229
97.6637513253 12.4568431021
95.6026073747 11.3897994833
93.5414634241 10.8811525101
91.4803194735 10.8738187276
89.4191755229 13.3078538406
87.3580315723 11.1180136727
85.2968876217 11.7737817022
83.2357436711 13.8927701796
81.1745997205 11.4064559991
79.1134557699 10.8032582765
77.0523118193 11.8115154516
74.9911678687 11.0543477143
72.9300239181 11.5330291765
70.8688799675 12.8743354023
68.8077360169 12.7857520452
66.7465920663 11.3466219671
64.6854481157 12.8662996382
62.6243041651 13.9269018905
60.5631602145 14.2659229602
58.5020162639 15.0509900708
56.4408723133 13.8476598516
54.3797283627 14.0927060855
52.3185844121 14.5418969955
50.2574404615 15.0894299255
48.1962965109 18.2573897117
46.1351525603 15.4390925148
44.0740086097 16.380906036
42.0128646591 20.7954791202
39.9517207085 21.435161861
37.8905767579 24.014982162
35.8294328073 23.7152010973
33.7682888567 26.5641293521
31.7071449061 28.6452386408
29.6460009555 26.8955582378
27.5848570049 28.2778479626
25.5237130543 28.5161277325
23.4625691037 29.7866969358
21.4014251531 30.2456868557
19.3402812025 31.0969442778
17.2791372519 32.3404016802
15.2179933013 34.7952306399
13.1568493507 36.771087529
11.0957054001 38.1344529399
9.03456144952 43.3411901995
6.97341749892 43.6604364805
4.91227354832 43.2123687649
2.85112959772 35.31033829
0.789985647126 28.9805177537
-1.27115830347 25.6969803504
-3.33230225407 23.6132712994
-5.39344620467 20.9733068925
-7.45459015527 19.0323208886
-9.51573410587 17.887340603
-11.5768780565 17.0187276955
-13.6380220071 16.5275889892
-15.6991659577 13.9765212136
-17.7603099083 11.7177846405
-19.8214538589 15.3740904725
-21.8825978095 12.9957772346
-23.9437417601 10.8482259457
-26.0048857107 12.3514947967
-28.0660296613 8.72722146941
-30.1271736119 9.4089480215
-32.1883175625 9.05872087093
-34.2494615131 8.34492807969
-36.3106054636 8.93119806435
-38.3717494142 7.88593707554
-40.4328933648 8.60645648585
-42.4940373154 10.3070881029
-44.555181266 10.7736080471
-46.6163252166 9.41975614904
-48.6774691672 11.4445793655
-50.7386131178 11.6347939707
-52.7997570684 12.8885921542
-54.860901019 13.9823337907
-56.9220449696 15.5464337497
-58.9831889202 16.610348636
-61.0443328708 15.6277599291
-63.1054768214 16.6721353201
-65.166620772 18.3270956242
-67.2277647226 15.0457930058
-69.2889086732 15.689316339
-71.3500526238 15.7707131355
-73.4111965744 12.2000803633
-75.472340525 12.2444994474
-77.5334844756 12.8477807303
-79.5946284262 13.4550616985
-81.6557723768 9.08841519475
-83.7169163274 10.1044529809
-85.778060278 7.50355839078
-87.8392042286 7.93722047681
-89.9003481792 8.45335507133
-91.9614921298 7.29056778165
-94.0226360804 4.88598081369
-96.083780031 5.63081517704
-98.1449239816 3.95056356628
-100.206067932 4.82800018451
-102.267211883 4.85096102905
-104.328355833 3.70468179468
-106.389499784 4.0859136455
-108.450643735 3.08266750564
-110.511787685 1.8768771083
-112.572931636 2.58780336983
-114.634075586 2.8671564619
-116.695219537 1.22837992489
-118.756363488 2.96716537421
-120.817507438 1.23429456585
-122.878651389 1.82292331574
-124.939795339 0.755167502981
-127.00093929 1.45958037668
-129.062083241 1.84575653689
-131.123227191 1.6375151789
-133.184371142 1.34831015522
-135.245515092 0.596130703029
-137.306659043 -0.0872801013475
-139.367802994 -0.139996029011
-141.428946944 -0.572757002374
-143.490090895 -0.361865008645
-145.551234845 0.484663842634
-147.612378796 1.1867366224
-149.673522747 -0.252604743083
-151.734666697 -1.44364757648
-153.795810648 -1.99894557758
-155.856954598 -1.27957199608
-157.918098549 -1.63424521489
-159.9792425 -0.558954390071
-162.04038645 -1.2644501264
-164.101530401 -2.32559901202
-166.162674351 -0.382994667812
-168.223818302 -0.562904000691
-170.284962253 -0.926563932461
-172.346106203 -0.0172227445622
-174.407250154 -0.543869392226
-176.468394104 -0.767565565354
-178.529538055 -0.0497146727637
-180.590682006 -2.31384340048
-182.651825956 -0.47319837593
-184.712969907 -0.945390291099
-186.774113857 -1.4694189914
-188.835257808 -1.74079123552
-190.896401759 -1.33364244535
-192.957545709 -1.03030647673
-195.01868966 -2.11314624143
-197.07983361 -1.06337999416
-199.140977561 -1.78385969251
-201.202121512 -1.01752699031
-203.263265462 -0.932425981844
-205.324409413 -0.86349025304
-207.385553363 -1.79656657918
-209.446697314 -1.87797886567
-211.507841265 -1.19118854628
-213.568985215 -0.299263937005
-215.630129166 0.119238579193
-217.691273116 -0.512940001807
-219.752417067 -0.343646563221
-221.813561018 -0.294118925633
