# BEGINHEADER
# This file contains data from the SALSA 2m radio telescope.
# DATE=2020-05-13T05:15:55.0
# GLON and GLAT given in degrees
# GLON=61.8957564451
# GLAT=-0.000884839273221
# DATA in two columns below. Col. 1 is velocity relative to LSR [km/s]. Col. 2 is uncalibrated antenna temperature [K].
# ENDHEADER
303.355267462 0.000251814259508
301.294123511 0.690087310443
299.232979561 1.31155564496
297.17183561 1.89626166943
295.110691659 2.27439751411
293.049547709 2.47535514756
290.988403758 3.92500612361
288.927259808 3.61762642742
286.866115857 3.02399963203
284.804971906 4.42410175184
282.743827956 4.87535592731
280.682684005 5.41959543977
278.621540055 5.29800029618
276.560396104 6.59345370957
274.499252153 7.31114392365
272.438108203 6.93232394061
270.376964252 5.93727891758
268.315820302 6.61953769783
266.254676351 7.86699135019
264.1935324 7.9505783691
262.13238845 8.25225780989
260.071244499 9.01990764601
258.010100549 7.63139945792
255.948956598 9.1181392367
253.887812648 10.3177856518
251.826668697 9.6750660835
249.765524746 8.62310485739
247.704380796 8.36988540537
245.643236845 10.5382225566
243.582092895 9.86418967682
241.520948944 10.2004781187
239.459804993 11.483547436
237.398661043 11.3442126854
235.337517092 9.83733820049
233.276373142 9.97733258522
231.215229191 9.33740324478
229.15408524 11.0237866419
227.09294129 11.7048756915
225.031797339 11.3694854558
222.970653389 11.8984772574
220.909509438 9.74591850708
218.848365487 12.6544972929
216.787221537 11.747474113
214.726077586 11.8499869087
212.664933636 11.3140886855
210.603789685 12.1132783514
208.542645734 10.7540901228
206.481501784 11.4732719251
204.420357833 10.712305571
202.359213883 10.8334996164
200.298069932 11.286574258
198.236925981 11.2481770959
196.175782031 12.0111816381
194.11463808 12.6639150758
192.05349413 11.5583662405
189.992350179 12.5196463838
187.931206228 11.9167136252
185.870062278 11.1817958323
183.808918327 11.3858839217
181.747774377 10.9690691124
179.686630426 12.5802896912
177.625486475 13.3487464864
175.564342525 11.598341047
173.503198574 12.440740186
171.442054624 11.7849306454
169.380910673 12.9011481676
167.319766722 12.4864686324
165.258622772 13.3536407264
163.197478821 12.447239842
161.136334871 12.3839422232
159.07519092 13.102700555
157.014046969 12.3936812724
154.952903019 13.6227991162
152.891759068 12.1875092398
150.830615118 12.8139598247
148.769471167 12.0054103612
146.708327216 12.9818043986
144.647183266 13.5236982914
142.586039315 13.5355170721
140.524895365 10.440165153
138.463751414 12.0086340885
136.402607463 12.7858843466
134.341463513 10.5028920479
132.280319562 10.7406778885
130.219175612 9.59600314366
128.158031661 12.7855382335
126.09688771 11.50181454
124.03574376 11.5932848656
121.974599809 10.7298280898
119.913455859 11.3546081389
117.852311908 12.0438142894
115.791167957 11.6956353844
113.730024007 10.3709897975
111.668880056 10.9557960639
109.607736106 11.6713759838
107.546592155 12.874908474
105.485448204 13.0670714531
103.424304254 12.6286061384
101.363160303 10.6576408104
99.3020163526 11.6980391811
97.240872402 10.7523029254
95.1797284514 10.7112897962
93.1185845008 10.8544846862
91.0574405502 11.7706277841
88.9962965996 12.0212586012
86.935152649 11.161353752
84.8740086984 10.7736852426
82.8128647478 10.7627258657
80.7517207972 12.8302282233
78.6905768466 10.6978533237
76.629432896 10.0112387201
74.5682889454 11.6669889033
72.5071449948 10.8869829748
70.4460010442 10.269607869
68.3848570936 7.04886774925
66.323713143 10.2082945912
64.2625691924 10.1923481665
62.2014252418 11.5791989499
60.1402812912 12.5750270687
58.0791373406 9.83641351617
56.01799339 11.5291165993
53.9568494394 13.5277766761
51.8957054888 12.9086992204
49.8345615382 12.1555445883
47.7734175876 15.631046795
45.712273637 12.1583252
43.6511296864 14.8762907226
41.5899857358 16.4904506699
39.5288417852 17.8553343744
37.4676978346 17.65767327
35.4065538841 19.5041622754
33.3454099335 22.0607087025
31.2842659829 24.5188415399
29.2231220323 28.4376786284
27.1619780817 30.1153190257
25.1008341311 32.6464239204
23.0396901805 32.9583145142
20.9785462299 38.3077671238
18.9174022793 35.5523931725
16.8562583287 37.3547713404
14.7951143781 38.8540485723
12.7339704275 41.9678705212
10.6728264769 44.6601253802
8.61168252627 46.9422239306
6.55053857567 47.4769525025
4.48939462507 48.2280334195
2.42825067447 39.3637268122
0.367106723873 35.455601095
-1.69403722673 30.0994833099
-3.75518117732 27.310746114
-5.81632512792 23.560182947
-7.87746907852 21.4118443987
-9.93861302912 19.7358515688
-11.9997569797 22.1384013375
-14.0609009303 19.3957068741
-16.1220448809 15.0795746909
-18.1831888315 16.1403325208
-20.2443327821 14.1029002888
-22.3054767327 14.6496551121
-24.3666206833 12.2919959469
-26.4277646339 12.2304307039
-28.4889085845 9.56679629484
-30.5500525351 9.14085593922
-32.6111964857 8.7688431946
-34.6723404363 8.72549214246
-36.7334843869 10.136538168
-38.7946283375 7.79676617853
-40.8557722881 7.88967235193
-42.9169162387 7.48691474222
-44.9780601893 7.91175352841
-47.0392041399 10.6055182551
-49.1003480905 9.75140526343
-51.1614920411 9.5163856797
-53.2226359917 9.96558554991
-55.2837799423 10.6812964951
-57.3449238929 13.9559071653
-59.4060678435 14.2802554955
-61.4672117941 15.2929402317
-63.5283557447 16.0043401867
-65.5894996953 16.3080190134
-67.6506436459 18.900070908
-69.7117875965 15.3178440889
-71.7729315471 14.4413411092
-73.8340754977 14.988181076
-75.8952194483 11.1074845367
-77.9563633989 11.5641780382
-80.0175073495 9.7554541391
-82.0786513001 8.34642309732
-84.1397952507 6.95839079681
-86.2009392013 4.21287505145
-88.2620831519 5.21857702721
-90.3232271025 4.29791145469
-92.3843710531 3.86238325063
-94.4455150037 3.13193104099
-96.5066589543 3.0421849783
-98.5678029049 1.94841235904
-100.628946855 1.6524423738
-102.690090806 2.92372828608
-104.751234757 2.35343275986
-106.812378707 2.02714036097
-108.873522658 1.50834959432
-110.934666608 3.33981956647
-112.995810559 2.42128900982
-115.05695451 0.440270632443
-117.11809846 0.626894460979
-119.179242411 -0.195458907518
-121.240386361 2.98134862025
-123.301530312 -0.535106255257
-125.362674263 -1.04916530775
-127.423818213 -1.90934550436
-129.484962164 -0.69453745506
-131.546106114 1.02713275652
-133.607250065 -0.473197175011
-135.668394016 1.59377795093
-137.729537966 -1.73409753011
-139.790681917 0.256253968819
-141.851825867 0.180525806965
-143.912969818 -2.66826456222
-145.974113769 -2.54132578921
-148.035257719 -2.69063497603
-150.09640167 -1.60309860122
-152.15754562 -2.44538979562
-154.218689571 -2.96311009119
-156.279833522 -3.47257886852
-158.340977472 -0.145834583243
-160.402121423 -2.57005027205
-162.463265373 -2.43155889017
-164.524409324 -1.92021570016
-166.585553275 -1.1547096206
-168.646697225 -1.79539115883
-170.707841176 -2.64542998707
-172.768985126 -4.1390160715
-174.830129077 -3.38000575872
-176.891273028 -1.85898399656
-178.952416978 -2.8487056667
-181.013560929 -2.54912364866
-183.074704879 -2.46700338903
-185.13584883 -1.02123555295
-187.196992781 -3.15304268598
-189.258136731 -3.33675428451
-191.319280682 -3.53363621732
-193.380424632 -2.53853098576
-195.441568583 -2.28560277083
-197.502712534 -2.6513766696
-199.563856484 -1.69560269998
-201.625000435 -3.6955918055
-203.686144385 -1.83781451762
-205.747288336 -1.86144205447
-207.808432287 -1.46674920785
-209.869576237 -1.06068346056
-211.930720188 -1.1466098601
-213.991864138 -0.678086188248
-216.053008089 -1.04414202514
-218.11415204 0.282383175901
-220.17529599 0.144388698427
-222.236439941 -0.139433352861
