# BEGINHEADER
# This file contains data from the SALSA 2m radio telescope.
# DATE=2020-05-13T05:19:12.0
# GLON and GLAT given in degrees
# GLON=67.873364431
# GLAT=0.857393792041
# DATA in two columns below. Col. 1 is velocity relative to LSR [km/s]. Col. 2 is uncalibrated antenna temperature [K].
# ENDHEADER
301.88693028 0.000636259696261
299.825786329 0.854990677189
297.764642379 0.929773398875
295.703498428 2.05190722094
293.642354477 2.37179725214
291.581210527 2.88807531055
289.520066576 3.5058980956
287.458922626 3.15043981457
285.397778675 3.85132895423
283.336634724 4.09773820503
281.275490774 5.06475004932
279.214346823 5.91165329881
277.153202873 7.0412946835
275.092058922 6.14895672208
273.030914972 6.54867157467
270.969771021 7.58814329321
268.90862707 7.25975128917
266.84748312 8.06930841955
264.786339169 7.38154663376
262.725195219 8.08691810945
260.664051268 9.39902412795
258.602907317 7.72392583413
256.541763367 8.53520751965
254.480619416 8.1336089222
252.419475466 9.89216627891
250.358331515 9.95818063982
248.297187564 10.3066245749
246.236043614 9.765921458
244.174899663 10.8109266047
242.113755713 10.8156326296
240.052611762 9.45687389304
237.991467811 10.4445793598
235.930323861 9.54248937529
233.86917991 10.1149116191
231.80803596 10.1734994384
229.746892009 11.8196523014
227.685748058 10.5581500813
225.624604108 11.4850352127
223.563460157 9.08994492297
221.502316207 10.4316569236
219.441172256 11.3262584481
217.380028305 12.1938979182
215.318884355 13.315725204
213.257740404 11.6437607528
211.196596454 10.430899624
209.135452503 11.3386784828
207.074308552 11.2582766149
205.013164602 11.8222270549
202.952020651 11.1325873553
200.890876701 10.7699938913
198.82973275 12.6258089764
196.768588799 12.5354038285
194.707444849 11.5137502543
192.646300898 11.5185391771
190.585156948 11.1687237696
188.524012997 12.4904108949
186.462869046 10.4663542182
184.401725096 11.0691745302
182.340581145 12.4528028878
180.279437195 13.2053991099
178.218293244 13.1598068479
176.157149293 12.376184302
174.096005343 13.0913822428
172.034861392 12.0005392402
169.973717442 11.9677075875
167.912573491 11.6198787605
165.85142954 10.6974139656
163.79028559 11.2940748159
161.729141639 11.5239847212
159.667997689 11.8862391667
157.606853738 12.4307594766
155.545709787 12.219112868
153.484565837 12.6097928386
151.423421886 12.174467208
149.362277936 12.1687271792
147.301133985 11.8069758735
145.239990034 11.9212544368
143.178846084 13.1264169533
141.117702133 14.0399410336
139.056558183 10.1605452574
136.995414232 11.5636426056
134.934270281 10.802503886
132.873126331 11.2852431389
130.81198238 11.5514196334
128.75083843 11.2692700201
126.689694479 11.2158805614
124.628550528 11.995291653
122.567406578 12.777608905
120.506262627 13.0688979829
118.445118677 12.6690770714
116.383974726 11.921723115
114.322830775 12.6080469966
112.261686825 11.5673448199
110.200542874 10.7305458288
108.139398924 11.8024440633
106.078254973 10.1260926409
104.017111022 11.6361843279
101.955967072 11.3508715747
99.8948231212 12.8548820532
97.8336791706 11.0841930366
95.77253522 10.1941733472
93.7113912694 12.4413633952
91.6502473188 11.6484264139
89.5891033682 11.6424362793
87.5279594176 9.58659727806
85.466815467 10.2549748323
83.4056715164 12.0970616738
81.3445275658 11.3303779522
79.2833836152 10.3268978335
77.2222396646 11.5291888047
75.161095714 10.6372499929
73.0999517634 10.7637758161
71.0388078128 10.3276145233
68.9776638622 11.9365758139
66.9165199116 11.4944806439
64.855375961 11.9672667149
62.7942320104 10.21768316
60.7330880598 10.4969421082
58.6719441092 10.1554829646
56.6108001586 8.30071682593
54.549656208 10.4917255768
52.4885122574 10.1540277894
50.4273683069 10.1964046527
48.3662243563 11.1339708303
46.3050804057 10.8865971191
44.2439364551 12.1253859434
42.1827925045 10.3857511435
40.1216485539 10.5970017676
38.0605046033 11.3861367179
35.9993606527 11.4216886016
33.9382167021 11.9130631891
31.8770727515 14.973159825
29.8159288009 14.3615046364
27.7547848503 16.0747727987
25.6936408997 18.8671173849
23.6324969491 21.4565211799
21.5713529985 25.6143827443
19.5102090479 28.7898808198
17.4490650973 32.5433019266
15.3879211467 36.4939926989
13.3267771961 42.9061804133
11.2656332455 45.8262691031
9.20448929488 49.4534263957
7.14334534428 52.4050703807
5.08220139368 52.9205578577
3.02105744308 50.5366684471
0.959913492483 46.1121290661
-1.10123045812 41.4303363693
-3.16237440871 35.6605005722
-5.22351835931 29.9679827646
-7.28466230991 25.5725870652
-9.34580626051 24.3040218106
-11.4069502111 20.5275797828
-13.4680941617 20.7559275968
-15.5292381123 17.1506543963
-17.5903820629 17.4990552193
-19.6515260135 17.2705258819
-21.7126699641 15.7362981513
-23.7738139147 15.3385468605
-25.8349578653 14.6769228351
-27.8961018159 12.3905240306
-29.9572457665 10.7727653637
-32.0183897171 10.6639716338
-34.0795336677 6.96833018352
-36.1406776183 6.88706181813
-38.2018215689 8.10488120975
-40.2629655195 8.38405044774
-42.3241094701 8.45644492456
-44.3852534207 9.54186991775
-46.4463973713 9.08985423806
-48.5075413219 11.5991863033
-50.5686852725 11.3843797233
-52.6298292231 11.4449036737
-54.6909731737 12.3800523581
-56.7521171243 13.867466409
-58.8132610749 13.3738896972
-60.8744050255 16.5840796975
-62.9355489761 19.1870257142
-64.9966929267 21.0669633566
-67.0578368773 20.4236405325
-69.1189808279 20.8101271557
-71.1801247785 20.3024693232
-73.2412687291 18.902120414
-75.3024126797 16.3678957067
-77.3635566303 12.9618211114
-79.4247005809 11.6666653946
-81.4858445315 9.63672962271
-83.5469884821 6.85466644774
-85.6081324327 6.11001341394
-87.6692763833 5.48710993386
-89.7304203339 4.88321249679
-91.7915642845 5.43048079489
-93.8527082351 7.41266327112
-95.9138521857 4.25606063928
-97.9749961363 4.29273044918
-100.036140087 2.56702079399
-102.097284037 2.2672942561
-104.158427988 3.48508048743
-106.219571939 1.25586100353
-108.280715889 1.30664626
-110.34185984 1.73512531806
-112.40300379 2.14808500607
-114.464147741 2.39007710569
-116.525291692 -0.101218845249
-118.586435642 1.31241867867
-120.647579593 -0.613746799293
-122.708723543 1.24059622746
-124.769867494 -1.11042580167
-126.831011445 0.123449271527
-128.892155395 -0.00408754071393
-130.953299346 -0.334041177775
-133.014443296 -0.867238740896
-135.075587247 -1.7674067395
-137.136731198 0.10175636533
-139.197875148 -1.13328392167
-141.259019099 -2.36577698496
-143.320163049 -1.70168940574
-145.381307 -2.92211197029
-147.442450951 -1.813979026
-149.503594901 -1.47625749111
-151.564738852 -2.47603874858
-153.625882802 -1.52780683361
-155.687026753 -0.948955598409
-157.748170704 0.436228300804
-159.809314654 -0.998103849528
-161.870458605 -2.90707587273
-163.931602555 -2.71122019006
-165.992746506 -1.24626512442
-168.053890457 -1.99883273363
-170.115034407 -3.12941567721
-172.176178358 -2.61518843311
-174.237322308 -1.0828161284
-176.298466259 -2.74865498665
-178.35961021 -3.03649934601
-180.42075416 -3.11913071958
-182.481898111 -2.68032511786
-184.543042061 -0.985282235486
-186.604186012 -2.67440958369
-188.665329963 -2.60222210775
-190.726473913 -2.53657201591
-192.787617864 -2.8549436261
-194.848761814 -1.67884334607
-196.909905765 -2.33283767077
-198.971049716 -1.47839495567
-201.032193666 -2.68045586257
-203.093337617 -2.92275950195
-205.154481567 -1.01730525334
-207.215625518 -0.813357212121
-209.276769469 -1.42850309767
-211.337913419 -1.31641145843
-213.39905737 -1.599215028
-215.46020132 -0.867485243424
-217.521345271 -0.330066539659
-219.582489222 -0.10805129808
-221.643633172 -0.157036784578
-223.704777123 0.3962135999
