# BEGINHEADER
# This file contains data from the SALSA 2m radio telescope.
# DATE=2020-05-13T05:20:54.0
# GLON and GLAT given in degrees
# GLON=67.8537073384
# GLAT=-0.647258658291
# DATA in two columns below. Col. 1 is velocity relative to LSR [km/s]. Col. 2 is uncalibrated antenna temperature [K].
# ENDHEADER
302.226809921 -6.34012657081e-05
300.165665971 0.276889495868
298.10452202 1.33156748203
296.04337807 1.54766236327
293.982234119 1.71596290213
291.921090168 3.14961956884
289.859946218 3.10225229473
287.798802267 3.1406447984
285.737658317 3.86112783428
283.676514366 4.20498855414
281.615370415 4.97751162238
279.554226465 4.89755395369
277.493082514 5.94542858719
275.431938564 5.904385758
273.370794613 6.34984706887
271.309650662 6.96866764282
269.248506712 9.35757451169
267.187362761 8.74970261329
265.126218811 7.71830620223
263.06507486 10.4660573253
261.003930909 8.85778727672
258.942786959 8.35443282088
256.881643008 7.44388059995
254.820499058 8.5300059605
252.759355107 8.67287898483
250.698211156 8.63119705407
248.637067206 10.169798726
246.575923255 9.99448049262
244.514779305 10.4605017535
242.453635354 9.56316030414
240.392491403 9.46477531808
238.331347453 9.94027064278
236.270203502 9.95546100465
234.209059552 11.1993182963
232.147915601 10.1849490107
230.08677165 10.425598497
228.0256277 10.9113531071
225.964483749 10.9396531332
223.903339799 10.2736166795
221.842195848 12.4174568089
219.781051897 11.0136891845
217.719907947 11.9511283037
215.658763996 12.3073115614
213.597620046 10.8124586257
211.536476095 11.5512125482
209.475332144 11.0911109697
207.414188194 12.2430471196
205.353044243 12.4314742842
203.291900293 11.1485082888
201.230756342 11.4931932627
199.169612391 11.5611881149
197.108468441 10.6226465405
195.04732449 12.5262224323
192.98618054 12.0835729103
190.925036589 10.9915322574
188.863892638 10.7711599548
186.802748688 11.1237194775
184.741604737 10.6306262064
182.680460787 12.0987874652
180.619316836 12.4374551954
178.558172885 13.071895767
176.497028935 14.8446309211
174.435884984 12.2799516557
172.374741034 13.1545505972
170.313597083 11.0907184715
168.252453132 11.7008093367
166.191309182 11.7594967199
164.130165231 11.4797208715
162.069021281 11.2801496131
160.00787733 11.5715375701
157.946733379 12.725993768
155.885589429 11.3420896628
153.824445478 12.0628780611
151.763301528 9.70142108468
149.702157577 12.1246465374
147.641013626 12.5115894991
145.579869676 11.8770515993
143.518725725 13.2102125748
141.457581775 13.250970988
139.396437824 13.0956283864
137.335293873 11.5926216375
135.274149923 12.3699185085
133.213005972 11.5005683383
131.151862022 10.5455962082
129.090718071 10.782672088
127.02957412 11.7533873028
124.96843017 12.8183528
122.907286219 12.1689205426
120.846142269 11.1794494078
118.784998318 11.2002633967
116.723854367 10.3623835748
114.662710417 9.9930002802
112.601566466 11.0668248769
110.540422516 12.2259041429
108.479278565 11.1275669917
106.418134614 10.3815644682
104.356990664 10.1147299663
102.295846713 11.0567242272
100.234702763 11.3395384747
98.1735588121 10.8226528157
96.1124148615 10.0320631889
94.0512709109 11.8764992562
91.9901269603 10.2076384107
89.9289830097 12.1998620883
87.8678390591 11.3921459807
85.8066951085 10.3790816799
83.7455511579 8.894089872
81.6844072073 12.0230055017
79.6232632567 10.9306487719
77.5621193061 11.5286639106
75.5009753555 10.8638048351
73.4398314049 11.010737691
71.3786874543 9.85685292975
69.3175435037 10.5767849749
67.2563995531 12.0181102224
65.1952556025 11.9917884283
63.1341116519 9.86078375644
61.0729677013 9.51231965918
59.0118237507 10.4978251036
56.9506798001 12.0035881466
54.8895358495 11.6131981148
52.8283918989 11.3765824981
50.7672479483 8.30559587466
48.7061039977 10.1693013506
46.6449600471 12.007504199
44.5838160965 10.2590407682
42.5226721459 8.50334706753
40.4615281953 9.6098421331
38.4003842447 11.5205299369
36.3392402941 10.6175089216
34.2780963435 12.9078339984
32.2169523929 14.5835710245
30.1558084423 15.8493550419
28.0946644917 15.403105861
26.0335205411 18.3946132255
23.9723765905 19.915171399
21.9112326399 22.8537478418
19.8500886893 26.8709594405
17.7889447387 30.6257073305
15.7278007881 35.1160041111
13.6666568375 41.2049398739
11.6055128869 45.3308638106
9.54436893633 48.8574555769
7.48322498573 50.9045192586
5.42208103513 52.4269681034
3.36093708453 51.8781177469
1.29979313393 46.7527627878
-0.761350816667 41.8149683354
-2.82249476727 35.0286382299
-4.88363871786 28.6584412389
-6.94478266846 25.2631706427
-9.00592661906 21.2060283101
-11.0670705697 20.3014560665
-13.1282145203 19.1917646291
-15.1893584709 15.7680066225
-17.2505024215 17.4679260276
-19.3116463721 16.0585627421
-21.3727903227 14.0777531164
-23.4339342733 13.9842750659
-25.4950782239 13.8071593002
-27.5562221744 12.7341445284
-29.617366125 11.5688811716
-31.6785100756 11.8187114338
-33.7396540262 8.58581303349
-35.8007979768 7.80375811935
-37.8619419274 6.95178710285
-39.923085878 7.39926679024
-41.9842298286 8.73526204838
-44.0453737792 10.4804507103
-46.1065177298 8.24311273154
-48.1676616804 7.65884444629
-50.228805631 8.44180058771
-52.2899495816 7.6312511558
-54.3510935322 11.4121736369
-56.4122374828 11.1869404679
-58.4733814334 10.8741677498
-60.534525384 13.3668780876
-62.5956693346 13.263592032
-64.6568132852 14.442634996
-66.7179572358 15.6466080085
-68.7791011864 14.0332190852
-70.840245137 15.846470992
-72.9013890876 13.2852427371
-74.9625330382 10.7064907061
-77.0236769888 10.2557161551
-79.0848209394 10.0358599919
-81.14596489 7.13143403321
-83.2071088406 6.74865201848
-85.2682527912 5.54884136964
-87.3293967418 4.07476762113
-89.3905406924 5.12262749377
-91.451684643 3.97440808527
-93.5128285936 3.92555178437
-95.5739725442 4.30566686441
-97.6351164948 1.83248766897
-99.6962604454 1.97611205123
-101.757404396 2.27258981763
-103.818548347 2.97174195085
-105.879692297 1.63863311029
-107.940836248 0.944515988841
-110.001980198 0.338111978833
-112.063124149 -1.74169281927
-114.1242681 0.0954073458635
-116.18541205 2.11205434115
-118.246556001 1.46031587006
-120.307699951 0.317332683938
-122.368843902 0.534115900527
-124.429987853 -0.315022312105
-126.491131803 1.10153158012
-128.552275754 -2.48190104075
-130.613419704 -1.07586396152
-132.674563655 -1.44010214005
-134.735707606 -1.4897424971
-136.796851556 0.321610274883
-138.857995507 -1.45922563883
-140.919139457 -1.3915836545
-142.980283408 -1.99191018983
-145.041427359 -1.42310799192
-147.102571309 -1.5388624277
-149.16371526 -1.47140691058
-151.22485921 -1.38415578776
-153.286003161 -1.99779856707
-155.347147112 -1.49819022327
-157.408291062 -0.994790779431
-159.469435013 -2.60583358631
-161.530578963 -1.78917534739
-163.591722914 -1.24239061759
-165.652866865 -1.94576833606
-167.714010815 -0.508064765137
-169.775154766 -2.34599703304
-171.836298716 -2.45848890553
-173.897442667 -3.52893287922
-175.958586618 -3.17124416286
-178.019730568 -2.31581575603
-180.080874519 -2.75397279357
-182.142018469 -1.55412099209
-184.20316242 -1.8126004676
-186.264306371 -2.16247149696
-188.325450321 -2.63824421484
-190.386594272 -2.65275657037
-192.447738222 -1.81980269875
-194.508882173 -2.80627729865
-196.570026124 -3.20117937414
-198.631170074 -2.57012489079
-200.692314025 -1.90772980852
-202.753457975 -2.72601721041
-204.814601926 -1.74319757477
-206.875745877 -2.08425402142
-208.936889827 -1.23368571046
-210.998033778 -1.51631695762
-213.059177728 -1.36452581053
-215.120321679 -1.25623789369
-217.18146563 -0.662716743849
-219.24260958 -0.104125671806
-221.303753531 -0.328888753845
-223.364897481 0.537005516554
