# BEGINHEADER
# This file contains data from the SALSA 2m radio telescope.
# DATE=2020-05-13T06:42:47.0
# GLON and GLAT given in degrees
# GLON=71.2354688895
# GLAT=1.06095825749
# DATA in two columns below. Col. 1 is velocity relative to LSR [km/s]. Col. 2 is uncalibrated antenna temperature [K].
# ENDHEADER
300.943077458 0.000250929720604
298.881933507 0.654449575834
296.820789556 1.31019333411
294.759645606 1.93158309596
292.698501655 1.69805093612
290.637357705 2.26164652412
288.576213754 2.73330936322
286.515069803 3.37781922905
284.453925853 3.10852151592
282.392781902 3.64470137853
280.331637952 3.89454877861
278.270494001 4.26765445623
276.20935005 4.38489200081
274.1482061 5.82083387864
272.087062149 5.84533549976
270.025918199 6.10193851555
267.964774248 5.79910314772
265.903630297 6.87049205867
263.842486347 7.73733511751
261.781342396 7.36271188253
259.720198446 6.90080170165
257.659054495 7.6978683497
255.597910544 8.18541810907
253.536766594 8.65000067082
251.475622643 10.5510094526
249.414478693 10.1909374744
247.353334742 10.5269294526
245.292190791 8.86652240098
243.231046841 10.4743685589
241.16990289 9.43769312651
239.10875894 10.4359950307
237.047614989 10.2377583472
234.986471038 10.1024973606
232.925327088 10.3924978254
230.864183137 9.480186621
228.803039187 8.36995120502
226.741895236 9.81035454825
224.680751285 11.460912144
222.619607335 10.4451617478
220.558463384 9.99322601943
218.497319434 10.552334773
216.436175483 10.3518780152
214.375031532 11.8248998607
212.313887582 10.6975460965
210.252743631 10.1071305823
208.191599681 10.8537651043
206.13045573 12.1251726388
204.069311779 11.0592936665
202.008167829 9.54572472387
199.947023878 9.71896492776
197.885879928 12.2102051014
195.824735977 11.8343875172
193.763592026 12.2236955337
191.702448076 12.2619488666
189.641304125 10.9577635857
187.580160175 12.6190331239
185.519016224 12.0894636037
183.457872273 12.5435216024
181.396728323 10.2440518269
179.335584372 10.9554533544
177.274440422 11.5080290939
175.213296471 13.2388489329
173.15215252 14.4762515249
171.09100857 11.7318448411
169.029864619 11.3890838017
166.968720669 11.0371233837
164.907576718 11.2034838527
162.846432767 12.7627649158
160.785288817 9.45984225721
158.724144866 11.1677817132
156.663000916 13.6441971839
154.601856965 13.58089687
152.540713014 12.3121428078
150.479569064 12.6370802881
148.418425113 13.7138314731
146.357281163 12.3592298306
144.296137212 12.7122986808
142.234993261 10.0691788928
140.173849311 11.3064374374
138.11270536 12.7440832435
136.05156141 12.9030624144
133.990417459 13.3060273498
131.929273508 13.7607808524
129.868129558 12.1717374312
127.806985607 10.9119248308
125.745841657 12.9073798964
123.684697706 12.0276903088
121.623553755 10.4951041671
119.562409805 11.0379396308
117.501265854 11.5169170657
115.440121904 12.7353068992
113.378977953 11.9074016524
111.317834002 11.0508477524
109.256690052 12.0238762743
107.195546101 12.6968510014
105.134402151 10.8058427569
103.0732582 12.5859169026
101.01211425 11.0920460753
98.9509702989 11.2195559335
96.8898263483 9.92181447752
94.8286823977 13.3985333793
92.7675384471 12.6078010478
90.7063944965 12.6562922068
88.6452505459 11.0331422548
86.5841065953 12.288369244
84.5229626447 10.3903438991
82.4618186941 12.3975872279
80.4006747435 11.0256700682
78.3395307929 10.7416491238
76.2783868423 10.7343201629
74.2172428917 11.7791654253
72.1560989411 12.3078572614
70.0949549905 10.9938583759
68.0338110399 10.6875702254
65.9726670893 12.4623557488
63.9115231387 10.3986406052
61.8503791881 12.9598928556
59.7892352375 11.4034916779
57.7280912869 11.3507440868
55.6669473363 11.7847737013
53.6058033857 11.6727838808
51.5446594351 12.0491776621
49.4835154845 10.4714884205
47.4223715339 12.8225424411
45.3612275833 12.3896854467
43.3000836327 12.5230110484
41.2389396821 11.9358538089
39.1777957315 12.6201930169
37.1166517809 10.3163879235
35.0555078303 11.6066668209
32.9943638797 11.6472808987
30.9332199292 12.5151260886
28.8720759786 12.8363931094
26.810932028 13.6392537651
24.7497880774 17.0724144153
22.6886441268 15.8159552852
20.6275001762 19.900861871
18.5663562256 23.902009797
16.505212275 24.6678397196
14.4440683244 30.1029663217
12.3829243738 35.9512849915
10.3217804232 41.0887085046
8.26063647257 44.0036357474
6.19949252197 49.6789035112
4.13834857137 51.7141526923
2.07720462077 51.0277795795
0.0160606701713 48.4834081504
-2.04508328043 44.1958932509
-4.10622723103 38.1215118751
-6.16737118162 36.1050239038
-8.22851513222 32.5730303679
-10.2896590828 27.9194714252
-12.3508030334 24.4600797927
-14.411946984 22.9808817038
-16.4730909346 20.0104768203
-18.5342348852 19.2509912856
-20.5953788358 19.3610852156
-22.6565227864 17.850567751
-24.717666737 18.9513183092
-26.7788106876 16.6552369937
-28.8399546382 15.2186968252
-30.9010985888 15.3937145845
-32.9622425394 14.337342116
-35.02338649 14.7665072705
-37.0845304406 15.1340268903
-39.1456743912 15.5583772657
-41.2068183418 14.0419297398
-43.2679622924 12.5051992628
-45.329106243 13.1228613447
-47.3902501936 14.4462988019
-49.4513941442 11.3725963318
-51.5125380948 12.5031352474
-53.5736820454 14.1397632818
-55.634825996 16.4381361117
-57.6959699466 17.310812094
-59.7571138972 15.991648847
-61.8182578478 16.1574114114
-63.8794017984 17.042354401
-65.940545749 19.4495919155
-68.0016896996 21.3062336714
-70.0628336502 20.194693388
-72.1239776008 19.8872756364
-74.1851215514 18.4113445329
-76.246265502 19.2964074623
-78.3074094526 17.2731302554
-80.3685534032 16.8478486837
-82.4296973538 13.7847666509
-84.4908413044 11.8501001651
-86.551985255 10.0167564173
-88.6131292056 8.38079747408
-90.6742731562 4.73306728624
-92.7354171068 8.17640109617
-94.7965610574 6.43432039714
-96.857705008 6.57478218828
-98.9188489586 5.25201089022
-100.979992909 5.14036046336
-103.04113686 4.06349541126
-105.10228081 7.13795650987
-107.163424761 5.16773192613
-109.224568712 5.21217615979
-111.285712662 3.7973455981
-113.346856613 2.9599498565
-115.408000563 2.95988484088
-117.469144514 4.24729556313
-119.530288465 2.33889941929
-121.591432415 3.46115548712
-123.652576366 2.26493444215
-125.713720316 2.47827670261
-127.774864267 0.515671375577
-129.836008218 0.598505161648
-131.897152168 -0.534316104856
-133.958296119 0.69157863161
-136.019440069 1.07015117553
-138.08058402 2.03858425782
-140.141727971 1.60011981355
-142.202871921 -0.62995152201
-144.264015872 0.769343038723
-146.325159822 -0.0355110959178
-148.386303773 0.751369851321
-150.447447724 -0.672994043271
-152.508591674 0.0190516186175
-154.569735625 0.481914584828
-156.630879575 0.215888783982
-158.692023526 0.451849803977
-160.753167477 0.955308386875
-162.814311427 0.537220032914
-164.875455378 0.0181084650335
-166.936599328 -0.875378649555
-168.997743279 -0.591163252449
-171.05888723 0.374248095302
-173.12003118 -0.570850071316
-175.181175131 -1.51990723753
-177.242319081 -2.58699078104
-179.303463032 -2.06903521709
-181.364606983 -1.90050068097
-183.425750933 -0.388569347674
-185.486894884 -0.202586627651
-187.548038834 -1.07448518519
-189.609182785 -2.59641882643
-191.670326736 -0.878257495592
-193.731470686 -2.7829934323
-195.792614637 -1.07552510163
-197.853758587 -0.944186423266
-199.914902538 -1.34106151149
-201.976046488 -1.22674516249
-204.037190439 -1.23307648742
-206.09833439 -0.88318385956
-208.15947834 -0.584649894693
-210.220622291 -0.529350826593
-212.281766241 -0.690868276577
-214.342910192 -0.91693557798
-216.404054143 0.0939539219385
-218.465198093 -1.27512461094
-220.526342044 0.294727036152
-222.587485994 -0.0558852585035
-224.648629945 0.316351997245
