# BEGINHEADER
# This file contains data from the SALSA 2m radio telescope.
# DATE=2020-05-13T06:46:24.0
# GLON and GLAT given in degrees
# GLON=72.8129154
# GLAT=2.08170502301
# DATA in two columns below. Col. 1 is velocity relative to LSR [km/s]. Col. 2 is uncalibrated antenna temperature [K].
# ENDHEADER
300.237239859 0.000831634166416
298.176095909 0.842441982818
296.114951958 1.44756393445
294.053808008 1.34841764104
291.992664057 2.2111215166
289.931520106 2.94481527749
287.870376156 3.09856426969
285.809232205 2.81317388497
283.748088255 3.87527969733
281.686944304 3.19780555673
279.625800353 3.64150612271
277.564656403 4.51021269011
275.503512452 4.31727281906
273.442368502 6.21021250739
271.381224551 5.51238413502
269.3200806 5.54022444267
267.25893665 5.72953369709
265.197792699 6.38230436331
263.136648749 7.30353427069
261.075504798 6.86116653931
259.014360847 8.43677945777
256.953216897 6.38545401847
254.892072946 7.60468922767
252.830928996 8.18356353432
250.769785045 7.57608783366
248.708641094 8.04784086233
246.647497144 8.96300617685
244.586353193 8.87112273483
242.525209243 9.09821569012
240.464065292 10.0536182763
238.402921341 9.38871690981
236.341777391 8.8908980923
234.28063344 9.62706038932
232.21948949 9.39135014694
230.158345539 11.3275481483
228.097201588 10.6868213565
226.036057638 11.0402701597
223.974913687 11.0966076515
221.913769737 10.5275150258
219.852625786 9.89824140683
217.791481835 10.4351729988
215.730337885 12.5879033894
213.669193934 11.1702158364
211.608049984 9.36647480728
209.546906033 8.44299029624
207.485762082 10.9227131818
205.424618132 11.6904093207
203.363474181 11.4415311915
201.302330231 9.32640498875
199.24118628 11.2838262134
197.180042329 10.8105921281
195.118898379 10.8484936318
193.057754428 11.3588685841
190.996610478 11.0113166429
188.935466527 11.3999015124
186.874322576 10.7813302612
184.813178626 11.4088851605
182.752034675 11.1653129498
180.690890725 11.8226528572
178.629746774 10.0418849556
176.568602823 9.63074377554
174.507458873 11.1381726512
172.446314922 13.3686804257
170.385170972 10.9700672262
168.324027021 11.700361311
166.26288307 12.1726958819
164.20173912 12.7259447829
162.140595169 9.83673008259
160.079451219 12.1911038371
158.018307268 11.4096306307
155.957163317 10.7959956466
153.896019367 10.7850065141
151.834875416 13.0259279911
149.773731466 13.8503311887
147.712587515 12.4768758957
145.651443564 11.6637642866
143.590299614 11.7816776316
141.529155663 12.2468533345
139.468011713 11.5297476308
137.406867762 11.0279114029
135.345723811 11.1651289186
133.284579861 11.0982634575
131.22343591 10.3562862592
129.16229196 10.8549167991
127.101148009 12.0812866374
125.040004058 11.598725755
122.978860108 11.4339653896
120.917716157 10.5719892504
118.856572207 12.1001688245
116.795428256 11.5064523253
114.734284305 12.3518257299
112.673140355 11.3662860139
110.611996404 12.4263783725
108.550852454 12.0996592216
106.489708503 10.6147474832
104.428564552 11.4612360648
102.367420602 12.6914006605
100.306276651 12.8216086449
98.2451327006 13.2390124027
96.18398875 12.0049228177
94.1228447994 10.8421133294
92.0617008488 12.7557289571
90.0005568982 12.5896805493
87.9394129476 11.5938754203
85.8782689971 11.2461165501
83.8171250465 11.5284222286
81.7559810959 11.5418998131
79.6948371453 11.3865630199
77.6336931947 12.0095673769
75.5725492441 12.2081274257
73.5114052935 12.4025364769
71.4502613429 12.2043814292
69.3891173923 11.3898571531
67.3279734417 12.1478083734
65.2668294911 9.46794674173
63.2056855405 10.5422991285
61.1445415899 12.9103722655
59.0833976393 11.5323343607
57.0222536887 11.7383211178
54.9611097381 12.6583139424
52.8999657875 11.4549099706
50.8388218369 11.516832217
48.7776778863 11.3389333488
46.7165339357 10.6788829545
44.6553899851 9.97748231387
42.5942460345 10.8483221008
40.5331020839 11.7735107952
38.4719581333 10.7534619701
36.4108141827 10.4493790969
34.3496702321 9.52223988821
32.2885262815 11.4739182291
30.2273823309 13.9035724205
28.1662383803 10.4473977553
26.1050944297 12.8739963827
24.0439504791 14.2080151491
21.9828065285 14.7860289215
19.9216625779 16.8056655573
17.8605186273 20.3091879585
15.7993746767 23.2701583763
13.7382307261 28.6466578006
11.6770867755 33.2395233121
9.6159428249 37.0203091529
7.5547988743 39.503095527
5.4936549237 43.3706049871
3.4325109731 43.9125862539
1.37136702251 44.2480286159
-0.689776928093 42.9608277113
-2.75092087869 39.519068422
-4.81206482929 35.1408178929
-6.87320877989 32.9526041659
-8.93435273049 29.6865795401
-10.9954966811 24.6722131655
-13.0566406317 23.2375665665
-15.1177845823 20.5025246931
-17.1789285329 17.8420908037
-19.2400724835 17.0693500529
-21.3012164341 17.2805869113
-23.3623603847 14.2420481008
-25.4235043353 17.1115277537
-27.4846482859 13.0005770562
-29.5457922365 14.9192862613
-31.6069361871 14.814295568
-33.6680801377 16.5998247052
-35.7292240883 15.1660201041
-37.7903680389 14.0422766696
-39.8515119895 16.2346142738
-41.9126559401 14.194573448
-43.9737998907 13.0632024458
-46.0349438413 12.1308061707
-48.0960877919 12.6231793716
-50.1572317425 11.4646977285
-52.2183756931 13.2532850068
-54.2795196437 10.7546685807
-56.3406635943 13.726411504
-58.4018075449 14.9516131833
-60.4629514955 13.9373627335
-62.5240954461 16.8880087781
-64.5852393967 17.6228635407
-66.6463833472 17.2484399981
-68.7075272978 16.4400860409
-70.7686712484 18.6567504127
-72.829815199 19.310891888
-74.8909591496 19.3682703579
-76.9521031002 18.9331557154
-79.0132470508 16.4276068623
-81.0743910014 15.1673854605
-83.135534952 12.9417577795
-85.1966789026 11.9128511572
-87.2578228532 9.3710920934
-89.3189668038 8.69703048169
-91.3801107544 7.27360834771
-93.441254705 7.25906023294
-95.5023986556 7.1596896894
-97.5635426062 8.53029053617
-99.6246865568 5.29941916774
-101.685830507 4.82043385649
-103.746974458 5.16543751482
-105.808118409 5.1790472374
-107.869262359 5.69857241518
-109.93040631 5.26520255533
-111.99155026 4.66575555525
-114.052694211 4.27805293795
-116.113838162 2.96705158155
-118.174982112 1.99194799914
-120.236126063 3.98378691411
-122.297270013 3.48830306999
-124.358413964 3.14044694236
-126.419557915 2.57275589053
-128.480701865 1.50848766736
-130.541845816 1.70866349519
-132.602989766 2.82934751074
-134.664133717 1.19311551982
-136.725277668 2.07319601035
-138.786421618 1.59533221137
-140.847565569 1.49220084543
-142.908709519 0.187078112646
-144.96985347 0.770433791038
-147.030997421 0.145616440263
-149.092141371 1.45036859627
-151.153285322 0.542484783872
-153.214429272 1.47365579876
-155.275573223 0.120844970981
-157.336717174 -1.140420385
-159.397861124 -0.686728418017
-161.459005075 0.625454856032
-163.520149025 -0.182788221131
-165.581292976 2.06051693521
-167.642436927 0.223255493804
-169.703580877 0.2398020427
-171.764724828 -0.560020773531
-173.825868778 -1.04866705025
-175.887012729 -1.24592484588
-177.94815668 -0.70072465814
-180.00930063 -1.81501800591
-182.070444581 -1.99842841002
-184.131588531 -0.780343817119
-186.192732482 0.0240505911465
-188.253876433 -0.909152502557
-190.315020383 -1.81322434712
-192.376164334 -0.76238635453
-194.437308284 -2.66956496196
-196.498452235 -2.00199911128
-198.559596186 -0.577102285199
-200.620740136 -0.249118783342
-202.681884087 -0.651357935166
-204.743028037 -1.2902714505
-206.804171988 -1.24724875748
-208.865315939 -0.906256178814
-210.926459889 -1.72303388834
-212.98760384 -1.170190161
-215.04874779 -0.262604994633
-217.109891741 -1.2708788876
-219.171035692 -0.176396205985
-221.232179642 0.0371779929694
-223.293323593 -0.113941156045
-225.354467543 0.142888106147
