# BEGINHEADER
# This file contains data from the SALSA 2m radio telescope.
# DATE=2020-05-13T06:49:21.0
# GLON and GLAT given in degrees
# GLON=72.8804060558
# GLAT=-1.89690235875
# DATA in two columns below. Col. 1 is velocity relative to LSR [km/s]. Col. 2 is uncalibrated antenna temperature [K].
# ENDHEADER
301.103134201 1.26318362753e-06
299.041990251 0.817743950875
296.9808463 0.850029536574
294.91970235 1.52911570739
292.858558399 1.9235632903
290.797414448 1.58170423796
288.736270498 2.79950392078
286.675126547 2.43115667284
284.613982597 3.00656721994
282.552838646 3.818336919
280.491694695 4.97963254084
278.430550745 4.455247239
276.369406794 5.11503591409
274.308262844 5.84122471144
272.247118893 5.82966034492
270.185974942 5.46052803404
268.124830992 5.76734782701
266.063687041 5.92068144869
264.002543091 7.84142698699
261.94139914 7.04906243613
259.880255189 5.88227583588
257.819111239 8.17742614483
255.757967288 8.56474003423
253.696823338 9.48310829413
251.635679387 7.9913883845
249.574535436 8.25293454234
247.513391486 8.69307419569
245.452247535 8.35235375006
243.391103585 9.22227749789
241.329959634 9.03568856593
239.268815683 9.918731651
237.207671733 8.149663008
235.146527782 10.2832936856
233.085383832 8.68229524752
231.024239881 11.385324976
228.96309593 12.0656814405
226.90195198 11.6034709212
224.840808029 10.0753789715
222.779664079 10.6403804312
220.718520128 11.5584149179
218.657376177 9.36344215671
216.596232227 9.62340351453
214.535088276 9.88561092035
212.473944326 12.2244552987
210.412800375 11.8557912618
208.351656424 9.87235907358
206.290512474 11.9809502449
204.229368523 9.2533616334
202.168224573 11.1238828924
200.107080622 11.9170051
198.045936671 12.023219137
195.984792721 12.2140978005
193.92364877 12.8658751812
191.86250482 11.9173770125
189.801360869 10.4189041972
187.740216918 12.0927583471
185.679072968 9.53618806592
183.617929017 9.8411139709
181.556785067 11.1397345121
179.495641116 11.4536776312
177.434497165 11.4693085822
175.373353215 12.1992658359
173.312209264 10.4089918896
171.251065314 9.97966611225
169.189921363 11.1087656789
167.128777412 11.9123917621
165.067633462 11.1404571658
163.006489511 11.0682233688
160.945345561 11.4035395104
158.88420161 11.7901026512
156.823057659 11.2743576185
154.761913709 11.3720796461
152.700769758 9.85104041039
150.639625808 11.4586044015
148.578481857 12.9366796997
146.517337906 12.7384876331
144.456193956 11.3008459476
142.395050005 14.0947140407
140.333906055 10.9174200793
138.272762104 9.6367803876
136.211618153 10.4974132344
134.150474203 11.9243551071
132.089330252 13.441199086
130.028186302 11.4828114694
127.967042351 11.7945953151
125.9058984 13.8130634199
123.84475445 10.9690662003
121.783610499 12.1240957469
119.722466549 10.7479931127
117.661322598 11.4126630265
115.600178647 10.1618923422
113.539034697 12.439675263
111.477890746 12.1033840777
109.416746796 13.4008258085
107.355602845 9.76478843088
105.294458894 11.0401586145
103.233314944 11.4300813523
101.172170993 9.42196036592
99.1110270427 10.566939711
97.0498830921 11.2150582528
94.9887391415 10.3620701026
92.9275951909 10.2190903992
90.8664512403 11.2914028052
88.8053072897 8.79755168929
86.7441633391 11.6177516211
84.6830193885 9.85936710757
82.6218754379 11.291333052
80.5607314873 12.0501819197
78.4995875367 9.9472851351
76.4384435861 11.3489068655
74.3772996355 11.3515918442
72.3161556849 12.7246090047
70.2550117343 10.9948764774
68.1938677837 10.9975756431
66.1327238331 10.6541796287
64.0715798825 11.38229085
62.0104359319 12.013139056
59.9492919813 11.002270711
57.8881480307 10.5215697522
55.8270040801 11.7509943271
53.7658601295 11.2967033806
51.7047161789 11.1995288467
49.6435722283 10.5455289427
47.5824282777 11.5608533
45.5212843271 8.4040012928
43.4601403765 11.5942509385
41.3989964259 9.05304140644
39.3378524753 11.5084789302
37.2767085247 10.6988757782
35.2155645741 9.45152831868
33.1544206235 10.7390972259
31.0932766729 12.8431050456
29.0321327223 14.044554602
26.9709887717 15.2843329987
24.9098448211 15.6503392742
22.8487008705 16.6795667144
20.7875569199 17.3330113377
18.7264129693 22.2829592664
16.6652690187 25.6641243347
14.6041250681 32.9201450423
12.5429811175 36.9187313907
10.4818371669 44.3323003771
8.42069321634 52.6446454683
6.35954926574 55.2226455434
4.29840531514 56.5590657968
2.23726136454 58.5688804647
0.176117413943 55.6276315744
-1.88502653666 50.3762767108
-3.94617048725 44.2057941461
-6.00731443785 39.8345763542
-8.06845838845 32.7772516437
-10.1296023391 28.8820332016
-12.1907462896 25.925028752
-14.2518902402 24.0535874678
-16.3130341908 21.3967481135
-18.3741781414 20.3816701148
-20.435322092 20.5096249752
-22.4964660426 20.4336304352
-24.5576099932 19.0356511917
-26.6187539438 20.0396037401
-28.6798978944 18.8989568738
-30.741041845 18.7515440675
-32.8021857956 18.7289125942
-34.8633297462 16.8607501659
-36.9244736968 13.1845923516
-38.9856176474 12.6885585585
-41.046761598 14.1037386708
-43.1079055486 13.4540487657
-45.1690494992 12.9268001344
-47.2301934498 10.4449552747
-49.2913374004 11.215099972
-51.352481351 12.1878175459
-53.4136253016 11.852760584
-55.4747692522 15.8015140517
-57.5359132028 16.7976435397
-59.5970571534 15.6177339766
-61.658201104 16.3040452084
-63.7193450546 15.8147356937
-65.7804890052 18.0508734136
-67.8416329558 17.0843164384
-69.9027769064 17.5158053465
-71.963920857 17.433299762
-74.0250648076 18.8882192456
-76.0862087582 19.1729481982
-78.1473527088 16.1519906914
-80.2084966594 14.5442547106
-82.26964061 11.4537796531
-84.3307845606 9.20168741747
-86.3919285112 8.84729412336
-88.4530724618 7.58738338962
-90.5142164124 7.55931783235
-92.575360363 5.93821403435
-94.6365043136 5.07784529112
-96.6976482642 4.41129032819
-98.7587922148 4.02696409616
-100.819936165 4.40920653211
-102.881080116 4.13246519086
-104.942224067 4.17710533146
-107.003368017 4.67453291681
-109.064511968 4.67369262623
-111.125655918 2.30100554638
-113.186799869 4.16950553049
-115.24794382 3.66427358073
-117.30908777 2.25290602158
-119.370231721 3.35811483952
-121.431375671 3.73491601882
-123.492519622 3.21388447088
-125.553663573 2.44046397853
-127.614807523 1.23948594023
-129.675951474 1.48305412404
-131.737095424 2.21879935865
-133.798239375 2.89105008894
-135.859383326 1.87562576718
-137.920527276 -1.30224578968
-139.981671227 0.799484395508
-142.042815177 0.00848049041343
-144.103959128 1.47732104905
-146.165103079 1.25809341729
-148.226247029 -0.342368437136
-150.28739098 -0.416830418579
-152.34853493 -0.30468580657
-154.409678881 -0.290661379079
-156.470822832 1.65717190142
-158.531966782 0.418742675697
-160.593110733 -0.718472597553
-162.654254683 0.698737743978
-164.715398634 1.32523378125
-166.776542585 -0.164752295317
-168.837686535 -1.49405112401
-170.898830486 -0.208942012187
-172.959974436 -1.01287534141
-175.021118387 -0.699365867029
-177.082262338 -0.632822471456
-179.143406288 -1.29656807188
-181.204550239 -2.02799900071
-183.265694189 -1.02509384043
-185.32683814 -2.27171681184
-187.387982091 -0.82239923746
-189.449126041 -1.04633344032
-191.510269992 -1.31786485913
-193.571413942 -2.91239260224
-195.632557893 -2.23275518714
-197.693701844 -3.11087000089
-199.754845794 -2.28136040147
-201.815989745 -2.26096058667
-203.877133695 -1.06145440167
-205.938277646 -1.69924761065
-207.999421597 -1.09982627344
-210.060565547 -0.63848875796
-212.121709498 -0.364128136746
-214.182853448 -0.953971375486
-216.243997399 -0.624582330081
-218.30514135 -0.577943979753
-220.3662853 -0.00897299167709
-222.427429251 0.246794197283
-224.488573201 0.868683225767
