# BEGINHEADER
# This file contains data from the SALSA 2m radio telescope.
# DATE=2020-05-13T06:52:24.0
# GLON and GLAT given in degrees
# GLON=77.7091395234
# GLAT=1.70970211883
# DATA in two columns below. Col. 1 is velocity relative to LSR [km/s]. Col. 2 is uncalibrated antenna temperature [K].
# ENDHEADER
298.7233183 7.26252994698e-05
296.662174349 0.165666186682
294.601030399 1.50207755838
292.539886448 1.76218456408
290.478742498 2.77631604326
288.417598547 2.19802055477
286.356454596 3.30843009895
284.295310646 3.12059811582
282.234166695 3.53732869638
280.173022745 3.85097636907
278.111878794 4.1320465919
276.050734843 4.2211616624
273.989590893 4.30514088686
271.928446942 5.86316721017
269.867302992 4.62019284078
267.806159041 5.89884090663
265.74501509 6.718758425
263.68387114 6.86560815997
261.622727189 6.31458603185
259.561583239 7.75645030926
257.500439288 8.47832619536
255.439295337 8.40140018822
253.378151387 8.31463634445
251.317007436 8.88663598336
249.255863486 7.92460827248
247.194719535 8.7855757036
245.133575584 8.35063505755
243.072431634 10.4214789951
241.011287683 9.72156026682
238.950143733 9.90669443986
236.888999782 10.0218357857
234.827855832 9.22371542736
232.766711881 9.3454474834
230.70556793 9.44835238226
228.64442398 9.29279224102
226.583280029 10.7259752647
224.522136079 8.61736008864
222.460992128 10.005971402
220.399848177 9.75770169213
218.338704227 10.2488392036
216.277560276 10.9048849536
214.216416326 10.8147965033
212.155272375 10.9307331823
210.094128424 10.8597318357
208.032984474 10.1329528791
205.971840523 11.4378446222
203.910696573 12.3631398443
201.849552622 11.731902034
199.788408671 11.2926196131
197.727264721 12.1984274119
195.66612077 12.6644406409
193.60497682 11.4383282447
191.543832869 10.7111606588
189.482688918 9.56989458208
187.421544968 11.7473343674
185.360401017 11.2849362153
183.299257067 12.3458325967
181.238113116 11.388228073
179.176969165 10.4909425348
177.115825215 12.8166214361
175.054681264 11.8699844212
172.993537314 13.7143557467
170.932393363 11.571524681
168.871249412 10.3150105434
166.810105462 11.079383496
164.748961511 11.7738387711
162.687817561 13.424168182
160.62667361 11.0614822741
158.565529659 9.41655120854
156.504385709 11.0046673677
154.443241758 12.2156060218
152.382097808 12.5267688906
150.320953857 10.5379189614
148.259809906 11.1593288961
146.198665956 11.3142109051
144.137522005 11.9113727853
142.076378055 10.8409885842
140.015234104 11.4965356895
137.954090153 11.6475351753
135.892946203 10.333957358
133.831802252 12.2941608022
131.770658302 10.9892258748
129.709514351 11.718579471
127.6483704 10.8795260408
125.58722645 11.210818088
123.526082499 12.1807254447
121.464938549 13.4782351821
119.403794598 10.5941133523
117.342650647 12.1945347762
115.281506697 12.435905765
113.220362746 11.7863522668
111.159218796 11.48659063
109.098074845 11.4174391373
107.036930894 13.3689886173
104.975786944 11.2920509207
102.914642993 12.4451600454
100.853499043 11.6952255021
98.792355092 13.3830825901
96.7312111414 10.9573249358
94.6700671908 12.0845174025
92.6089232402 11.6311812785
90.5477792896 9.93095111544
88.486635339 10.8516123652
86.4254913884 11.003924521
84.3643474378 11.7533069271
82.3032034872 12.2307684077
80.2420595366 10.7123822795
78.180915586 11.5817346798
76.1197716354 10.746944765
74.0586276848 13.0868360112
71.9974837342 12.2661915246
69.9363397836 13.2103384249
67.875195833 13.0670809989
65.8140518824 11.9644040681
63.7529079318 12.1991036862
61.6917639812 13.8787544861
59.6306200306 12.1921191548
57.56947608 12.5354319792
55.5083321294 12.012835138
53.4471881788 11.3458908655
51.3860442282 12.1370852912
49.3249002776 11.0048142923
47.263756327 10.6836584672
45.2026123764 11.6377756291
43.1414684258 9.86143969544
41.0803244752 10.3226305885
39.0191805246 10.2003992248
36.958036574 11.2422873497
34.8968926234 11.9427007404
32.8357486728 12.3114334783
30.7746047222 10.2383211614
28.7134607716 11.4667779925
26.652316821 12.5615631522
24.5911728704 13.583076336
22.5300289198 14.9506683868
20.4688849692 16.9795724478
18.4077410186 20.5328616969
16.346597068 24.076009096
14.2854531174 27.0019817535
12.2243091668 35.7290682608
10.1631652162 43.7214506116
8.10202126565 47.1366780826
6.04087731505 48.8172741551
3.97973336445 49.7501469735
1.91858941385 47.795534149
-0.142554536745 48.2542647777
-2.20369848734 47.9118703561
-4.26484243794 45.2006739428
-6.32598638854 42.5435023684
-8.38713033914 42.7442524108
-10.4482742897 36.2566959744
-12.5094182403 32.6256178621
-14.5705621909 27.2155870287
-16.6317061415 26.8724676588
-18.6928500921 22.7016187822
-20.7539940427 21.5050486547
-22.8151379933 18.9124446879
-24.8762819439 18.0426110359
-26.9374258945 17.1152413393
-28.9985698451 16.8860103778
-31.0597137957 19.4528592403
-33.1208577463 16.8774478631
-35.1820016969 16.8082214246
-37.2431456475 18.1118919001
-39.3042895981 17.9877846285
-41.3654335487 16.0766002457
-43.4265774993 16.1362111117
-45.4877214499 16.5764632393
-47.5488654005 15.4713252423
-49.6100093511 14.0194475855
-51.6711533017 13.9184099975
-53.7322972523 13.4844988363
-55.7934412029 12.4729682764
-57.8545851535 12.4758888462
-59.9157291041 15.1855412877
-61.9768730547 13.6399933528
-64.0380170053 13.844132604
-66.0991609559 16.1554142523
-68.1603049065 16.5357736457
-70.2214488571 18.7628959118
-72.2825928077 18.1344484154
-74.3437367583 17.3911533547
-76.4048807089 18.4785098495
-78.4660246595 17.2097026793
-80.5271686101 16.8899214511
-82.5883125607 15.4045077061
-84.6494565113 14.600539753
-86.7106004619 13.4572368781
-88.7717444125 11.4840836245
-90.8328883631 9.96418666127
-92.8940323137 8.71909770296
-94.9551762643 7.55547968118
-97.0163202149 5.94878137305
-99.0774641655 5.48752462032
-101.138608116 8.04872253357
-103.199752067 4.58361051841
-105.260896017 4.57999500476
-107.322039968 5.18824343882
-109.383183918 3.54427449699
-111.444327869 3.38934806707
-113.50547182 3.62838054488
-115.56661577 4.24191847417
-117.627759721 4.84699276252
-119.688903671 3.97669484862
-121.750047622 3.33855932872
-123.811191573 1.42216748528
-125.872335523 0.389408043917
-127.933479474 1.70062515454
-129.994623424 0.610365070498
-132.055767375 1.6248795104
-134.116911326 0.246102364073
-136.178055276 0.521733444946
-138.239199227 1.07136017751
-140.300343177 1.44531333448
-142.361487128 1.53776638412
-144.422631079 1.05718596331
-146.483775029 0.818962836348
-148.54491898 1.08678053235
-150.60606293 -0.283546385533
-152.667206881 0.0286215123093
-154.728350832 0.974608752867
-156.789494782 -0.09074026442
-158.850638733 -0.863227979824
-160.911782683 -0.473977761675
-162.972926634 -1.1931163201
-165.034070585 -0.0964685550338
-167.095214535 -0.828952386359
-169.156358486 -1.49281048912
-171.217502436 -1.16281344128
-173.278646387 -0.384203628228
-175.339790338 -1.35158891436
-177.400934288 -3.66582755071
-179.462078239 -1.92986652411
-181.523222189 -1.13445448338
-183.58436614 -1.50646234993
-185.645510091 -1.3415434581
-187.706654041 -1.01600025459
-189.767797992 -2.09944813051
-191.828941942 -1.05005483949
-193.890085893 -2.06423363024
-195.951229844 -1.21033264038
-198.012373794 -2.13209893856
-200.073517745 -0.11611619168
-202.134661695 -1.25500671422
-204.195805646 -1.77980848268
-206.256949597 -1.5518635662
-208.318093547 -1.84463849229
-210.379237498 -1.23239450573
-212.440381448 -1.26463833762
-214.501525399 -0.932280974979
-216.56266935 -0.317969005733
-218.6238133 -0.990405093871
-220.684957251 0.117077894814
-222.746101201 0.285133272756
-224.807245152 -0.0110500414661
-226.868389103 0.447000318674
