# BEGINHEADER
# This file contains data from the SALSA 2m radio telescope.
# DATE=2020-05-13T06:57:37.0
# GLON and GLAT given in degrees
# GLON=82.8098221052
# GLAT=-1.7210473724
# DATA in two columns below. Col. 1 is velocity relative to LSR [km/s]. Col. 2 is uncalibrated antenna temperature [K].
# ENDHEADER
297.549161195 -8.30628585346e-05
295.488017244 0.420474954197
293.426873294 1.65288493218
291.365729343 1.0804240892
289.304585392 1.85386453693
287.243441442 2.86408152994
285.182297491 2.95059391351
283.121153541 3.26308898281
281.06000959 4.17480163794
278.998865639 3.68928176548
276.937721689 3.94681252964
274.876577738 4.14920835118
272.815433788 4.5002979645
270.754289837 5.15458598793
268.693145886 4.97404260731
266.632001936 5.56100004508
264.570857985 6.85307926215
262.509714035 6.44316170983
260.448570084 7.33479032163
258.387426133 7.59795957855
256.326282183 6.58900569402
254.265138232 7.9091563722
252.203994282 8.44679700842
250.142850331 8.35122132398
248.08170638 9.16979179026
246.02056243 9.09796113594
243.959418479 8.36620066401
241.898274529 9.78001041929
239.837130578 11.1667867311
237.775986627 10.1696705379
235.714842677 9.24350450314
233.653698726 8.74683893713
231.592554776 9.55471451428
229.531410825 9.87110121676
227.470266874 10.1105361102
225.409122924 10.1635561941
223.347978973 10.3739245977
221.286835023 10.5744578365
219.225691072 12.742053295
217.164547122 9.18770100377
215.103403171 11.4456599917
213.04225922 11.3800767726
210.98111527 11.5124330258
208.919971319 12.6643187278
206.858827369 11.3126929761
204.797683418 10.473757997
202.736539467 10.2730151162
200.675395517 11.8560415461
198.614251566 13.4931325444
196.553107616 11.4266714506
194.491963665 10.5494033522
192.430819714 10.6328802041
190.369675764 13.3757052253
188.308531813 10.7828439536
186.247387863 12.0297991926
184.186243912 12.7647716151
182.125099961 10.9067202734
180.063956011 15.1988412215
178.00281206 10.856380157
175.94166811 10.215511576
173.880524159 9.82618442622
171.819380208 9.64415859738
169.758236258 12.936099344
167.697092307 12.7126301462
165.635948357 14.50794218
163.574804406 13.0797916894
161.513660455 13.3816772852
159.452516505 12.2997139034
157.391372554 12.8465886012
155.330228604 11.202562004
153.269084653 11.2881303061
151.207940702 11.4434055253
149.146796752 12.6096229355
147.085652801 11.9385508091
145.024508851 12.0602876331
142.9633649 13.5165495747
140.902220949 11.1982950084
138.841076999 10.0924846848
136.779933048 11.9054264029
134.718789098 12.8829212141
132.657645147 12.0274750261
130.596501196 12.9846428684
128.535357246 10.7728199091
126.474213295 11.939148811
124.413069345 12.5243134165
122.351925394 11.861209238
120.290781443 11.169500519
118.229637493 13.639882719
116.168493542 12.2476160467
114.107349592 12.6991519826
112.046205641 10.9028873625
109.98506169 10.8642403418
107.92391774 11.3939031858
105.862773789 11.117501555
103.801629839 13.5208025497
101.740485888 12.9407578753
99.6793419374 11.8754943698
97.6181979868 12.9369025936
95.5570540362 12.0279101783
93.4959100856 13.0832308416
91.434766135 11.5302508561
89.3736221844 12.6103175999
87.3124782338 10.8893972191
85.2513342832 12.9691989855
83.1901903326 13.1739966505
81.129046382 10.6540324844
79.0679024314 11.14275943
77.0067584808 12.3844046714
74.9456145302 10.7868358956
72.8844705796 13.4520117765
70.823326629 10.6001550784
68.7621826784 10.9621661318
66.7010387278 11.2267816372
64.6398947772 10.0841857376
62.5787508266 12.2511158725
60.517606876 13.7999661586
58.4564629254 12.0486936906
56.3953189748 13.6831233633
54.3341750242 11.3306699031
52.2730310736 13.7445043157
50.211887123 12.818657153
48.1507431724 11.3415152325
46.0895992218 12.7848697633
44.0284552712 13.6762839379
41.9673113206 11.3940766536
39.90616737 11.2561417272
37.8450234194 11.2845147256
35.7838794688 11.0969090691
33.7227355182 9.50207334236
31.6615915676 10.6993849273
29.600447617 12.8806120493
27.5393036664 10.7273345006
25.4781597158 12.0061128287
23.4170157652 12.4253899463
21.3558718146 16.5644069757
19.294727864 17.7158339323
17.2335839134 19.1124489658
15.1724399628 23.7147570794
13.1112960122 30.2183463884
11.0501520616 37.1499237218
8.98900811104 43.9671288257
6.92786416045 49.653012754
4.86672020985 49.6470387087
2.80557625925 49.661096475
0.744432308649 49.3974949884
-1.31671164195 48.1342800258
-3.37785559255 44.5367286027
-5.43899954315 43.2375464236
-7.50014349375 41.5644494311
-9.56128744434 40.3557749645
-11.6224313949 37.2570022751
-13.6835753455 32.7298393578
-15.7447192961 30.5098211507
-17.8058632467 24.0957234876
-19.8670071973 21.7326266243
-21.9281511479 19.9364480699
-23.9892950985 18.1601176382
-26.0504390491 19.4104616486
-28.1115829997 15.9091770387
-30.1727269503 17.1770284052
-32.2338709009 17.2232781905
-34.2950148515 20.101891651
-36.3561588021 21.6185018702
-38.4173027527 23.9012867456
-40.4784467033 24.924962972
-42.5395906539 25.585605907
-44.6007346045 24.0341853328
-46.6618785551 21.5918359206
-48.7230225057 19.8996032556
-50.7841664563 17.9776904608
-52.8453104069 16.6662533293
-54.9064543575 16.4268759401
-56.9675983081 13.5950777368
-59.0287422587 13.0796180771
-61.0898862093 13.7444891245
-63.1510301599 15.6018078675
-65.2121741105 15.7350396025
-67.2733180611 18.1107880201
-69.3344620117 18.5209070008
-71.3956059623 18.0807728722
-73.4567499129 17.7138734941
-75.5178938635 19.453551255
-77.5790378141 17.3177535716
-79.6401817647 19.0183363256
-81.7013257153 17.4199288626
-83.7624696659 15.9266869009
-85.8236136165 12.9851791863
-87.8847575671 11.3208943712
-89.9459015177 10.9464453041
-92.0070454683 9.94332487048
-94.0681894189 8.88662983872
-96.1293333695 8.26103367855
-98.1904773201 6.6341275735
-100.251621271 6.66370162531
-102.312765221 7.07724910985
-104.373909172 4.45772100807
-106.435053122 4.96345417751
-108.496197073 5.87277306221
-110.557341024 5.69492156047
-112.618484974 2.86697170641
-114.679628925 3.48096572402
-116.740772875 4.66001531215
-118.801916826 3.85004686822
-120.863060777 3.84262907876
-122.924204727 2.09350599791
-124.985348678 2.59663292112
-127.046492628 4.57651688775
-129.107636579 3.76726661902
-131.16878053 1.77358706681
-133.22992448 1.72265715907
-135.291068431 2.15636280933
-137.352212381 1.74026223988
-139.413356332 0.392344214069
-141.474500283 1.58735910843
-143.535644233 2.07789873782
-145.596788184 0.560545768182
-147.657932134 -1.14945583028
-149.719076085 1.38523860455
-151.780220036 1.15424627605
-153.841363986 1.15048663199
-155.902507937 -0.914443756306
-157.963651887 1.78489044009
-160.024795838 0.628302412302
-162.085939789 -2.65849979795
-164.147083739 0.289243954998
-166.20822769 0.206289726899
-168.26937164 -0.853113873594
-170.330515591 -0.361502564727
-172.391659542 0.616137996976
-174.452803492 0.141772068879
-176.513947443 -1.40010243634
-178.575091393 -0.806655234678
-180.636235344 -0.169985783314
-182.697379295 0.440081296423
-184.758523245 -1.19570679195
-186.819667196 -0.711376424355
-188.880811146 -2.16645930206
-190.941955097 -0.473125047626
-193.003099048 -0.307434691039
-195.064242998 -1.08720913681
-197.125386949 -1.45872523159
-199.186530899 -1.43147305647
-201.24767485 -1.43539728933
-203.308818801 -1.81307162748
-205.369962751 -1.09669815759
-207.431106702 -1.41440236179
-209.492250652 -1.10802972895
-211.553394603 -0.75626015954
-213.614538554 -1.35004374637
-215.675682504 -0.82478204487
-217.736826455 -0.570340266978
-219.797970405 -0.585169081046
-221.859114356 -0.200331947205
-223.920258307 0.591044510768
-225.981402257 0.366288700597
-228.042546208 0.580033662803
