# BEGINHEADER
# This file contains data from the SALSA 2m radio telescope.
# DATE=2020-05-13T07:01:15.0
# GLON and GLAT given in degrees
# GLON=87.8929544456
# GLAT=-1.97866859283
# DATA in two columns below. Col. 1 is velocity relative to LSR [km/s]. Col. 2 is uncalibrated antenna temperature [K].
# ENDHEADER
295.420748269 0.000871155985366
293.359604319 1.27928606509
291.298460368 1.57050563964
289.237316418 1.27124127074
287.176172467 2.24472684507
285.115028516 1.95468170233
283.053884566 2.82844791879
280.992740615 2.59143039917
278.931596665 3.15774579569
276.870452714 3.56811202304
274.809308764 4.51197754028
272.748164813 4.24999383259
270.687020862 5.30028931688
268.625876912 5.19484197609
266.564732961 5.88665057211
264.503589011 4.8036657769
262.44244506 5.84816855776
260.381301109 6.31277791468
258.320157159 6.47836690996
256.259013208 7.83509374381
254.197869258 6.18703661832
252.136725307 6.44734699237
250.075581356 8.19385786382
248.014437406 7.39171910266
245.953293455 9.44863923095
243.892149505 8.29706596287
241.831005554 8.63698302106
239.769861603 9.39028532482
237.708717653 10.2568934538
235.647573702 9.84877499047
233.586429752 9.29532213511
231.525285801 8.01978107602
229.46414185 8.93311265458
227.4029979 10.4185917234
225.341853949 9.15054804394
223.280709999 9.64978348441
221.219566048 9.08007274354
219.158422097 9.4086491524
217.097278147 10.147639447
215.036134196 10.4330147524
212.974990246 9.13282827065
210.913846295 11.7299676801
208.852702344 11.1463371058
206.791558394 10.2313992745
204.730414443 10.9202203609
202.669270493 10.5979006314
200.608126542 12.4065041159
198.546982591 12.3375630224
196.485838641 11.4049600371
194.42469469 10.5125811981
192.36355074 10.445582515
190.302406789 11.2820001928
188.241262838 10.3691527699
186.180118888 11.3525849598
184.118974937 12.4580433452
182.057830987 11.4264129674
179.996687036 11.5219318455
177.935543085 10.894543623
175.874399135 10.9628563647
173.813255184 10.4586215332
171.752111234 11.3781494164
169.690967283 12.0351734201
167.629823332 10.1850823973
165.568679382 10.5099309943
163.507535431 11.6408075252
161.446391481 11.5222002094
159.38524753 10.4197486399
157.324103579 10.3678908075
155.262959629 12.9324833164
153.201815678 10.2036895322
151.140671728 10.5374126335
149.079527777 11.8361046112
147.018383826 11.3897548486
144.957239876 11.6053793623
142.896095925 11.9713348327
140.834951975 11.5352248388
138.773808024 9.57954133809
136.712664073 12.1594860819
134.651520123 9.69678747581
132.590376172 11.5885695939
130.529232222 11.1198815132
128.468088271 12.2607749925
126.40694432 13.1605301527
124.34580037 11.9813034998
122.284656419 10.3104459144
120.223512469 10.8807500585
118.162368518 11.2727605284
116.101224567 15.3122006001
114.040080617 12.7714757245
111.978936666 12.4492235988
109.917792716 10.8651428591
107.856648765 10.4614049105
105.795504814 12.0104095437
103.734360864 12.4689771767
101.673216913 11.1445951992
99.6120729626 13.0119832748
97.550929012 10.2870701537
95.4897850614 11.77173586
93.4286411108 11.0127374109
91.3674971602 12.7618225369
89.3063532096 9.50371237283
87.245209259 11.5231649148
85.1840653084 13.3724669734
83.1229213578 11.3314084179
81.0617774072 10.4552291743
79.0006334566 10.1598227007
76.939489506 12.7322627118
74.8783455554 11.2953451586
72.8172016048 11.3701173151
70.7560576542 11.8990465744
68.6949137036 11.745182834
66.633769753 11.1193633205
64.5726258024 13.3010725726
62.5114818518 11.848106061
60.4503379012 10.0771325827
58.3891939506 13.8908351
56.32805 12.4206803334
54.2669060494 13.5043526704
52.2057620989 12.0138337186
50.1446181483 10.5453540728
48.0834741977 10.8949981249
46.0223302471 11.6152339224
43.9611862965 11.0344252256
41.9000423459 13.3634511624
39.8388983953 11.6098768534
37.7777544447 10.6160227694
35.7166104941 9.21930202055
33.6554665435 9.74685423689
31.5943225929 10.8361447595
29.5331786423 9.31682956135
27.4720346917 11.2443768674
25.4108907411 9.48329793846
23.3497467905 8.93879640621
21.2886028399 12.1619800131
19.2274588893 11.8973352003
17.1663149387 12.4893811287
15.1051709881 14.9716872056
13.0440270375 19.1705829741
10.9828830869 23.6306282912
8.92173913628 31.9539654086
6.86059518568 36.1180823251
4.79945123508 41.0389145874
2.73830728448 41.310174634
0.677163333885 40.0545761413
-1.38398061671 36.8464956117
-3.44512456731 35.1945012463
-5.50626851791 34.5806742931
-7.56741246851 33.5569443668
-9.62855641911 28.2436917151
-11.6897003697 30.2992795617
-13.7508443203 29.5720793239
-15.8119882709 26.935201486
-17.8731322215 27.1327270731
-19.9342761721 27.3330680593
-21.9954201227 25.4059881138
-24.0565640733 23.4978478081
-26.1177080239 22.0689359864
-28.1788519745 21.3038443312
-30.2399959251 18.7933690829
-32.3011398757 18.4207043408
-34.3622838263 19.5154840147
-36.4234277769 18.852150126
-38.4845717275 18.9795433191
-40.5457156781 20.9737867167
-42.6068596287 22.8073034614
-44.6680035793 22.8175805136
-46.7291475299 21.6191847025
-48.7902914805 20.3442803704
-50.8514354311 19.5777421905
-52.9125793817 18.2837675308
-54.9737233323 17.6105655382
-57.0348672829 19.2299998825
-59.0960112335 15.1162212175
-61.1571551841 15.8936310412
-63.2182991347 14.4975638317
-65.2794430853 16.2762198287
-67.3405870359 16.8205232915
-69.4017309865 15.3514343309
-71.4628749371 18.0030524131
-73.5240188877 18.6800175306
-75.5851628383 18.3702453365
-77.6463067889 18.2835749309
-79.7074507395 17.0303601399
-81.7685946901 15.9923478976
-83.8297386407 13.8349505605
-85.8908825913 13.9191054907
-87.9520265419 12.4623611719
-90.0131704925 12.1345970794
-92.0743144431 12.5622234783
-94.1354583937 11.4325454899
-96.1966023443 11.1430759378
-98.2577462949 8.83843991069
-100.318890245 7.880738857
-102.380034196 6.42117338713
-104.441178147 6.8241019756
-106.502322097 6.35157188945
-108.563466048 5.40036732395
-110.624609998 5.09519630194
-112.685753949 5.18908500773
-114.7468979 6.15287963699
-116.80804185 3.81270677869
-118.869185801 3.05722374929
-120.930329751 2.18094999473
-122.991473702 1.77322163689
-125.052617653 3.74604974991
-127.113761603 3.41459976002
-129.174905554 2.86000167245
-131.236049504 1.48509814524
-133.297193455 2.36102411186
-135.358337406 2.02490870974
-137.419481356 2.23762076673
-139.480625307 0.962841492786
-141.541769257 3.18005511481
-143.602913208 2.65433958755
-145.664057159 2.73622646485
-147.725201109 0.758223315055
-149.78634506 1.1913290218
-151.84748901 0.107385363861
-153.908632961 -0.38538013997
-155.969776912 0.781657994455
-158.030920862 1.75586184301
-160.092064813 -0.786267352736
-162.153208763 1.03738479996
-164.214352714 -0.242568237796
-166.275496665 0.498408042675
-168.336640615 1.16862195246
-170.397784566 -0.751568233919
-172.458928516 -2.06344126843
-174.520072467 -1.56071731225
-176.581216418 -1.07287683996
-178.642360368 -0.50473116295
-180.703504319 -1.48136724633
-182.764648269 -2.04753491814
-184.82579222 -1.37568262648
-186.886936171 -2.23453329534
-188.948080121 -1.06344680904
-191.009224072 -1.02682772653
-193.070368022 -0.680376421612
-195.131511973 0.0315284288845
-197.192655924 -0.944249327288
-199.253799874 -2.08102396114
-201.314943825 -2.65894680596
-203.376087775 -1.00627910788
-205.437231726 -0.816773921428
-207.498375677 -1.35155787398
-209.559519627 -1.03866784528
-211.620663578 -0.710071433897
-213.681807528 -0.811273313077
-215.742951479 -0.275307016139
-217.80409543 -0.876860180635
-219.86523938 -0.0123590951055
-221.926383331 -0.557702256901
-223.987527281 -0.108016733343
-226.048671232 -0.541219989845
-228.109815183 -0.241432687968
-230.170959133 0.706509107964
