# BEGINHEADER
# This file contains data from the SALSA 2m radio telescope.
# DATE=2020-05-13T05:37:27.0
# GLON and GLAT given in degrees
# GLON=87.8176172264
# GLAT=-0.953417035216
# DATA in two columns below. Col. 1 is velocity relative to LSR [km/s]. Col. 2 is uncalibrated antenna temperature [K].
# ENDHEADER
295.235650432 0.00024583974235
293.174506481 0.738878049259
291.113362531 1.3789907307
289.05221858 1.87866683565
286.991074629 2.16419448095
284.929930679 1.65431950757
282.868786728 2.86443662074
280.807642778 2.74197805867
278.746498827 3.57572721658
276.685354876 2.98902494543
274.624210926 4.30215490818
272.563066975 4.9032624341
270.501923025 5.25198170665
268.440779074 5.27479834496
266.379635123 5.53293739374
264.318491173 6.95311082626
262.257347222 7.50467567164
260.196203272 7.40528872714
258.135059321 7.57967957564
256.073915371 7.48956871717
254.01277142 8.65051721126
251.951627469 9.40134109882
249.890483519 7.07708218501
247.829339568 7.95712184415
245.768195618 10.1830985128
243.707051667 8.67667083875
241.645907716 10.0437970765
239.584763766 10.3059487655
237.523619815 10.0222081565
235.462475865 8.59042511144
233.401331914 11.1129395695
231.340187963 10.8335535346
229.279044013 10.8130425422
227.217900062 11.4599402959
225.156756112 12.441604586
223.095612161 11.526418541
221.03446821 9.57445272108
218.97332426 11.0333931707
216.912180309 12.592071374
214.851036359 10.833855844
212.789892408 11.3456070732
210.728748457 9.912477145
208.667604507 11.7691624292
206.606460556 11.5438894517
204.545316606 10.7310562079
202.484172655 8.72405132648
200.423028704 10.1079285817
198.361884754 10.7545709254
196.300740803 10.0185819251
194.239596853 10.8610518363
192.178452902 11.6761178801
190.117308951 11.0796176786
188.056165001 9.77176062828
185.99502105 10.3534716668
183.9338771 10.9241731176
181.872733149 12.5616880613
179.811589198 12.1678126246
177.750445248 12.3924211358
175.689301297 11.0169985784
173.628157347 11.6962447812
171.567013396 10.41430773
169.505869445 12.5484322591
167.444725495 11.4637898805
165.383581544 11.5973531638
163.322437594 11.9487772138
161.261293643 12.7259316175
159.200149692 11.4059826825
157.139005742 11.4508346152
155.077861791 10.6725044646
153.016717841 11.2300919639
150.95557389 10.7844647547
148.894429939 10.3320993509
146.833285989 11.0232937728
144.772142038 11.5863395661
142.710998088 12.1694292399
140.649854137 10.5019507442
138.588710186 10.5659320086
136.527566236 10.7796055329
134.466422285 12.5815714985
132.405278335 13.1080817174
130.344134384 9.87175304379
128.282990433 10.8542957488
126.221846483 11.7689824857
124.160702532 11.1459017795
122.099558582 10.7915388414
120.038414631 12.9933088545
117.97727068 10.6779111536
115.91612673 10.0792594979
113.854982779 10.2898435832
111.793838829 10.7379785087
109.732694878 11.7659527726
107.671550927 11.8806751431
105.610406977 12.2247055055
103.549263026 11.5989313562
101.488119076 10.2153768904
99.426975125 11.5754054771
97.3658311744 11.4888256908
95.3046872238 12.0606283148
93.2435432732 11.3622767305
91.1823993226 11.0039040251
89.121255372 12.6661584449
87.0601114214 10.7301426091
84.9989674708 10.5471693575
82.9378235202 10.144168743
80.8766795696 10.3489993084
78.815535619 9.70425557208
76.7543916684 9.89650080254
74.6932477178 11.1842873195
72.6321037672 11.506706502
70.5709598166 11.2033876192
68.509815866 10.4387682529
66.4486719154 10.5119282222
64.3875279648 10.2959268344
62.3263840142 10.0703663682
60.2652400636 11.8811278729
58.204096113 10.521987791
56.1429521624 9.29017439191
54.0818082118 12.3416962767
52.0206642612 11.8364363834
49.9595203106 10.2907252011
47.89837636 9.36068001932
45.8372324094 9.96501887329
43.7760884588 10.3627838086
41.7149445082 9.71118090944
39.6538005576 9.89358047263
37.5926566071 9.51374857566
35.5315126565 8.66548466678
33.4703687059 9.28033772669
31.4092247553 9.28415209062
29.3480808047 7.96114158582
27.2869368541 9.24043828488
25.2257929035 8.85915822049
23.1646489529 8.99395517502
21.1035050023 11.3998121918
19.0423610517 10.6128297747
16.9812171011 11.8326191817
14.9200731505 12.3398368626
12.8589291999 16.6642302143
10.7977852493 19.9585525689
8.73664129867 28.1457333113
6.67549734807 33.8757840718
4.61435339747 38.6107360845
2.55320944687 41.2392119946
0.492065496275 38.5659412954
-1.56907845432 35.0133162025
-3.63022240492 33.5111914592
-5.69136635552 30.2521539967
-7.75251030612 28.3175217525
-9.81365425672 26.4646343811
-11.8747982073 25.6677221679
-13.9359421579 24.5817473225
-15.9970861085 22.8913534618
-18.0582300591 22.9096665351
-20.1193740097 23.1892811198
-22.1805179603 20.8507666912
-24.2416619109 19.4361961701
-26.3028058615 18.458945227
-28.3639498121 15.9537369736
-30.4250937627 16.2300871909
-32.4862377133 16.961322002
-34.5473816639 14.6791000803
-36.6085256145 15.1942751767
-38.6696695651 13.8451408562
-40.7308135157 14.8088039598
-42.7919574663 17.0422005917
-44.8531014169 16.0932368677
-46.9142453675 16.1326221163
-48.9753893181 14.885069661
-51.0365332687 14.9515714251
-53.0976772193 13.2138199736
-55.1588211699 13.3337701485
-57.2199651205 11.9450494771
-59.2811090711 13.6108555146
-61.3422530217 11.5988189275
-63.4033969723 11.100645507
-65.4645409229 11.4808398022
-67.5256848735 10.8626601104
-69.5868288241 10.2419939053
-71.6479727747 13.5243745363
-73.7091167253 10.8219976076
-75.7702606759 12.8311485183
-77.8314046265 11.4523471729
-79.8925485771 13.0158563866
-81.9536925277 11.9009291142
-84.0148364783 11.1522399004
-86.0759804289 8.30918490168
-88.1371243795 8.33602253935
-90.1982683301 7.94525542479
-92.2594122807 7.89667971456
-94.3205562313 8.9737505549
-96.3817001819 7.02329032409
-98.4428441325 5.9142458807
-100.503988083 6.63458960494
-102.565132034 3.15861945429
-104.626275984 3.42561905454
-106.687419935 3.08582396388
-108.748563885 3.66253055301
-110.809707836 2.9019817148
-112.870851787 1.27778745281
-114.931995737 1.37884664251
-116.993139688 3.60273444137
-119.054283638 -0.079900933747
-121.115427589 1.1454621311
-123.17657154 -0.436587180887
-125.23771549 -0.89487805046
-127.298859441 0.0321139446915
-129.360003391 1.60249573625
-131.421147342 -0.942118695924
-133.482291293 -0.706180957059
-135.543435243 0.699671501406
-137.604579194 -1.06061791668
-139.665723144 -0.199076369405
-141.726867095 -3.67453879653
-143.788011046 -2.21603615952
-145.849154996 0.404686156032
-147.910298947 -0.484824891604
-149.971442897 0.00544721439651
-152.032586848 0.840734646701
-154.093730799 -3.17024869272
-156.154874749 -1.73183759619
-158.2160187 -1.70216627336
-160.27716265 -1.25692263721
-162.338306601 -2.86938481798
-164.399450552 -1.01372737029
-166.460594502 0.110530099574
-168.521738453 -4.52392769571
-170.582882403 -2.84586121137
-172.644026354 -2.49036169304
-174.705170305 -4.2016221035
-176.766314255 -2.90347289518
-178.827458206 -4.02739253566
-180.888602156 -2.10655272491
-182.949746107 -3.7013110993
-185.010890058 -2.79583689742
-187.072034008 -2.87101361932
-189.133177959 -2.34509702312
-191.194321909 -4.13412016341
-193.25546586 -2.40427260785
-195.316609811 -3.45763838169
-197.377753761 -3.65036544999
-199.438897712 -3.57860247615
-201.500041662 -2.85394729283
-203.561185613 -2.76080435418
-205.622329564 -2.69467610122
-207.683473514 -1.7619085012
-209.744617465 -2.75341282464
-211.805761415 -2.796399503
-213.866905366 -2.09412270348
-215.928049317 -2.77235240426
-217.989193267 -2.32375788596
-220.050337218 -1.65730931743
-222.111481168 -1.50086278563
-224.172625119 -0.761805052097
-226.23376907 0.00565385498496
-228.29491302 0.43523303887
-230.356056971 -0.276835724617
