# BEGINHEADER
# This file contains data from the SALSA 2m radio telescope.
# DATE=2020-05-13T06:59:34.0
# GLON and GLAT given in degrees
# GLON=87.5958234016
# GLAT=1.89323355879
# DATA in two columns below. Col. 1 is velocity relative to LSR [km/s]. Col. 2 is uncalibrated antenna temperature [K].
# ENDHEADER
294.697497012 -7.95588430174e-05
292.636353061 0.243913582689
290.575209111 0.744553612069
288.51406516 1.63826754547
286.452921209 1.57857922987
284.391777259 1.59184375112
282.330633308 2.68497354948
280.269489358 2.6548009665
278.208345407 2.87991615643
276.147201456 3.47877740442
274.086057506 4.03020492926
272.024913555 4.63162064112
269.963769605 4.97983273271
267.902625654 6.45044441097
265.841481703 5.62296844848
263.780337753 6.57986524944
261.719193802 6.71690901702
259.658049852 7.08009300031
257.596905901 5.95063376188
255.53576195 7.61232940834
253.474618 6.91419240053
251.413474049 8.13849785109
249.352330099 8.25514523375
247.291186148 9.09717150217
245.230042197 9.39263945106
243.168898247 6.92021785484
241.107754296 8.28087527179
239.046610346 10.1544354424
236.985466395 9.86925770831
234.924322444 7.85205426066
232.863178494 10.8173555271
230.802034543 10.0069469765
228.740890593 10.8785178785
226.679746642 10.4270555921
224.618602691 9.7159085164
222.557458741 10.7477737282
220.49631479 8.83746641426
218.43517084 10.5132384302
216.374026889 9.30889644277
214.312882938 8.39737128884
212.251738988 9.73963901827
210.190595037 11.3718149114
208.129451087 9.00908398314
206.068307136 9.36142496308
204.007163185 8.79728783721
201.946019235 10.7518910616
199.884875284 10.7885328105
197.823731334 10.6465824051
195.762587383 9.16784469605
193.701443432 10.6338770455
191.640299482 10.1878565579
189.579155531 12.5704989829
187.518011581 9.39929008401
185.45686763 12.0037389944
183.395723679 11.7572782314
181.334579729 10.7765849282
179.273435778 10.5891898195
177.212291828 12.7489117786
175.151147877 10.9692590858
173.090003926 11.7691262891
171.028859976 12.4348222361
168.967716025 12.477538854
166.906572075 12.4790984124
164.845428124 10.6211582532
162.784284174 10.4063255616
160.723140223 10.5836454044
158.661996272 10.1050238419
156.600852322 11.2045278668
154.539708371 11.7816594165
152.478564421 10.8680381339
150.41742047 11.0442138089
148.356276519 12.4231942132
146.295132569 12.1328650257
144.233988618 11.207303923
142.172844668 10.1323214181
140.111700717 12.0622013954
138.050556766 11.8619202035
135.989412816 14.4054376244
133.928268865 12.2986364008
131.867124915 11.3067123346
129.805980964 11.2509836892
127.744837013 12.2058559661
125.683693063 10.9019398388
123.622549112 11.9107530181
121.561405162 13.7980604278
119.500261211 11.4096170742
117.43911726 11.334584968
115.37797331 12.5917304446
113.316829359 10.7822921271
111.255685409 11.0517768661
109.194541458 11.7333016616
107.133397507 11.6875057074
105.072253557 13.3789562659
103.011109606 13.4366235967
100.949965656 11.3843654354
98.8888217049 12.984349273
96.8276777543 12.5287408292
94.7665338038 9.8652325906
92.7053898532 11.8949117346
90.6442459026 13.4632465757
88.583101952 10.6824718269
86.5219580014 10.6461315728
84.4608140508 12.2397659268
82.3996701002 11.7281739546
80.3385261496 11.3528438407
78.277382199 11.6994762054
76.2162382484 12.4042941816
74.1550942978 12.0417118645
72.0939503472 11.7381098754
70.0328063966 10.4954767375
67.971662446 13.0924690479
65.9105184954 10.4176477592
63.8493745448 11.7670278378
61.7882305942 10.2129175902
59.7270866436 11.0417761566
57.665942693 11.6879706596
55.6047987424 11.680991016
53.5436547918 12.2950265987
51.4825108412 12.0551183398
49.4213668906 11.7249842834
47.36022294 12.609668576
45.2990789894 13.2860499332
43.2379350388 10.887906291
41.1767910882 12.0673439575
39.1156471376 12.5301081431
37.054503187 10.4981772282
34.9933592364 9.83049608082
32.9322152858 10.3571606942
30.8710713352 9.22240622679
28.8099273846 10.2732563415
26.748783434 10.3618495316
24.6876394834 10.0058158959
22.6264955328 10.8489090083
20.5653515822 12.7311146895
18.5042076316 13.2088462786
16.443063681 13.5842161611
14.3819197304 17.5157747872
12.3207757798 17.8218919458
10.2596318292 23.6330003802
8.19848787861 29.042451899
6.13734392801 37.9961068354
4.07619997741 43.0982532914
2.01505602681 45.781142133
-0.0460879237866 44.6799269403
-2.10723187439 44.5549357111
-4.16837582498 45.4035888873
-6.22951977558 44.9972016764
-8.29066372618 43.105099296
-10.3518076768 42.8101982379
-12.4129516274 40.2346530626
-14.474095578 38.8340403372
-16.5352395286 31.4137418887
-18.5963834792 26.6451713374
-20.6575274298 24.7504531687
-22.7186713804 23.3030875227
-24.779815331 20.9753694757
-26.8409592816 18.9912211642
-28.9021032322 18.3905576002
-30.9632471828 18.2778969024
-33.0243911334 18.0181297394
-35.085535084 16.7492343785
-37.1466790346 17.6352029696
-39.2078229852 17.5711185934
-41.2689669358 18.7965027417
-43.3301108864 17.9333270252
-45.391254837 18.7351035664
-47.4523987876 19.3842089143
-49.5135427382 19.8792207798
-51.5746866888 18.1664589523
-53.6358306394 19.1875747408
-55.6969745899 16.4745993132
-57.7581185405 18.0289718788
-59.8192624911 19.5035207275
-61.8804064417 18.222845595
-63.9415503923 16.3478107289
-66.0026943429 15.3543457288
-68.0638382935 17.3082498014
-70.1249822441 20.3568827058
-72.1861261947 20.954081735
-74.2472701453 21.5974139866
-76.3084140959 20.5375774992
-78.3695580465 22.2072706291
-80.4307019971 20.9724623987
-82.4918459477 19.4587812322
-84.5529898983 18.2568916271
-86.6141338489 17.3233390788
-88.6752777995 14.7460620558
-90.7364217501 14.8215433951
-92.7975657007 15.8415384477
-94.8587096513 13.5371070672
-96.9198536019 13.3953394462
-98.9809975525 11.4707563964
-101.042141503 10.1341796096
-103.103285454 9.31877980028
-105.164429404 8.83362145804
-107.225573355 8.01011164197
-109.286717306 6.81597210383
-111.347861256 6.36627349039
-113.409005207 4.5480508711
-115.470149157 5.33339341284
-117.531293108 3.57959840996
-119.592437059 4.97844177732
-121.653581009 4.57481601808
-123.71472496 3.57434724283
-125.77586891 2.43381968563
-127.837012861 2.15012236136
-129.898156812 1.63584152542
-131.959300762 1.25840303031
-134.020444713 1.71987048655
-136.081588663 1.3550086917
-138.142732614 2.30416303051
-140.203876564 1.35267087118
-142.265020515 0.82327581396
-144.326164466 1.00266339908
-146.387308416 1.1732298572
-148.448452367 0.255809411209
-150.509596317 0.344657784536
-152.570740268 0.726584762108
-154.631884219 0.0169132097613
-156.693028169 0.505611837572
-158.75417212 0.197542546666
-160.81531607 0.226254006806
-162.876460021 -1.31777118764
-164.937603972 -0.300854631929
-166.998747922 -0.552618907736
-169.059891873 -0.569689714236
-171.121035823 -1.72519669229
-173.182179774 -1.76712128934
-175.243323725 -0.345300125333
-177.304467675 -0.794348756707
-179.365611626 -1.84558375233
-181.426755576 -1.95731000999
-183.487899527 -1.79050868512
-185.549043478 -1.56770707823
-187.610187428 -2.01416850311
-189.671331379 0.26529122283
-191.732475329 -1.73970755002
-193.79361928 -1.91768500125
-195.854763231 -0.994671138929
-197.915907181 -1.19145592507
-199.977051132 -1.90507290829
-202.038195082 -1.1530083209
-204.099339033 -1.05528346689
-206.160482984 -0.931948872723
-208.221626934 -2.06891081433
-210.282770885 -0.963604090064
-212.343914835 -0.846445211909
-214.405058786 -0.747360485971
-216.466202737 -0.979632670121
-218.527346687 -0.780858686278
-220.588490638 -0.71359266611
-222.649634588 -0.405566042042
-224.710778539 -0.0244447797033
-226.77192249 0.00368773974003
-228.83306644 1.04788091547
-230.894210391 -0.198672415352
