# BEGINHEADER
# This file contains data from the SALSA 2m radio telescope.
# DATE=2020-05-13T05:43:05.0
# GLON and GLAT given in degrees
# GLON=97.8619004945
# GLAT=-0.023243531835
# DATA in two columns below. Col. 1 is velocity relative to LSR [km/s]. Col. 2 is uncalibrated antenna temperature [K].
# ENDHEADER
290.049530209 6.81777757886e-05
287.988386259 0.55101765683
285.927242308 0.412867500622
283.866098357 1.46902303636
281.804954407 1.35647715969
279.743810456 2.17661855669
277.682666506 3.17492081236
275.621522555 2.473968156
273.560378604 2.99527897751
271.499234654 4.60119055288
269.438090703 4.88632155412
267.376946753 5.0084335568
265.315802802 4.62028437568
263.254658851 5.7156256797
261.193514901 5.36008168733
259.13237095 5.92673926442
257.071227 6.84041928369
255.010083049 6.41589582839
252.948939098 6.90069727988
250.887795148 7.11356234558
248.826651197 7.4882831135
246.765507247 7.68098155237
244.704363296 7.93911488522
242.643219345 8.95954138522
240.582075395 8.70122070686
238.520931444 8.45099159853
236.459787494 10.1598904374
234.398643543 7.96797434197
232.337499592 8.81593824942
230.276355642 9.33885609384
228.215211691 9.23734687397
226.154067741 9.12008045068
224.09292379 9.72782906907
222.031779839 10.9119730571
219.970635889 9.11676907758
217.909491938 8.44130297952
215.848347988 10.6750491236
213.787204037 9.58336638692
211.726060086 10.0626857304
209.664916136 9.84864399102
207.603772185 11.0132684298
205.542628235 12.037743063
203.481484284 9.8175837765
201.420340333 9.07898548401
199.359196383 10.8910435874
197.298052432 11.2618099082
195.236908482 10.5601473066
193.175764531 10.5462525546
191.11462058 12.2610821234
189.05347663 11.7417973665
186.992332679 10.7928685602
184.931188729 9.98062260439
182.870044778 9.21981497454
180.808900827 9.93668398499
178.747756877 11.6694107061
176.686612926 10.0704813033
174.625468976 12.4143928783
172.564325025 9.93188628003
170.503181074 12.4908903924
168.442037124 12.3985305336
166.380893173 12.8205736884
164.319749223 11.470149394
162.258605272 12.1172611683
160.197461321 11.5459068199
158.136317371 10.597141343
156.07517342 10.4331249404
154.01402947 11.6153353871
151.952885519 11.2895083029
149.891741568 11.385330497
147.830597618 10.7682346386
145.769453667 11.107840864
143.708309717 11.9247296392
141.647165766 8.20710170977
139.586021815 11.4374107875
137.524877865 11.6827829306
135.463733914 11.2876624721
133.402589964 13.8628530196
131.341446013 10.6659355701
129.280302062 9.92719610729
127.219158112 11.2296875494
125.158014161 12.0661588382
123.096870211 10.2273599857
121.03572626 7.81887697103
118.974582309 11.3074923666
116.913438359 12.9531818632
114.852294408 10.7808205847
112.791150458 10.9355648106
110.730006507 10.7543444435
108.668862556 10.4800091955
106.607718606 10.6259583192
104.546574655 11.127102238
102.485430705 10.1363709978
100.424286754 11.0507972404
98.3631428035 12.1323804451
96.3019988529 12.320298236
94.2408549023 11.7215356855
92.1797109517 10.0229412572
90.1185670011 11.0706030998
88.0574230505 10.9689844346
85.9962790999 10.0631486445
83.9351351493 10.7819031055
81.8739911987 12.9463873135
79.8128472481 11.8436332382
77.7517032975 9.58121765603
75.6905593469 10.2738323361
73.6294153963 10.9686919622
71.5682714457 9.64241481755
69.5071274951 11.2368298252
67.4459835445 8.03351191785
65.3848395939 9.46930055045
63.3236956433 9.54509889021
61.2625516927 10.5286689224
59.2014077421 11.7139528657
57.1402637915 11.0799385342
55.0791198409 11.5565508549
53.0179758903 9.59703346256
50.9568319397 9.6349830123
48.8956879891 10.7845490968
46.8345440385 9.79835176635
44.7734000879 10.5302339929
42.7122561373 10.5232908202
40.6511121867 9.30859481137
38.5899682361 8.41756745024
36.5288242855 11.9596970654
34.4676803349 9.37890447518
32.4065363843 8.11512686414
30.3453924337 9.83899328318
28.2842484831 10.086789554
26.2231045325 7.15091870906
24.1619605819 6.6499931539
22.1008166313 8.62736109713
20.0396726807 10.3380217412
17.9785287301 9.14020930726
15.9173847795 11.3327249814
13.8562408289 9.77432224638
11.7950968783 13.4249243094
9.73395292772 14.5380254629
7.67280897712 18.2351080169
5.61166502652 21.5083983752
3.55052107592 29.3527378484
1.48937712532 36.19294361
-0.571766825277 38.0147177828
-2.63291077588 34.132565817
-4.69405472647 35.8418030817
-6.75519867707 33.3258689821
-8.81634262767 31.3166756772
-10.8774865783 29.8783114597
-12.9386305289 27.5314509147
-14.9997744795 28.1717765863
-17.0609184301 27.0634737533
-19.1220623807 23.754490117
-21.1832063313 22.778246933
-23.2443502819 24.016015696
-25.3054942325 20.3220673868
-27.3666381831 17.8119557679
-29.4277821337 17.3576950796
-31.4889260843 15.049650392
-33.5500700349 21.0356704935
-35.6112139855 21.6117501115
-37.6723579361 19.0072540237
-39.7335018867 20.6587018528
-41.7946458373 19.5101429046
-43.8557897878 19.6416904154
-45.9169337384 18.1998785778
-47.978077689 20.3438990783
-50.0392216396 18.6261429562
-52.1003655902 16.8167405963
-54.1615095408 17.1604668953
-56.2226534914 17.2550613831
-58.283797442 20.8442749539
-60.3449413926 20.1945733484
-62.4060853432 22.1804536343
-64.4672292938 20.492321173
-66.5283732444 20.8036602114
-68.589517195 19.6692060376
-70.6506611456 20.3057865177
-72.7118050962 18.1560417493
-74.7729490468 15.9305192725
-76.8340929974 15.6573023316
-78.895236948 13.1922698013
-80.9563808986 12.3710383683
-83.0175248492 10.2715931316
-85.0786687998 9.8760112489
-87.1398127504 9.61329995776
-89.200956701 11.2388735039
-91.2621006516 10.9703635668
-93.3232446022 8.87095650603
-95.3843885528 11.0325483997
-97.4455325034 8.99252347431
-99.506676454 10.5488412422
-101.567820405 7.9910046425
-103.628964355 6.58695031147
-105.690108306 4.34325066566
-107.751252256 3.62898032519
-109.812396207 1.31389380872
-111.873540158 2.58857322659
-113.934684108 3.11472257011
-115.995828059 -0.148965521024
-118.056972009 2.51332986325
-120.11811596 0.315692329963
-122.179259911 1.52847452238
-124.240403861 2.16120265869
-126.301547812 -0.0286430846631
-128.362691762 -0.788791654967
-130.423835713 -0.821189301822
-132.484979664 -2.59971383749
-134.546123614 -0.312333838068
-136.607267565 -0.562094157436
-138.668411515 -1.54022988105
-140.729555466 -1.66973397797
-142.790699417 -2.72324124045
-144.851843367 -1.35907063391
-146.912987318 -2.18461851232
-148.974131268 -2.14310014421
-151.035275219 -3.31942098093
-153.09641917 -1.55569312422
-155.15756312 -1.77285532744
-157.218707071 -2.85590384733
-159.279851021 -2.66184466643
-161.340994972 -3.41807249902
-163.402138923 -2.81056506994
-165.463282873 -1.85721851536
-167.524426824 -2.27179585023
-169.585570774 -3.76599661671
-171.646714725 -3.18141239089
-173.707858676 -3.86127679127
-175.769002626 -2.47237782648
-177.830146577 -5.67875576519
-179.891290527 -4.81670699915
-181.952434478 -2.53353270951
-184.013578429 -4.74985401628
-186.074722379 -5.20465648888
-188.13586633 -3.07752549019
-190.19701028 -4.24842816916
-192.258154231 -4.7187162138
-194.319298182 -3.48781311488
-196.380442132 -3.88202211505
-198.441586083 -5.16674652663
-200.502730033 -4.90407365571
-202.563873984 -2.90519907315
-204.625017935 -3.25937759851
-206.686161885 -3.45260185893
-208.747305836 -3.78621292095
-210.808449786 -2.14158880631
-212.869593737 -3.21874247496
-214.930737688 -3.54824988076
-216.991881638 -2.98941750155
-219.053025589 -3.5381612711
-221.114169539 -2.38627544369
-223.17531349 -2.55891476937
-225.236457441 -2.25628325713
-227.297601391 -1.8261026303
-229.358745342 -1.76287842863
-231.419889292 -1.68022714048
-233.481033243 -1.1370957594
-235.542177194 -0.506384836841
