# BEGINHEADER
# This file contains data from the SALSA 2m radio telescope.
# DATE=2020-05-13T08:57:26.0
# GLON and GLAT given in degrees
# GLON=160.660114204
# GLAT=-29.7504111556
# DATA in two columns below. Col. 1 is velocity relative to LSR [km/s]. Col. 2 is uncalibrated antenna temperature [K].
# ENDHEADER
2452.60297726 0.0522107002263
2450.54183331 80.3274930782
2448.48068936 131.343630777
2446.41954541 133.657841583
2444.35840146 135.704769002
2442.2972575 140.366098584
2440.23611355 144.36938069
2438.1749696 150.984105998
2436.11382565 155.232414058
2434.0526817 161.462365154
2431.99153775 170.186964813
2429.9303938 177.459295813
2427.86924985 185.642329385
2425.8081059 196.142902697
2423.74696195 203.549016367
2421.685818 211.282433369
2419.62467405 220.073711305
2417.5635301 227.785753561
2415.50238615 236.965601303
2413.4412422 244.062093639
2411.38009825 249.88800056
2409.3189543 259.067411356
2407.25781034 264.370307654
2405.19666639 270.501278586
2403.13552244 274.980333336
2401.07437849 280.162513811
2399.01323454 285.107905745
2396.95209059 285.834031624
2394.89094664 293.716977478
2392.82980269 295.123858115
2390.76865874 299.898553115
2388.70751479 301.680976623
2386.64637084 304.762049432
2384.58522689 306.640394418
2382.52408294 308.191603143
2380.46293899 310.204504938
2378.40179504 314.136705255
2376.34065109 314.099168335
2374.27950714 314.991598509
2372.21836318 318.074053247
2370.15721923 318.361353861
2368.09607528 315.826907104
2366.03493133 315.525438883
2363.97378738 319.62340951
2361.91264343 318.839709935
2359.85149948 322.69739235
2357.79035553 322.540181283
2355.72921158 323.313997332
2353.66806763 322.995681403
2351.60692368 326.812432546
2349.54577973 325.110688014
2347.48463578 328.493750885
2345.42349183 326.976747465
2343.36234788 328.633692574
2341.30120393 328.597021913
2339.24005998 330.755799361
2337.17891602 332.935913909
2335.11777207 329.206382536
2333.05662812 328.182507366
2330.99548417 332.69157881
2328.93434022 331.541478973
2326.87319627 332.987029063
2324.81205232 333.25587861
2322.75090837 333.90368648
2320.68976442 334.506673267
2318.62862047 332.111791665
2316.56747652 336.173079801
2314.50633257 340.546728919
2312.44518862 338.506991679
2310.38404467 342.293729174
2308.32290072 336.571255704
2306.26175677 339.184345817
2304.20061281 338.811879423
2302.13946886 341.306383323
2300.07832491 337.305161884
2298.01718096 339.132975701
2295.95603701 341.055686886
2293.89489306 343.399554239
2291.83374911 344.90113181
2289.77260516 339.513842915
2287.71146121 341.877007728
2285.65031726 344.733213619
2283.58917331 342.225797508
2281.52802936 344.175275414
2279.46688541 343.70188971
2277.40574146 345.031978835
2275.34459751 345.130372122
2273.28345356 343.807437293
2271.22230961 345.650768733
2269.16116565 344.408528416
2267.1000217 345.048261309
2265.03887775 348.659717899
2262.9777338 345.05632735
2260.91658985 349.413171376
2258.8554459 345.338779197
2256.79430195 349.831313608
2254.733158 349.086326995
2252.67201405 345.739567753
2250.6108701 347.403795614
2248.54972615 345.484836917
2246.4885822 350.204112857
2244.42743825 347.414913111
2242.3662943 350.040524074
2240.30515035 347.481186901
2238.2440064 348.320977475
2236.18286245 346.296537428
2234.12171849 344.499592246
2232.06057454 349.090805226
2229.99943059 351.030861576
2227.93828664 347.62052136
2225.87714269 345.684492261
2223.81599874 351.728392238
2221.75485479 349.643484903
2219.69371084 350.95650583
2217.63256689 352.571933004
2215.57142294 348.781072152
2213.51027899 345.444678391
2211.44913504 347.086344807
2209.38799109 348.188205021
2207.32684714 348.326537437
2205.26570319 347.109577734
2203.20455924 347.567586463
2201.14341528 349.790883584
2199.08227133 347.845565781
2197.02112738 351.366134701
2194.95998343 346.194533204
2192.89883948 348.234129129
2190.83769553 349.583942033
2188.77655158 349.573356829
2186.71540763 334.904137059
2184.65426368 350.507142042
2182.59311973 350.435965599
2180.53197578 351.927594297
2178.47083183 350.71793717
2176.40968788 352.079328985
2174.34854393 346.975699457
2172.28739998 349.40377653
2170.22625603 347.017199159
2168.16511208 345.91448317
2166.10396812 346.288194948
2164.04282417 344.445699446
2161.98168022 347.170043978
2159.92053627 349.157609584
2157.85939232 350.266264196
2155.79824837 348.804542255
2153.73710442 348.725558974
2151.67596047 351.501482112
2149.61481652 351.827056026
2147.55367257 347.327830445
2145.49252862 348.148947794
2143.43138467 345.816317031
2141.37024072 344.70943243
2139.30909677 344.832905442
2137.24795282 343.609991931
2135.18680887 342.359119472
2133.12566492 342.996837002
2131.06452096 345.626401055
2129.00337701 347.509988655
2126.94223306 343.746033431
2124.88108911 342.043787928
2122.81994516 346.660405693
2120.75880121 348.92816793
2118.69765726 341.77927295
2116.63651331 346.140895056
2114.57536936 342.586241998
2112.51422541 345.823387494
2110.45308146 339.551130609
2108.39193751 346.228373542
2106.33079356 345.012066162
2104.26964961 342.440093361
2102.20850566 341.799873095
2100.14736171 339.62366825
2098.08621775 340.377119069
2096.0250738 340.555989903
2093.96392985 339.42348405
2091.9027859 339.215230825
2089.84164195 337.459799789
2087.780498 336.803539816
2085.71935405 338.089079733
2083.6582101 339.965269458
2081.59706615 338.421124842
2079.5359222 338.00242222
2077.47477825 338.43795067
2075.4136343 334.406734229
2073.35249035 336.118533711
2071.2913464 337.136648633
2069.23020245 335.402456121
2067.1690585 333.498334577
2065.10791455 335.662881695
2063.04677059 332.509735942
2060.98562664 333.573721381
2058.92448269 334.240195509
2056.86333874 330.951997155
2054.80219479 333.844517451
2052.74105084 332.01385085
2050.67990689 327.888053634
2048.61876294 325.034293923
2046.55761899 329.804633678
2044.49647504 327.344203246
2042.43533109 327.119645233
2040.37418714 325.972918202
2038.31304319 322.777884764
2036.25189924 323.167303449
2034.19075529 323.923420194
2032.12961134 322.896320898
2030.06846739 320.686660314
2028.00732343 324.795304814
2025.94617948 322.473723278
2023.88503553 318.864335667
2021.82389158 319.650565269
2019.76274763 320.090651836
2017.70160368 315.856711197
2015.64045973 318.01245458
2013.57931578 314.993455578
2011.51817183 317.117122581
2009.45702788 311.944015872
2007.39588393 313.039486789
2005.33473998 310.011124874
2003.27359603 310.799837128
2001.21245208 307.035413023
1999.15130813 309.087059581
1997.09016418 305.905706741
1995.02902023 304.714429498
1992.96787627 300.598249349
1990.90673232 300.050639716
1988.84558837 300.185274646
1986.78444442 298.402952253
1984.72330047 294.493738579
1982.66215652 294.629907697
1980.60101257 290.411192697
1978.53986862 288.552422864
1976.47872467 283.430699457
1974.41758072 278.476621478
1972.35643677 274.52688556
1970.29529282 271.50622471
1968.23414887 266.625418418
1966.17300492 258.874552492
1964.11186097 252.123587604
1962.05071702 246.157444203
1959.98957306 238.238645308
1957.92842911 230.259296263
1955.86728516 220.743094649
1953.80614121 213.36138577
1951.74499726 206.930132884
1949.68385331 198.103684716
1947.62270936 188.474103802
1945.56156541 181.256395698
1943.50042146 173.396212418
1941.43927751 166.332200251
1939.37813356 159.660126007
1937.31698961 152.922261209
1935.25584566 146.809545571
1933.19470171 141.180822654
1931.13355776 138.064408869
1929.07241381 134.906411937
1927.01126986 132.303201935
