# BEGINHEADER
# This file contains data from the SALSA 2m radio telescope.
# DATE=2020-05-13T09:03:21.0
# GLON and GLAT given in degrees
# GLON=168.371765614
# GLAT=-26.1090251086
# DATA in two columns below. Col. 1 is velocity relative to LSR [km/s]. Col. 2 is uncalibrated antenna temperature [K].
# ENDHEADER
2447.17216749 0.0474794630194
2445.11102354 72.4218326782
2443.04987959 117.697715534
2440.98873564 120.065206668
2438.92759169 121.244421843
2436.86644774 125.200614363
2434.80530379 128.780606725
2432.74415984 135.029928418
2430.68301589 139.885029805
2428.62187194 146.795637893
2426.56072799 152.216839295
2424.49958404 159.249552947
2422.43844009 167.469530734
2420.37729614 175.50882137
2418.31615219 183.01071453
2416.25500824 191.101661597
2414.19386428 196.712175726
2412.13272033 204.951508985
2410.07157638 211.005228635
2408.01043243 217.370847037
2405.94928848 223.251406036
2403.88814453 230.631654579
2401.82700058 237.583221893
2399.76585663 240.103427806
2397.70471268 248.420356774
2395.64356873 252.303815488
2393.58242478 257.079993728
2391.52128083 260.331398392
2389.46013688 263.631210513
2387.39899293 268.676963163
2385.33784898 270.40575294
2383.27670503 273.399504931
2381.21556108 273.915554791
2379.15441712 278.200084092
2377.09327317 277.112988336
2375.03212922 278.705467992
2372.97098527 283.907899319
2370.90984132 282.982810802
2368.84869737 282.479625823
2366.78755342 285.508541244
2364.72640947 286.321622461
2362.66526552 286.658716534
2360.60412157 285.968063259
2358.54297762 287.409805224
2356.48183367 289.208490776
2354.42068972 289.366203021
2352.35954577 288.016536635
2350.29840182 291.882166865
2348.23725787 288.55563868
2346.17611391 293.145872771
2344.11496996 292.234563328
2342.05382601 291.837770988
2339.99268206 293.667017751
2337.93153811 294.370182703
2335.87039416 296.785846946
2333.80925021 295.61377124
2331.74810626 295.568294064
2329.68696231 297.150884946
2327.62581836 296.754205196
2325.56467441 298.060078357
2323.50353046 298.118821293
2321.44238651 300.293281795
2319.38124256 301.169095565
2317.32009861 297.841428538
2315.25895466 300.737068757
2313.19781071 300.591650369
2311.13666675 301.604542125
2309.0755228 301.851853084
2307.01437885 303.367510108
2304.9532349 306.282788995
2302.89209095 304.316199929
2300.830947 303.354409559
2298.76980305 306.342205133
2296.7086591 307.453601335
2294.64751515 306.919789606
2292.5863712 303.011915954
2290.52522725 307.904352815
2288.4640833 306.061629623
2286.40293935 305.435266452
2284.3417954 308.684594067
2282.28065145 307.61165351
2280.2195075 307.370129151
2278.15836355 310.588065023
2276.09721959 308.197984751
2274.03607564 308.002736713
2271.97493169 307.955527896
2269.91378774 311.994697347
2267.85264379 310.588780193
2265.79149984 311.761627679
2263.73035589 307.797683532
2261.66921194 308.88179843
2259.60806799 307.275723613
2257.54692404 311.599001515
2255.48578009 313.718354263
2253.42463614 312.884055394
2251.36349219 309.494941178
2249.30234824 311.749563918
2247.24120429 312.809627558
2245.18006034 314.70448878
2243.11891638 313.177566718
2241.05777243 312.430255835
2238.99662848 309.812989282
2236.93548453 312.101521304
2234.87434058 315.615370818
2232.81319663 315.251973618
2230.75205268 312.712948209
2228.69090873 312.991265878
2226.62976478 313.847306258
2224.56862083 315.678948801
2222.50747688 312.688954004
2220.44633293 314.135777635
2218.38518898 313.577422795
2216.32404503 313.315431324
2214.26290108 310.360500939
2212.20175713 312.104975918
2210.14061318 314.830075468
2208.07946922 314.213962035
2206.01832527 313.269133761
2203.95718132 313.132441954
2201.89603737 315.28303045
2199.83489342 313.6026038
2197.77374947 315.886409699
2195.71260552 313.146233444
2193.65146157 315.545023915
2191.59031762 312.99212536
2189.52917367 311.203203809
2187.46802972 315.405647822
2185.40688577 313.744531084
2183.34574182 312.480640632
2181.28459787 303.359087152
2179.22345392 314.335776065
2177.16230997 315.47278984
2175.10116602 313.270260865
2173.04002206 314.184769711
2170.97887811 315.450226463
2168.91773416 314.518823259
2166.85659021 312.172468049
2164.79544626 312.486172055
2162.73430231 314.833057777
2160.67315836 316.135106744
2158.61201441 315.544595803
2156.55087046 311.40586286
2154.48972651 314.207000395
2152.42858256 314.333877381
2150.36743861 312.930702623
2148.30629466 312.000105795
2146.24515071 309.191929149
2144.18400676 311.794313222
2142.12286281 312.25120686
2140.06171886 310.403594089
2138.0005749 311.515723757
2135.93943095 309.052996617
2133.878287 311.00975206
2131.81714305 309.886106923
2129.7559991 313.419802352
2127.69485515 310.518300937
2125.6337112 310.747041553
2123.57256725 307.576987485
2121.5114233 309.710494044
2119.45027935 309.309395378
2117.3891354 306.674790925
2115.32799145 311.150111436
2113.2668475 311.638852525
2111.20570355 309.648362359
2109.1445596 306.696779401
2107.08341565 311.712959213
2105.02227169 310.376812518
2102.96112774 309.324557647
2100.89998379 312.238997317
2098.83883984 307.618723164
2096.77769589 309.65644251
2094.71655194 308.509618965
2092.65540799 307.345788934
2090.59426404 308.396899535
2088.53312009 308.540896071
2086.47197614 303.409962524
2084.41083219 303.188562212
2082.34968824 304.494973684
2080.28854429 307.977905498
2078.22740034 303.917587009
2076.16625639 304.170032064
2074.10511244 301.148477241
2072.04396849 301.95302183
2069.98282453 304.24313844
2067.92168058 301.197501588
2065.86053663 300.983393788
2063.79939268 300.709194806
2061.73824873 300.005305985
2059.67710478 298.757698428
2057.61596083 301.633090033
2055.55481688 298.957011978
2053.49367293 296.560688032
2051.43252898 295.149786877
2049.37138503 298.784499523
2047.31024108 296.843806858
2045.24909713 296.24085666
2043.18795318 295.067483078
2041.12680923 292.369464358
2039.06566528 294.17796058
2037.00452133 295.684445989
2034.94337737 296.566398814
2032.88223342 294.207410673
2030.82108947 293.209858346
2028.75994552 290.437544651
2026.69880157 290.624988999
2024.63765762 291.350108512
2022.57651367 292.126655247
2020.51536972 289.110011592
2018.45422577 287.317373562
2016.39308182 286.180071695
2014.33193787 284.670350327
2012.27079392 286.935386204
2010.20964997 282.850248875
2008.14850602 284.883781521
2006.08736207 280.697356718
2004.02621812 282.668533809
2001.96507416 281.041954534
1999.90393021 282.695454218
1997.84278626 281.166559109
1995.78164231 279.231633933
1993.72049836 278.767818259
1991.65935441 277.081229717
1989.59821046 280.823300276
1987.53706651 277.3532438
1985.47592256 271.941873605
1983.41477861 269.882460111
1981.35363466 270.470690728
1979.29249071 265.349021211
1977.23134676 263.509276842
1975.17020281 262.193480009
1973.10905886 259.039448148
1971.04791491 255.868780304
1968.98677096 250.124016983
1966.925627 245.299828709
1964.86448305 241.181193691
1962.8033391 237.195588279
1960.74219515 231.339477712
1958.6810512 226.530254617
1956.61990725 220.0378598
1954.5587633 213.883261627
1952.49761935 206.81464003
1950.4364754 199.895069982
1948.37533145 192.698085849
1946.3141875 185.639912854
1944.25304355 179.134301923
1942.1918996 173.059097013
1940.13075565 162.727091699
1938.0696117 156.342044871
1936.00846775 150.113593608
1933.9473238 144.198817281
1931.88617984 136.773150211
1929.82503589 132.272881821
1927.76389194 128.956484165
1925.70274799 125.395457811
1923.64160404 121.105022965
1921.58046009 119.39707666
