# BEGINHEADER
# This file contains data from the SALSA 2m radio telescope.
# DATE=2020-05-13T08:59:41.0
# GLON and GLAT given in degrees
# GLON=152.454453811
# GLAT=-25.2855708512
# DATA in two columns below. Col. 1 is velocity relative to LSR [km/s]. Col. 2 is uncalibrated antenna temperature [K].
# ENDHEADER
2455.98418876 0.0452659742447
2453.92304481 68.9167984443
2451.86190086 113.965932396
2449.80075691 114.55246344
2447.73961296 117.672829719
2445.67846901 121.680832794
2443.61732506 125.209921874
2441.55618111 128.988790362
2439.49503716 134.815449474
2437.43389321 139.993036032
2435.37274926 147.933032513
2433.31160531 154.585089114
2431.25046136 162.192062547
2429.1893174 167.754495358
2427.12817345 176.311700951
2425.0670295 183.327868539
2423.00588555 191.542930122
2420.9447416 195.445787499
2418.88359765 204.296229094
2416.8224537 210.90951986
2414.76130975 217.974087323
2412.7001658 222.442102115
2410.63902185 227.840699156
2408.5778779 234.286297588
2406.51673395 238.170931355
2404.45559 242.943380828
2402.39444605 246.974282841
2400.3333021 250.218736694
2398.27215815 254.832528696
2396.2110142 256.398703642
2394.14987024 257.95865772
2392.08872629 262.374173605
2390.02758234 261.958734685
2387.96643839 266.334030558
2385.90529444 267.76044552
2383.84415049 269.441943455
2381.78300654 269.721369338
2379.72186259 270.350073449
2377.66071864 270.821964906
2375.59957469 273.942154151
2373.53843074 275.417638082
2371.47728679 274.067149262
2369.41614284 277.816592652
2367.35499889 276.680283789
2365.29385494 277.062123436
2363.23271099 282.15316722
2361.17156704 280.489201075
2359.11042308 281.434038839
2357.04927913 278.984231908
2354.98813518 281.326734702
2352.92699123 281.345167308
2350.86584728 280.219900088
2348.80470333 282.497550053
2346.74355938 283.57448031
2344.68241543 283.648339076
2342.62127148 283.220668945
2340.56012753 286.062518932
2338.49898358 287.027682879
2336.43783963 289.800842311
2334.37669568 287.718872315
2332.31555173 286.183511158
2330.25440778 288.335010706
2328.19326383 288.345977056
2326.13211987 291.160424694
2324.07097592 288.554853679
2322.00983197 290.973290096
2319.94868802 291.946427605
2317.88754407 292.092620283
2315.82640012 290.351161847
2313.76525617 292.468006101
2311.70411222 290.944399685
2309.64296827 291.535375347
2307.58182432 296.368783962
2305.52068037 295.294575042
2303.45953642 293.569480818
2301.39839247 294.311920887
2299.33724852 293.81367979
2297.27610457 295.239674537
2295.21496062 295.250704134
2293.15381667 295.562868759
2291.09267271 298.13337698
2289.03152876 292.790537462
2286.97038481 296.927105584
2284.90924086 298.61037263
2282.84809691 297.644484978
2280.78695296 298.29849476
2278.72580901 298.48617054
2276.66466506 297.124935391
2274.60352111 297.343635887
2272.54237716 298.996624355
2270.48123321 298.435401905
2268.42008926 298.581932531
2266.35894531 297.105935773
2264.29780136 298.92231923
2262.23665741 301.411090422
2260.17551346 295.324890733
2258.11436951 298.954805345
2256.05322555 300.607824004
2253.9920816 301.772711741
2251.93093765 300.113273102
2249.8697937 298.480906281
2247.80864975 300.53650994
2245.7475058 298.446756659
2243.68636185 302.611206055
2241.6252179 300.771025563
2239.56407395 300.464021385
2237.50293 302.296595849
2235.44178605 301.310836696
2233.3806421 300.439932632
2231.31949815 301.400880901
2229.2583542 298.937866592
2227.19721025 302.554934977
2225.1360663 300.531790918
2223.07492234 300.986916182
2221.01377839 301.947577064
2218.95263444 300.415165877
2216.89149049 300.235844694
2214.83034654 301.6435698
2212.76920259 303.322503314
2210.70805864 300.759231129
2208.64691469 301.360099501
2206.58577074 300.153070279
2204.52462679 301.629458061
2202.46348284 301.068642121
2200.40233889 304.412535318
2198.34119494 300.248879187
2196.28005099 301.612089921
2194.21890704 299.639354847
2192.15776309 302.344173524
2190.09661914 289.26000998
2188.03547518 301.003771665
2185.97433123 302.94701689
2183.91318728 302.906476926
2181.85204333 302.778730332
2179.79089938 301.486624939
2177.72975543 303.068448265
2175.66861148 300.219404469
2173.60746753 300.093503052
2171.54632358 299.87692735
2169.48517963 302.331488869
2167.42403568 299.88186336
2165.36289173 301.807360375
2163.30174778 302.943239432
2161.24060383 298.679592829
2159.17945988 301.904015266
2157.11831593 300.058041537
2155.05717198 299.282059462
2152.99602802 301.951513414
2150.93488407 300.422227082
2148.87374012 297.804388903
2146.81259617 300.631751662
2144.75145222 298.978660454
2142.69030827 300.998946447
2140.62916432 297.28147885
2138.56802037 297.445614779
2136.50687642 298.755558045
2134.44573247 299.281534057
2132.38458852 297.772760437
2130.32344457 298.759925136
2128.26230062 296.181556818
2126.20115667 296.992301621
2124.14001272 297.755493475
2122.07886877 297.372780488
2120.01772481 296.07197835
2117.95658086 297.56898101
2115.89543691 296.308636504
2113.83429296 296.611289102
2111.77314901 294.152963405
2109.71200506 296.226782195
2107.65086111 298.476537071
2105.58971716 295.121733084
2103.52857321 295.367545307
2101.46742926 293.448092439
2099.40628531 295.710339719
2097.34514136 296.10619989
2095.28399741 296.239028098
2093.22285346 294.272438583
2091.16170951 292.515658652
2089.10056556 293.351589096
2087.03942161 295.057882977
2084.97827765 291.748268592
2082.9171337 290.726281982
2080.85598975 290.728646714
2078.7948458 291.106567884
2076.73370185 290.35053265
2074.6725579 287.874662574
2072.61141395 287.925266084
2070.55027 288.563904544
2068.48912605 288.120364564
2066.4279821 289.799373181
2064.36683815 287.224369366
2062.3056942 285.689320541
2060.24455025 285.250945615
2058.1834063 285.395440024
2056.12226235 285.759103622
2054.0611184 285.961954188
2051.99997445 282.121842169
2049.93883049 283.882489105
2047.87768654 282.291583193
2045.81654259 283.511007618
2043.75539864 282.502860222
2041.69425469 281.869960622
2039.63311074 283.469861025
2037.57196679 278.95609992
2035.51082284 279.511578846
2033.44967889 279.689187832
2031.38853494 280.84866914
2029.32739099 278.581198394
2027.26624704 277.944068704
2025.20510309 277.94569395
2023.14395914 276.8421732
2021.08281519 274.052607411
2019.02167124 276.728262028
2016.96052729 273.166109659
2014.89938333 272.747336122
2012.83823938 271.272303856
2010.77709543 268.818816049
2008.71595148 272.275109913
2006.65480753 267.534425696
2004.59366358 268.488661983
2002.53251963 266.938558566
2000.47137568 264.949922797
1998.41023173 264.44545072
1996.34908778 262.933331932
1994.28794383 262.957751046
1992.22679988 261.352602776
1990.16565593 259.282223383
1988.10451198 254.624724662
1986.04336803 255.06717815
1983.98222408 252.864243265
1981.92108012 248.413083831
1979.85993617 245.782129534
1977.79879222 240.992684189
1975.73764827 238.384821755
1973.67650432 232.959848028
1971.61536037 227.656357056
1969.55421642 223.396469325
1967.49307247 219.04614136
1965.43192852 211.954020907
1963.37078457 206.032315257
1961.30964062 198.873665913
1959.24849667 194.307870987
1957.18735272 186.171707997
1955.12620877 178.985935401
1953.06506482 171.895059197
1951.00392087 165.356140491
1948.94277692 157.775459443
1946.88163296 150.546976685
1944.82048901 142.169028289
1942.75934506 138.623842508
1940.69820111 132.503713964
1938.63705716 127.919303015
1936.57591321 123.135413577
1934.51476926 119.437701122
1932.45362531 116.756905549
1930.39248136 113.997143679
