# BEGINHEADER
# This file contains data from the SALSA 2m radio telescope.
# DATE=2020-05-13T09:05:47.0
# GLON and GLAT given in degrees
# GLON=165.637080489
# GLAT=-31.6472668145
# DATA in two columns below. Col. 1 is velocity relative to LSR [km/s]. Col. 2 is uncalibrated antenna temperature [K].
# ENDHEADER
2450.60671811 0.0984275910362
2448.54557415 149.474360031
2446.4844302 244.704747853
2444.42328625 247.52466836
2442.3621423 250.457564357
2440.30099835 258.463272019
2438.2398544 267.533957792
2436.17871045 275.687587445
2434.1175665 290.43210254
2432.05642255 302.35967641
2429.9952786 313.026493919
2427.93413465 331.7903762
2425.8729907 348.315438427
2423.81184675 360.099075331
2421.7507028 374.858070659
2419.68955885 393.680521592
2417.6284149 406.506462549
2415.56727095 421.932872729
2413.50612699 438.268593338
2411.44498304 450.086332403
2409.38383909 463.629783991
2407.32269514 475.384884175
2405.26155119 485.719357782
2403.20040724 498.760765064
2401.13926329 509.626320993
2399.07811934 522.568203944
2397.01697539 528.523671694
2394.95583144 538.196542569
2392.89468749 548.85344075
2390.83354354 549.465338814
2388.77239959 556.049344721
2386.71125564 556.43712143
2384.65011169 561.939330313
2382.58896774 574.164582595
2380.52782378 575.058050359
2378.46667983 580.110848116
2376.40553588 583.61141562
2374.34439193 581.80655549
2372.28324798 589.503612552
2370.22210403 586.735750822
2368.16096008 588.56419581
2366.09981613 588.669501043
2364.03867218 590.188627329
2361.97752823 593.510781048
2359.91638428 596.265197565
2357.85524033 593.473733595
2355.79409638 601.134376729
2353.73295243 602.128249201
2351.67180848 605.402001158
2349.61066453 601.232563315
2347.54952058 604.445090033
2345.48837662 603.023081186
2343.42723267 610.703325622
2341.36608872 616.725531889
2339.30494477 616.958358248
2337.24380082 612.658421699
2335.18265687 614.097463617
2333.12151292 617.058151011
2331.06036897 620.799196716
2328.99922502 617.110390961
2326.93808107 622.311331571
2324.87693712 622.284973568
2322.81579317 617.73453633
2320.75464922 624.270212848
2318.69350527 626.506505548
2316.63236132 627.563067467
2314.57121737 629.643239525
2312.51007342 628.8188079
2310.44892946 628.760216745
2308.38778551 631.196481842
2306.32664156 630.569600873
2304.26549761 634.01725933
2302.20435366 631.71016582
2300.14320971 632.700548632
2298.08206576 632.087592281
2296.02092181 633.842851347
2293.95977786 637.162953495
2291.89863391 635.413880519
2289.83748996 638.704410561
2287.77634601 642.125688048
2285.71520206 641.752569785
2283.65405811 638.52725163
2281.59291416 641.687935525
2279.53177021 646.117093851
2277.47062625 645.767941624
2275.4094823 642.822936396
2273.34833835 640.673982768
2271.2871944 644.279202485
2269.22605045 645.543044186
2267.1649065 648.564657557
2265.10376255 648.389230514
2263.0426186 638.811100311
2260.98147465 642.997480824
2258.9203307 642.493735716
2256.85918675 648.072233007
2254.7980428 649.894450988
2252.73689885 645.552223434
2250.6757549 647.480358867
2248.61461095 648.230867801
2246.553467 638.14837608
2244.49232305 649.887555962
2242.43117909 649.079421794
2240.37003514 645.734395054
2238.30889119 653.891172289
2236.24774724 652.047391173
2234.18660329 646.303098568
2232.12545934 648.286761046
2230.06431539 653.540423713
2228.00317144 644.96131636
2225.94202749 652.854480067
2223.88088354 652.926609458
2221.81973959 656.50577837
2219.75859564 650.990421023
2217.69745169 650.685904147
2215.63630774 655.98601492
2213.57516379 657.417676791
2211.51401984 656.862229191
2209.45287589 660.919815205
2207.39173193 652.113512253
2205.33058798 650.382760896
2203.26944403 651.547273274
2201.20830008 659.849563225
2199.14715613 653.2327726
2197.08601218 652.648216217
2195.02486823 655.179349687
2192.96372428 655.916105572
2190.90258033 650.512338978
2188.84143638 654.818380738
2186.78029243 651.760228512
2184.71914848 621.733848753
2182.65800453 647.179693773
2180.59686058 657.246596988
2178.53571663 649.007196239
2176.47457268 651.123307495
2174.41342873 655.36839858
2172.35228477 654.379582301
2170.29114082 653.417758668
2168.22999687 648.995360916
2166.16885292 653.100224721
2164.10770897 653.42504179
2162.04656502 653.624233574
2159.98542107 653.990765787
2157.92427712 654.199878851
2155.86313317 658.805079757
2153.80198922 650.189151519
2151.74084527 656.303761884
2149.67970132 653.753430489
2147.61855737 654.529901439
2145.55741342 653.301730446
2143.49626947 653.645498442
2141.43512552 654.034147718
2139.37398156 651.53931659
2137.31283761 650.378198055
2135.25169366 649.810740944
2133.19054971 648.463113155
2131.12940576 646.912526235
2129.06826181 641.26387582
2127.00711786 640.352610633
2124.94597391 643.394822796
2122.88482996 646.520897379
2120.82368601 645.69216393
2118.76254206 646.418682999
2116.70139811 643.873296923
2114.64025416 643.301779787
2112.57911021 637.451315808
2110.51796626 648.078445722
2108.45682231 642.228507796
2106.39567836 645.698662515
2104.3345344 638.088698372
2102.27339045 643.061115193
2100.2122465 637.858931218
2098.15110255 642.021521724
2096.0899586 635.569977355
2094.02881465 635.871970884
2091.9676707 638.389788871
2089.90652675 633.253473234
2087.8453828 637.382879777
2085.78423885 633.018183594
2083.7230949 634.304590642
2081.66195095 632.345936365
2079.600807 636.463068835
2077.53966305 633.115836625
2075.4785191 635.801778105
2073.41737515 631.46120797
2071.3562312 627.260730017
2069.29508724 629.596063196
2067.23394329 624.837993324
2065.17279934 624.858180713
2063.11165539 627.279465523
2061.05051144 624.793027012
2058.98936749 622.17687381
2056.92822354 624.538518776
2054.86707959 618.593957603
2052.80593564 616.351149605
2050.74479169 623.201150315
2048.68364774 616.250969691
2046.62250379 623.116639342
2044.56135984 612.835117397
2042.50021589 609.250675554
2040.43907194 612.967714033
2038.37792799 607.059673374
2036.31678403 606.723684495
2034.25564008 608.685079545
2032.19449613 606.361054753
2030.13335218 602.011351491
2028.07220823 600.062911741
2026.01106428 603.008340285
2023.94992033 602.472156792
2021.88877638 601.972176175
2019.82763243 593.097968627
2017.76648848 594.607987871
2015.70534453 594.229786495
2013.64420058 594.18710657
2011.58305663 591.265739484
2009.52191268 589.698102322
2007.46076873 589.032309168
2005.39962478 581.264518435
2003.33848083 577.027591749
2001.27733687 582.839172879
1999.21619292 580.375982945
1997.15504897 574.541729835
1995.09390502 573.730941722
1993.03276107 567.814831847
1990.97161712 565.448982149
1988.91047317 567.174497059
1986.84932922 559.257714282
1984.78818527 558.024844373
1982.72704132 556.296856521
1980.66589737 549.32381794
1978.60475342 548.386069605
1976.54360947 531.491693476
1974.48246552 524.992953707
1972.42132157 523.23469599
1970.36017762 515.556879929
1968.29903367 509.331379174
1966.23788971 496.953941681
1964.17674576 480.503614345
1962.11560181 471.052917851
1960.05445786 452.054060328
1957.99331391 444.645087224
1955.93216996 431.985124597
1953.87102601 416.206884182
1951.80988206 402.66749921
1949.74873811 386.218792863
1947.68759416 374.508708326
1945.62645021 354.087851459
1943.56530626 339.426593926
1941.50416231 322.598652427
1939.44301836 308.422464395
1937.38187441 295.591978398
1935.32073046 286.730032734
1933.25958651 272.958669239
1931.19844255 264.787076158
1929.1372986 255.998107632
1927.07615465 251.700081216
1925.0150107 243.030587591
