# BEGINHEADER
# This file contains data from the SALSA 2m radio telescope.
# DATE=2020-05-13T08:51:40.0
# GLON and GLAT given in degrees
# GLON=182.547443266
# GLAT=-37.2890631544
# DATA in two columns below. Col. 1 is velocity relative to LSR [km/s]. Col. 2 is uncalibrated antenna temperature [K].
# ENDHEADER
2445.29437978 0.0453565168883
2443.23323583 69.316069249
2441.17209188 114.03420516
2439.11094793 115.501588406
2437.04980398 118.085484688
2434.98866003 121.023936087
2432.92751608 124.810121082
2430.86637213 130.356254975
2428.80522818 136.729035915
2426.74408423 141.597214108
2424.68294028 147.922672378
2422.62179633 155.755802319
2420.56065238 160.655122879
2418.49950843 169.909066456
2416.43836447 176.772797502
2414.37722052 182.392026419
2412.31607657 190.467346107
2410.25493262 199.393828833
2408.19378867 205.65659977
2406.13264472 211.360741061
2404.07150077 216.810780801
2402.01035682 222.542273182
2399.94921287 230.573585543
2397.88806892 233.302781339
2395.82692497 237.323338703
2393.76578102 246.621529021
2391.70463707 248.097654964
2389.64349312 251.869798529
2387.58234917 255.095814519
2385.52120522 256.953587266
2383.46006127 257.250783461
2381.39891731 266.114800718
2379.33777336 264.113717045
2377.27662941 264.213614872
2375.21548546 268.016209445
2373.15434151 271.491292686
2371.09319756 270.638575244
2369.03205361 271.96650102
2366.97090966 274.061238502
2364.90976571 275.416285194
2362.84862176 274.099905396
2360.78747781 276.221183227
2358.72633386 276.395961661
2356.66518991 275.633607086
2354.60404596 277.350338725
2352.54290201 276.80101159
2350.48175806 279.48035719
2348.42061411 280.555688999
2346.35947015 279.812222843
2344.2983262 280.826923839
2342.23718225 280.083549087
2340.1760383 285.863123856
2338.11489435 284.513182319
2336.0537504 283.66790473
2333.99260645 285.909860603
2331.9314625 280.759541146
2329.87031855 285.664041528
2327.8091746 286.686118608
2325.74803065 288.413153463
2323.6868867 287.593515892
2321.62574275 288.66703868
2319.5645988 289.443129237
2317.50345485 288.870375641
2315.4423109 287.855131364
2313.38116694 288.833932125
2311.32002299 291.382765807
2309.25887904 288.374331368
2307.19773509 291.560562107
2305.13659114 293.63183686
2303.07544719 293.891696304
2301.01430324 292.990586624
2298.95315929 292.58632344
2296.89201534 293.954130616
2294.83087139 291.866671729
2292.76972744 294.817269632
2290.70858349 295.088845042
2288.64743954 294.8476896
2286.58629559 296.944670505
2284.52515164 296.643294875
2282.46400769 297.065653412
2280.40286374 300.34469805
2278.34171978 297.696963088
2276.28057583 296.892795643
2274.21943188 296.97696278
2272.15828793 300.354903635
2270.09714398 297.569887688
2268.03600003 295.919171943
2265.97485608 297.246992672
2263.91371213 299.625753428
2261.85256818 298.102466263
2259.79142423 294.634183365
2257.73028028 299.750275732
2255.66913633 303.033478857
2253.60799238 301.016818158
2251.54684843 298.550691755
2249.48570448 300.404006649
2247.42456053 298.632919908
2245.36341658 300.693864768
2243.30227262 303.31101593
2241.24112867 300.299827638
2239.17998472 298.362447594
2237.11884077 301.853831972
2235.05769682 305.196282101
2232.99655287 302.38671856
2230.93540892 300.978654945
2228.87426497 300.747202092
2226.81312102 301.610004296
2224.75197707 301.343891208
2222.69083312 299.053753895
2220.62968917 302.042356952
2218.56854522 300.938981359
2216.50740127 304.746151723
2214.44625732 303.539162715
2212.38511337 303.243753269
2210.32396941 304.289309517
2208.26282546 302.369585098
2206.20168151 302.443535813
2204.14053756 302.132958151
2202.07939361 303.196830945
2200.01824966 302.329333096
2197.95710571 300.883089174
2195.89596176 305.050218723
2193.83481781 302.106074247
2191.77367386 303.182089162
2189.71252991 304.829233605
2187.65138596 302.204899889
2185.59024201 303.76299605
2183.52909806 303.004053809
2181.46795411 303.80344024
2179.40681016 292.655542318
2177.34566621 303.598251531
2175.28452225 305.77018681
2173.2233783 302.264790687
2171.16223435 306.24849994
2169.1010904 304.013741613
2167.03994645 303.117777057
2164.9788025 302.125007363
2162.91765855 304.277522808
2160.8565146 300.808316896
2158.79537065 301.274915246
2156.7342267 302.264321207
2154.67308275 302.723592273
2152.6119388 302.75186445
2150.55079485 302.28963235
2148.4896509 302.571981498
2146.42850695 303.792918888
2144.367363 301.83987808
2142.30621905 301.185966054
2140.24507509 303.025364962
2138.18393114 301.526353379
2136.12278719 305.704053355
2134.06164324 301.256323613
2132.00049929 303.267828966
2129.93935534 298.859812656
2127.87821139 298.88073648
2125.81706744 298.645959956
2123.75592349 299.008702612
2121.69477954 298.755032417
2119.63363559 297.852158364
2117.57249164 298.425103598
2115.51134769 298.655015588
2113.45020374 296.657412818
2111.38905979 298.68969054
2109.32791584 297.55664983
2107.26677189 299.042099423
2105.20562793 299.042913314
2103.14448398 298.353261994
2101.08334003 296.902137329
2099.02219608 296.395207902
2096.96105213 295.29946462
2094.89990818 295.2088278
2092.83876423 295.14911595
2090.77762028 294.133693618
2088.71647633 292.842334247
2086.65533238 295.60370439
2084.59418843 293.899864449
2082.53304448 296.06879289
2080.47190053 296.028688019
2078.41075658 293.763022804
2076.34961263 292.568333024
2074.28846868 295.460526923
2072.22732472 291.361403101
2070.16618077 291.549755605
2068.10503682 293.236141428
2066.04389287 291.238487251
2063.98274892 288.24223519
2061.92160497 289.855335403
2059.86046102 289.172421609
2057.79931707 292.350006904
2055.73817312 291.361378489
2053.67702917 286.432832354
2051.61588522 287.738655384
2049.55474127 286.834717551
2047.49359732 283.936844254
2045.43245337 283.863125151
2043.37130942 282.936574423
2041.31016547 284.616465222
2039.24902152 286.972843298
2037.18787756 282.50388833
2035.12673361 282.627251988
2033.06558966 284.00075522
2031.00444571 282.82390141
2028.94330176 284.127274539
2026.88215781 283.468990423
2024.82101386 279.438116372
2022.75986991 281.562900631
2020.69872596 280.37692414
2018.63758201 279.718992738
2016.57643806 272.169186023
2014.51529411 274.158579389
2012.45415016 279.094362725
2010.39300621 278.91693167
2008.33186226 272.810157851
2006.27071831 274.595549339
2004.20957436 274.915553642
2002.1484304 271.719355702
2000.08728645 272.27190685
1998.0261425 268.694751834
1995.96499855 268.52566519
1993.9038546 269.585012789
1991.84271065 267.993738275
1989.7815667 266.524345049
1987.72042275 266.638406705
1985.6592788 264.543151163
1983.59813485 262.403739573
1981.5369909 259.701760886
1979.47584695 258.01823517
1977.414703 258.388490063
1975.35355905 256.158192606
1973.2924151 250.111669747
1971.23127115 249.048487838
1969.17012719 244.642107468
1967.10898324 240.48149944
1965.04783929 238.350536406
1962.98669534 235.688321479
1960.92555139 228.466650874
1958.86440744 222.902878214
1956.80326349 215.906117661
1954.74211954 213.705913966
1952.68097559 207.916913877
1950.61983164 200.390289731
1948.55868769 193.808521799
1946.49754374 186.352150587
1944.43639979 178.471953398
1942.37525584 172.934727098
1940.31411189 165.87472453
1938.25296794 158.482404972
1936.19182399 151.66478939
1934.13068003 143.852763388
1932.06953608 137.730235145
1930.00839213 132.273370291
1927.94724818 127.255346737
1925.88610423 122.923043551
1923.82496028 119.134314902
1921.76381633 117.327243948
1919.70267238 115.591561585
