# BEGINHEADER
# This file contains data from the SALSA 2m radio telescope.
# DATE=2020-05-13T08:52:13.0
# GLON and GLAT given in degrees
# GLON=180.368826874
# GLAT=-36.7522485244
# DATA in two columns below. Col. 1 is velocity relative to LSR [km/s]. Col. 2 is uncalibrated antenna temperature [K].
# ENDHEADER
2445.90184032 0.0463078089947
2443.84069637 70.072060418
2441.77955242 116.15345545
2439.71840847 117.353040323
2437.65726452 118.845140723
2435.59612057 122.122103146
2433.53497662 127.412038491
2431.47383266 130.904386291
2429.41268871 136.822541631
2427.35154476 142.952984408
2425.29040081 150.185908017
2423.22925686 156.6513392
2421.16811291 164.065511208
2419.10696896 171.115221929
2417.04582501 178.195108584
2414.98468106 184.915835463
2412.92353711 191.838045874
2410.86239316 198.707388915
2408.80124921 206.619572646
2406.74010526 213.731279009
2404.67896131 220.993225045
2402.61781736 228.099266867
2400.55667341 230.615833601
2398.49552945 236.192590406
2396.4343855 242.827751967
2394.37324155 247.195371939
2392.3120976 250.476978759
2390.25095365 253.553158614
2388.1898097 258.05545881
2386.12866575 260.010095003
2384.0675218 262.541065038
2382.00637785 263.135631215
2379.9452339 264.924861356
2377.88408995 270.094481618
2375.822946 270.772904451
2373.76180205 272.908287864
2371.7006581 273.231644686
2369.63951415 274.45479007
2367.5783702 272.008417249
2365.51722625 273.192873994
2363.45608229 277.86882861
2361.39493834 276.935642546
2359.33379439 278.811602788
2357.27265044 280.314369571
2355.21150649 282.27357489
2353.15036254 282.915654754
2351.08921859 279.657340563
2349.02807464 283.190191287
2346.96693069 283.024088567
2344.90578674 283.283029318
2342.84464279 283.659406903
2340.78349884 284.503535327
2338.72235489 287.381496849
2336.66121094 289.661097313
2334.60006699 287.626620014
2332.53892304 288.345885763
2330.47777909 288.906306522
2328.41663513 289.315866696
2326.35549118 290.480669332
2324.29434723 290.009219189
2322.23320328 291.468517784
2320.17205933 293.348754667
2318.11091538 292.705407615
2316.04977143 294.217851332
2313.98862748 295.359628717
2311.92748353 294.420276004
2309.86633958 294.862798858
2307.80519563 297.43966304
2305.74405168 297.951391105
2303.68290773 298.688253065
2301.62176378 295.79367876
2299.56061983 296.405049801
2297.49947588 297.852444114
2295.43833192 297.477468796
2293.37718797 299.048933374
2291.31604402 296.01557671
2289.25490007 299.658424001
2287.19375612 298.596081101
2285.13261217 298.27154769
2283.07146822 301.382378455
2281.01032427 300.128448774
2278.94918032 300.07322186
2276.88803637 301.792135428
2274.82689242 299.851019372
2272.76574847 299.232367295
2270.70460452 297.741388964
2268.64346057 302.566722357
2266.58231662 301.793266567
2264.52117267 302.977862566
2262.46002872 300.312217335
2260.39888476 304.072216071
2258.33774081 301.167230681
2256.27659686 303.517287584
2254.21545291 298.757934359
2252.15430896 299.370137682
2250.09316501 307.110617966
2248.03202106 305.075635739
2245.97087711 306.267272094
2243.90973316 306.341461621
2241.84858921 304.647612404
2239.78744526 302.905932502
2237.72630131 304.419299935
2235.66515736 304.689523783
2233.60401341 305.241434135
2231.54286946 304.918449096
2229.48172551 304.14129767
2227.42058156 306.75869136
2225.3594376 304.614407727
2223.29829365 305.294001051
2221.2371497 305.06475486
2219.17600575 305.693211224
2217.1148618 307.534790013
2215.05371785 305.665653857
2212.9925739 307.667797815
2210.93142995 306.017467597
2208.870286 301.444520763
2206.80914205 309.229326415
2204.7479981 304.259661204
2202.68685415 303.212718278
2200.6257102 304.515400133
2198.56456625 304.079525001
2196.5034223 303.125113332
2194.44227835 305.316193874
2192.38113439 303.021429719
2190.31999044 307.898921289
2188.25884649 304.332603319
2186.19770254 305.552552292
2184.13655859 304.82159502
2182.07541464 307.650391107
2180.01427069 296.417627114
2177.95312674 303.77480463
2175.89198279 305.0483468
2173.83083884 304.186216205
2171.76969489 306.621960038
2169.70855094 302.590992249
2167.64740699 307.891212034
2165.58626304 304.576717697
2163.52511909 305.030965136
2161.46397514 307.865024536
2159.40283119 304.013889548
2157.34168723 304.594212169
2155.28054328 303.736463611
2153.21939933 306.35669689
2151.15825538 303.549976141
2149.09711143 301.294673751
2147.03596748 303.295705987
2144.97482353 303.509294934
2142.91367958 304.945208628
2140.85253563 304.328082702
2138.79139168 303.523758651
2136.73024773 305.925953623
2134.66910378 303.945039231
2132.60795983 301.587159715
2130.54681588 304.673584401
2128.48567193 301.943331089
2126.42452798 302.035559474
2124.36338403 303.682574799
2122.30224007 305.323236644
2120.24109612 300.649866358
2118.17995217 302.426756058
2116.11880822 305.155384591
2114.05766427 303.212956303
2111.99652032 301.596463148
2109.93537637 298.22118855
2107.87423242 299.077365707
2105.81308847 302.092417102
2103.75194452 300.136418389
2101.69080057 296.619298973
2099.62965662 298.116818516
2097.56851267 301.082534066
2095.50736872 298.914266006
2093.44622477 298.037666096
2091.38508082 298.693303656
2089.32393687 299.979993792
2087.26279291 297.465881519
2085.20164896 296.65282721
2083.14050501 295.476547715
2081.07936106 296.097909318
2079.01821711 293.782666315
2076.95707316 294.62159277
2074.89592921 295.271755195
2072.83478526 295.743362658
2070.77364131 292.981529857
2068.71249736 295.782275181
2066.65135341 292.45689829
2064.59020946 291.075743153
2062.52906551 293.402438611
2060.46792156 291.920313335
2058.40677761 291.748466058
2056.34563366 289.866969234
2054.2844897 291.327315169
2052.22334575 290.400912076
2050.1622018 291.218855634
2048.10105785 290.75529203
2046.0399139 289.058784686
2043.97876995 286.653042641
2041.917626 285.941997543
2039.85648205 285.545323722
2037.7953381 287.812819917
2035.73419415 287.193151134
2033.6730502 284.0919005
2031.61190625 282.50479559
2029.5507623 285.581179592
2027.48961835 284.147069197
2025.4284744 284.103548381
2023.36733045 281.833439057
2021.3061865 282.705823942
2019.24504254 281.738655235
2017.18389859 280.800712478
2015.12275464 279.417974194
2013.06161069 278.520220048
2011.00046674 279.554876398
2008.93932279 277.573472287
2006.87817884 275.428402558
2004.81703489 275.528699688
2002.75589094 272.788515268
2000.69474699 273.050108885
1998.63360304 274.922279139
1996.57245909 273.537541552
1994.51131514 273.556877069
1992.45017119 269.381914918
1990.38902724 268.775562749
1988.32788329 266.442660345
1986.26673934 267.761098985
1984.20559538 264.467361613
1982.14445143 262.057009846
1980.08330748 259.799726989
1978.02216353 260.41484777
1975.96101958 256.175415713
1973.89987563 253.279711126
1971.83873168 251.098420979
1969.77758773 249.06312404
1967.71644378 244.011488062
1965.65529983 243.131454294
1963.59415588 235.579833495
1961.53301193 230.108474948
1959.47186798 226.046513208
1957.41072403 220.743526429
1955.34958008 214.114358426
1953.28843613 207.890576803
1951.22729217 199.683692345
1949.16614822 195.170889305
1947.10500427 188.053377203
1945.04386032 180.820360826
1942.98271637 171.1355343
1940.92157242 164.780090564
1938.86042847 159.199237521
1936.79928452 151.192169173
1934.73814057 144.330127416
1932.67699662 139.749629013
1930.61585267 134.340523031
1928.55470872 129.002703859
1926.49356477 124.721022336
1924.43242082 120.898992211
1922.37127687 118.340280218
1920.31013292 116.492398823
