# BEGINHEADER
# This file contains data from the SALSA 2m radio telescope.
# DATE=2020-05-13T08:55:15.0
# GLON and GLAT given in degrees
# GLON=168.993223991
# GLAT=-33.2400646685
# DATA in two columns below. Col. 1 is velocity relative to LSR [km/s]. Col. 2 is uncalibrated antenna temperature [K].
# ENDHEADER
2449.50859902 0.0735843382748
2447.44745507 111.056438693
2445.38631112 182.593514942
2443.32516717 184.448951737
2441.26402322 188.918768457
2439.20287927 191.92987619
2437.14173532 199.927243347
2435.08059137 207.691305274
2433.01944742 216.819235932
2430.95830346 224.078872899
2428.89715951 232.847722777
2426.83601556 248.691783053
2424.77487161 257.568606311
2422.71372766 267.923473103
2420.65258371 279.576464894
2418.59143976 292.510304613
2416.53029581 302.192813982
2414.46915186 313.631071958
2412.40800791 326.12058877
2410.34686396 336.05601015
2408.28572001 344.604333111
2406.22457606 354.684339903
2404.16343211 364.484618177
2402.10228816 376.501907237
2400.04114421 380.848227928
2397.98000026 386.920526469
2395.9188563 394.493462504
2393.85771235 401.48075177
2391.7965684 402.682124852
2389.73542445 408.032203328
2387.6742805 413.594605453
2385.61313655 417.369726643
2383.5519926 420.106471956
2381.49084865 426.662285396
2379.4297047 428.115129786
2377.36856075 432.403569057
2375.3074168 431.420411146
2373.24627285 432.691663754
2371.1851289 434.26862418
2369.12398495 437.51520702
2367.062841 439.688034979
2365.00169705 438.094379024
2362.9405531 439.402557227
2360.87940914 435.790989129
2358.81826519 442.974132995
2356.75712124 441.990800185
2354.69597729 446.270598341
2352.63483334 447.920574491
2350.57368939 446.445384036
2348.51254544 452.897298287
2346.45140149 448.350561298
2344.39025754 453.938299285
2342.32911359 449.345813313
2340.26796964 458.790650106
2338.20682569 453.898193181
2336.14568174 457.241950623
2334.08453779 455.602954412
2332.02339384 455.878669541
2329.96224989 458.808598292
2327.90110593 461.024747636
2325.83996198 464.390739353
2323.77881803 464.393791149
2321.71767408 461.017094711
2319.65653013 462.093179731
2317.59538618 463.843267059
2315.53424223 464.403125573
2313.47309828 469.598244727
2311.41195433 466.619499303
2309.35081038 464.485012058
2307.28966643 468.425330284
2305.22852248 471.180775269
2303.16737853 470.061646277
2301.10623458 473.70345569
2299.04509063 469.20316764
2296.98394668 473.672490413
2294.92280273 473.33829068
2292.86165877 471.847730221
2290.80051482 471.870922707
2288.73937087 472.65707283
2286.67822692 476.428701814
2284.61708297 474.752734638
2282.55593902 477.559760133
2280.49479507 476.299988735
2278.43365112 473.925854847
2276.37250717 473.880980167
2274.31136322 475.720719552
2272.25021927 477.723101937
2270.18907532 475.861854072
2268.12793137 476.548068081
2266.06678742 479.516085926
2264.00564347 477.693287335
2261.94449952 480.13879547
2259.88335557 480.877300602
2257.82221161 479.701110809
2255.76106766 479.888473191
2253.69992371 477.632240157
2251.63877976 480.922179298
2249.57763581 481.252346736
2247.51649186 485.878997697
2245.45534791 481.968546011
2243.39420396 480.540543263
2241.33306001 484.929698208
2239.27191606 482.454094684
2237.21077211 483.516454249
2235.14962816 481.453303543
2233.08848421 482.225865234
2231.02734026 484.073775525
2228.96619631 483.716686028
2226.90505236 480.911437304
2224.8439084 487.415112174
2222.78276445 487.052946246
2220.7216205 487.176612485
2218.66047655 481.467236765
2216.5993326 477.423044822
2214.53818865 485.470824656
2212.4770447 482.339682951
2210.41590075 482.327811251
2208.3547568 480.954119222
2206.29361285 486.962824634
2204.2324689 484.270051028
2202.17132495 489.123285477
2200.110181 484.4933354
2198.04903705 488.34672207
2195.9878931 485.78995124
2193.92674915 488.586443192
2191.8656052 483.24570918
2189.80446124 486.557619611
2187.74331729 485.4763481
2185.68217334 484.655439549
2183.62102939 464.922227922
2181.55988544 489.369141173
2179.49874149 483.376957057
2177.43759754 486.790402539
2175.37645359 486.38589138
2173.31530964 483.016710166
2171.25416569 480.514540316
2169.19302174 481.81952116
2167.13187779 485.202405402
2165.07073384 485.568730174
2163.00958989 485.116080469
2160.94844594 481.056188716
2158.88730199 480.056741828
2156.82615804 479.265753999
2154.76501408 483.394391561
2152.70387013 486.204017805
2150.64272618 484.901599443
2148.58158223 488.599942832
2146.52043828 482.629634646
2144.45929433 479.845164626
2142.39815038 479.292434952
2140.33700643 477.223022961
2138.27586248 481.810100674
2136.21471853 484.786613628
2134.15357458 480.893033562
2132.09243063 479.220223927
2130.03128668 480.135278845
2127.97014273 479.815394603
2125.90899878 478.15629882
2123.84785483 480.625113875
2121.78671087 481.736274189
2119.72556692 474.124218108
2117.66442297 478.896849944
2115.60327902 481.250838828
2113.54213507 475.140692365
2111.48099112 475.56861806
2109.41984717 476.403457942
2107.35870322 475.287950938
2105.29755927 477.328901276
2103.23641532 477.029401977
2101.17527137 474.359426271
2099.11412742 471.660403133
2097.05298347 475.437171183
2094.99183952 472.892729948
2092.93069557 473.92082192
2090.86955162 470.689386894
2088.80840767 471.816433475
2086.74726371 473.681117343
2084.68611976 470.672841012
2082.62497581 470.081068791
2080.56383186 468.298663988
2078.50268791 469.005753147
2076.44154396 466.420342359
2074.38040001 462.615520494
2072.31925606 467.634246206
2070.25811211 466.62152374
2068.19696816 470.36952843
2066.13582421 465.375390408
2064.07468026 463.458072129
2062.01353631 463.343032134
2059.95239236 462.99250658
2057.89124841 458.538424765
2055.83010446 456.86531259
2053.76896051 459.197245413
2051.70781655 461.267414841
2049.6466726 455.257536525
2047.58552865 459.257060325
2045.5243847 453.595233857
2043.46324075 456.769538092
2041.4020968 453.779287645
2039.34095285 456.171375139
2037.2798089 450.206354403
2035.21866495 452.190848542
2033.157521 449.008039033
2031.09637705 447.285722819
2029.0352331 450.366264246
2026.97408915 447.935540173
2024.9129452 442.434503945
2022.85180125 445.85792504
2020.7906573 441.264712487
2018.72951335 445.778428434
2016.66836939 446.069767243
2014.60722544 443.277551833
2012.54608149 440.288824373
2010.48493754 436.63718981
2008.42379359 436.540226701
2006.36264964 432.320233333
2004.30150569 435.045055233
2002.24036174 431.538791391
2000.17921779 428.794390195
1998.11807384 426.263620868
1996.05692989 427.32784056
1993.99578594 425.328176203
1991.93464199 425.902040584
1989.87349804 423.432204308
1987.81235409 416.601200213
1985.75121014 415.392386363
1983.69006618 411.416146645
1981.62892223 411.831329877
1979.56777828 403.145526257
1977.50663433 401.847858535
1975.44549038 399.103810334
1973.38434643 389.216789581
1971.32320248 391.346808844
1969.26205853 380.30940366
1967.20091458 373.410286124
1965.13977063 365.348823142
1963.07862668 358.126896494
1961.01748273 349.143435773
1958.95633878 338.042178765
1956.89519483 328.604653832
1954.83405088 321.094121586
1952.77290693 310.990089195
1950.71176298 294.21295831
1948.65061902 285.357005739
1946.58947507 276.596649251
1944.52833112 260.653091118
1942.46718717 249.038900255
1940.40604322 241.405200473
1938.34489927 230.817800835
1936.28375532 219.552350059
1934.22261137 211.284844926
1932.16146742 204.747920283
1930.10032347 198.455385939
1928.03917952 190.145961675
1925.97803557 185.482192739
1923.91689162 182.676168266
