# BEGINHEADER
# This file contains data from the SALSA 2m radio telescope.
# DATE=2020-05-13T09:02:36.0
# GLON and GLAT given in degrees
# GLON=168.583679311
# GLAT=-25.3057130559
# DATA in two columns below. Col. 1 is velocity relative to LSR [km/s]. Col. 2 is uncalibrated antenna temperature [K].
# ENDHEADER
2446.77266667 0.0473515307611
2444.71152272 71.9656110287
2442.65037877 118.705645477
2440.58923482 119.973747267
2438.52809087 122.79145862
2436.46694692 126.988897019
2434.40580297 131.747487823
2432.34465902 136.181967311
2430.28351507 142.289269889
2428.22237112 147.523218673
2426.16122717 154.239217499
2424.10008322 160.151113406
2422.03893927 168.955268638
2419.97779532 175.086752316
2417.91665137 183.406564538
2415.85550742 191.491921791
2413.79436347 199.055033271
2411.73321951 206.843522931
2409.67207556 213.058337169
2407.61093161 220.630640725
2405.54978766 226.849542325
2403.48864371 233.807800927
2401.42749976 241.337809644
2399.36635581 244.386247365
2397.30521186 251.058533456
2395.24406791 256.789835578
2393.18292396 260.334898015
2391.12178001 264.217393078
2389.06063606 265.905213544
2386.99949211 269.421493833
2384.93834816 270.19919032
2382.87720421 272.985429034
2380.81606026 274.742355883
2378.75491631 280.875090715
2376.69377235 278.134627785
2374.6326284 281.135136278
2372.57148445 281.9229125
2370.5103405 285.448663715
2368.44919655 283.467064425
2366.3880526 284.421121996
2364.32690865 284.765474388
2362.2657647 285.817570082
2360.20462075 289.121803156
2358.1434768 289.48535845
2356.08233285 290.263439403
2354.0211889 291.23543234
2351.96004495 291.643157983
2349.898901 292.78011885
2347.83775705 289.596633987
2345.7766131 294.422675153
2343.71546914 293.045712431
2341.65432519 293.309366722
2339.59318124 297.661024456
2337.53203729 294.808815984
2335.47089334 295.655267622
2333.40974939 296.467701954
2331.34860544 297.308996051
2329.28746149 298.195695295
2327.22631754 297.816553565
2325.16517359 298.940390912
2323.10402964 299.320645918
2321.04288569 301.082865141
2318.98174174 299.522277285
2316.92059779 301.701859039
2314.85945384 302.577130885
2312.79830989 302.082847031
2310.73716594 303.089713736
2308.67602198 303.407213113
2306.61487803 303.581802225
2304.55373408 305.084862988
2302.49259013 310.733596492
2300.43144618 308.360925458
2298.37030223 309.772216384
2296.30915828 308.734323339
2294.24801433 307.287885875
2292.18687038 305.999405208
2290.12572643 311.58646576
2288.06458248 309.187922403
2286.00343853 310.208441206
2283.94229458 309.808865652
2281.88115063 308.970286669
2279.82000668 308.060099773
2277.75886273 310.907881757
2275.69771878 311.928230229
2273.63657482 309.738315605
2271.57543087 313.280767859
2269.51428692 311.244724582
2267.45314297 309.076508279
2265.39199902 312.573198165
2263.33085507 313.986045078
2261.26971112 312.446390209
2259.20856717 314.515333863
2257.14742322 317.931274369
2255.08627927 311.526782478
2253.02513532 315.817399514
2250.96399137 315.903659639
2248.90284742 311.88373778
2246.84170347 312.498702489
2244.78055952 314.125638439
2242.71941557 313.904762857
2240.65827162 315.432080292
2238.59712766 316.544186045
2236.53598371 319.8872782
2234.47483976 317.219223284
2232.41369581 317.72880077
2230.35255186 312.327805883
2228.29140791 313.74123016
2226.23026396 315.76858047
2224.16912001 319.700299337
2222.10797606 316.470423365
2220.04683211 316.005355416
2217.98568816 313.663031099
2215.92454421 313.96005134
2213.86340026 316.492120723
2211.80225631 314.041231986
2209.74111236 315.13223948
2207.67996841 314.904296082
2205.61882445 316.228608768
2203.5576805 314.51425408
2201.49653655 314.909603738
2199.4353926 316.016812721
2197.37424865 319.828464203
2195.3131047 317.133973334
2193.25196075 315.606164768
2191.1908168 315.442526817
2189.12967285 315.174829273
2187.0685289 317.38883523
2185.00738495 320.34197722
2182.946241 316.124526381
2180.88509705 303.143914283
2178.8239531 313.923022064
2176.76280915 316.574048483
2174.7016652 316.080985207
2172.64052125 315.666358479
2170.57937729 315.878199743
2168.51823334 317.844828445
2166.45708939 316.750126465
2164.39594544 317.206741052
2162.33480149 316.444375477
2160.27365754 312.524429138
2158.21251359 315.103628747
2156.15136964 313.938743111
2154.09022569 315.309685899
2152.02908174 316.162646554
2149.96793779 313.376477442
2147.90679384 318.850987172
2145.84564989 316.984127884
2143.78450594 315.306773669
2141.72336199 314.21817028
2139.66221804 312.678785596
2137.60107409 313.55119681
2135.53993013 312.283312625
2133.47878618 312.689632005
2131.41764223 309.985645364
2129.35649828 315.09828611
2127.29535433 313.207540142
2125.23421038 312.395473181
2123.17306643 311.597721119
2121.11192248 314.646846303
2119.05077853 314.701151564
2116.98963458 313.51572374
2114.92849063 311.932121009
2112.86734668 312.33237167
2110.80620273 311.89840305
2108.74505878 311.181456525
2106.68391483 309.807861055
2104.62277088 310.050042561
2102.56162692 310.088548082
2100.50048297 309.923235564
2098.43933902 310.058255616
2096.37819507 308.359986006
2094.31705112 307.615043567
2092.25590717 308.944159749
2090.19476322 311.281362284
2088.13361927 309.273598036
2086.07247532 308.417380269
2084.01133137 306.969402854
2081.95018742 306.588980693
2079.88904347 305.878717815
2077.82789952 306.615850843
2075.76675557 306.403506716
2073.70561162 306.562709816
2071.64446767 304.170887454
2069.58332372 302.741095355
2067.52217976 303.16895933
2065.46103581 303.980501265
2063.39989186 302.243931363
2061.33874791 300.575893882
2059.27760396 302.473624153
2057.21646001 303.275954337
2055.15531606 299.158543375
2053.09417211 298.823084199
2051.03302816 301.885024609
2048.97188421 299.314862958
2046.91074026 300.225862014
2044.84959631 297.76025799
2042.78845236 299.062500162
2040.72730841 298.256193128
2038.66616446 299.694813526
2036.60502051 298.672159629
2034.54387656 293.948520074
2032.4827326 293.46419051
2030.42158865 294.135295289
2028.3604447 294.992913566
2026.29930075 291.341929151
2024.2381568 292.775263449
2022.17701285 293.441949194
2020.1158689 291.747720065
2018.05472495 291.826332961
2015.993581 290.311874234
2013.93243705 287.807954156
2011.8712931 289.979812733
2009.81014915 288.947832356
2007.7490052 286.930070571
2005.68786125 285.572577355
2003.6267173 283.398100422
2001.56557335 284.309238781
1999.50442939 283.011824762
1997.44328544 280.526530973
1995.38214149 281.328016271
1993.32099754 280.256284827
1991.25985359 280.667811015
1989.19870964 279.797032566
1987.13756569 277.014377044
1985.07642174 275.521699225
1983.01527779 274.309998831
1980.95413384 271.563107636
1978.89298989 268.861042116
1976.83184594 269.951982731
1974.77070199 265.075932347
1972.70955804 261.114513917
1970.64841409 256.859903224
1968.58727014 254.649893581
1966.52612619 249.403640499
1964.46498223 243.561542271
1962.40383828 238.300440059
1960.34269433 232.152514626
1958.28155038 228.611236789
1956.22040643 224.521054211
1954.15926248 217.072729581
1952.09811853 208.639368729
1950.03697458 200.957649569
1947.97583063 195.942319007
1945.91468668 187.521584796
1943.85354273 179.995161569
1941.79239878 172.265601313
1939.73125483 165.26706649
1937.67011088 157.878107814
1935.60896693 151.175796632
1933.54782298 145.288712116
1931.48667903 138.97058476
1929.42553507 133.63859005
1927.36439112 128.284340049
1925.30324717 124.567138072
1923.24210322 122.64805891
1921.18095927 120.254424026
