# BEGINHEADER
# This file contains data from the SALSA 2m radio telescope.
# DATE=2020-05-13T08:50:07.0
# GLON and GLAT given in degrees
# GLON=183.752825275
# GLAT=-37.464642548
# DATA in two columns below. Col. 1 is velocity relative to LSR [km/s]. Col. 2 is uncalibrated antenna temperature [K].
# ENDHEADER
2444.91885489 0.0461759909725
2442.85771094 69.9086583945
2440.79656699 114.923179254
2438.73542304 115.944860306
2436.67427909 118.060797363
2434.61313514 121.109991828
2432.55199119 126.357557812
2430.49084724 130.328724787
2428.42970329 136.257199055
2426.36855934 142.241190295
2424.30741538 146.524721373
2422.24627143 154.764930949
2420.18512748 160.799206059
2418.12398353 168.354578308
2416.06283958 177.006369414
2414.00169563 182.527213942
2411.94055168 192.180885439
2409.87940773 200.001993458
2407.81826378 206.004522205
2405.75711983 212.370053531
2403.69597588 220.163893344
2401.63483193 225.040775605
2399.57368798 231.120350331
2397.51254403 233.2769128
2395.45140008 241.500566805
2393.39025613 244.688739819
2391.32911218 246.7531818
2389.26796822 250.123056945
2387.20682427 252.568030401
2385.14568032 259.620166976
2383.08453637 260.427193443
2381.02339242 261.07046809
2378.96224847 264.89142874
2376.90110452 267.784501451
2374.83996057 269.728228557
2372.77881662 269.086794162
2370.71767267 269.315955213
2368.65652872 272.265508177
2366.59538477 271.998897244
2364.53424082 275.207149136
2362.47309687 273.008531851
2360.41195292 277.625328179
2358.35080897 278.555603934
2356.28966501 279.912926248
2354.22852106 278.643351754
2352.16737711 279.259283406
2350.10623316 279.249713697
2348.04508921 279.651152379
2345.98394526 282.659957238
2343.92280131 284.40521659
2341.86165736 281.205738061
2339.80051341 283.171801362
2337.73936946 283.166912127
2335.67822551 285.219909844
2333.61708156 284.022323282
2331.55593761 285.91384801
2329.49479366 287.419730998
2327.43364971 287.507198896
2325.37250576 285.221156368
2323.31136181 288.238978076
2321.25021785 290.508555517
2319.1890739 289.599510507
2317.12792995 290.345904895
2315.066786 291.290526746
2313.00564205 289.448634893
2310.9444981 291.81809625
2308.88335415 290.088129401
2306.8222102 288.291795154
2304.76106625 291.393119436
2302.6999223 291.206762629
2300.63877835 294.792856127
2298.5776344 292.827761891
2296.51649045 293.884741968
2294.4553465 293.546316724
2292.39420255 295.689031465
2290.3330586 293.705178604
2288.27191465 295.399301558
2286.21077069 297.406703143
2284.14962674 297.882767165
2282.08848279 293.951602701
2280.02733884 298.559657351
2277.96619489 294.753926881
2275.90505094 296.805569519
2273.84390699 297.84405689
2271.78276304 297.374176256
2269.72161909 303.173564114
2267.66047514 297.827296657
2265.59933119 296.841619638
2263.53818724 296.226985502
2261.47704329 299.018993628
2259.41589934 297.515670191
2257.35475539 297.207659795
2255.29361144 298.729618313
2253.23246748 298.574501079
2251.17132353 298.386934601
2249.11017958 297.41371961
2247.04903563 300.290803456
2244.98789168 303.554337558
2242.92674773 299.673861181
2240.86560378 301.309380484
2238.80445983 302.294307734
2236.74331588 302.19411276
2234.68217193 301.944702521
2232.62102798 302.898442865
2230.55988403 299.702592709
2228.49874008 302.075176484
2226.43759613 298.981420604
2224.37645218 301.126693048
2222.31530823 302.590433786
2220.25416428 302.395993624
2218.19302032 301.465265896
2216.13187637 303.159484385
2214.07073242 304.032076241
2212.00958847 299.821807688
2209.94844452 298.709105143
2207.88730057 303.497513556
2205.82615662 303.01376866
2203.76501267 306.916296684
2201.70386872 302.436680958
2199.64272477 303.966569621
2197.58158082 300.942679935
2195.52043687 301.77985806
2193.45929292 301.433308421
2191.39814897 302.230267096
2189.33700502 301.63477852
2187.27586107 299.255614853
2185.21471712 299.971309697
2183.15357316 303.781926404
2181.09242921 303.05858143
2179.03128526 291.268228777
2176.97014131 303.821685222
2174.90899736 304.662695949
2172.84785341 301.240838229
2170.78670946 304.811178585
2168.72556551 301.231513752
2166.66442156 302.556804563
2164.60327761 301.628143041
2162.54213366 303.752394735
2160.48098971 303.258351101
2158.41984576 303.949864663
2156.35870181 305.308334735
2154.29755786 303.791438756
2152.23641391 301.00217229
2150.17526995 300.189012224
2148.114126 300.005871959
2146.05298205 304.093147117
2143.9918381 300.105169046
2141.93069415 300.143192489
2139.8695502 302.548494903
2137.80840625 299.569029054
2135.7472623 300.11185167
2133.68611835 299.094138527
2131.6249744 300.553278519
2129.56383045 299.579971238
2127.5026865 299.617717015
2125.44154255 300.652731344
2123.3803986 299.397716672
2121.31925465 296.896455781
2119.2581107 295.908280203
2117.19696675 300.681136393
2115.13582279 299.60180607
2113.07467884 299.449681634
2111.01353489 300.257155737
2108.95239094 296.667706523
2106.89124699 298.633768744
2104.83010304 299.111017616
2102.76895909 298.216219029
2100.70781514 294.786607405
2098.64667119 295.650185499
2096.58552724 298.530132435
2094.52438329 297.678321214
2092.46323934 297.025460104
2090.40209539 295.372767495
2088.34095144 294.71688371
2086.27980749 296.559743567
2084.21866354 296.537540214
2082.15751959 293.554968243
2080.09637563 292.758419868
2078.03523168 297.474213722
2075.97408773 293.877016654
2073.91294378 292.093585659
2071.85179983 290.975351703
2069.79065588 290.628198977
2067.72951193 294.448140978
2065.66836798 294.909341992
2063.60722403 289.442467939
2061.54608008 289.431269338
2059.48493613 288.087802295
2057.42379218 288.864457295
2055.36264823 285.943162225
2053.30150428 286.930919242
2051.24036033 287.771212421
2049.17921638 286.894329649
2047.11807243 284.614966654
2045.05692847 287.101056562
2042.99578452 283.783153027
2040.93464057 282.744818513
2038.87349662 282.815069442
2036.81235267 283.242159648
2034.75120872 283.721719159
2032.69006477 279.806040775
2030.62892082 282.362217656
2028.56777687 283.125401067
2026.50663292 282.638733801
2024.44548897 280.06650768
2022.38434502 281.400540418
2020.32320107 276.745559792
2018.26205712 279.617708815
2016.20091317 279.188810674
2014.13976922 277.662488574
2012.07862526 275.896417858
2010.01748131 273.816444077
2007.95633736 274.711348108
2005.89519341 272.25186879
2003.83404946 271.65815519
2001.77290551 274.498948273
1999.71176156 272.656783221
1997.65061761 272.987027448
1995.58947366 270.373747671
1993.52832971 267.473289263
1991.46718576 269.066447848
1989.40604181 267.374666744
1987.34489786 264.298892708
1985.28375391 264.766487173
1983.22260996 265.223007552
1981.16146601 260.597573236
1979.10032206 255.869095003
1977.0391781 256.591705873
1974.97803415 253.020494021
1972.9168902 250.961314672
1970.85574625 248.557507533
1968.7946023 244.181645139
1966.73345835 242.819966824
1964.6723144 235.92724632
1962.61117045 234.303033676
1960.5500265 229.176132699
1958.48888255 224.078537995
1956.4277386 218.99339928
1954.36659465 213.031894821
1952.3054507 207.048785806
1950.24430675 200.09313692
1948.1831628 193.16301422
1946.12201885 187.048795635
1944.0608749 179.350672536
1941.99973094 171.830923184
1939.93858699 166.343001815
1937.87744304 159.070938001
1935.81629909 150.999815975
1933.75515514 143.521807557
1931.69401119 138.406693968
1929.63286724 133.958639422
1927.57172329 128.946302864
1925.51057934 124.311645404
1923.44943539 119.881941005
1921.38829144 116.077926211
1919.32714749 114.273165898
