# BEGINHEADER
# This file contains data from the SALSA 2m radio telescope.
# DATE=2020-05-13T09:01:04.0
# GLON and GLAT given in degrees
# GLON=169.586210089
# GLAT=-21.5502423741
# DATA in two columns below. Col. 1 is velocity relative to LSR [km/s]. Col. 2 is uncalibrated antenna temperature [K].
# ENDHEADER
2444.91961642 0.0467426390089
2442.85847246 70.9830704691
2440.79732851 114.779459885
2438.73618456 116.600890069
2436.67504061 118.91584701
2434.61389666 123.261637245
2432.55275271 127.129442217
2430.49160876 130.42977111
2428.43046481 137.964816866
2426.36932086 144.241497129
2424.30817691 149.399735269
2422.24703296 155.185276241
2420.18588901 163.829390258
2418.12474506 169.901539755
2416.06360111 179.935622471
2414.00245716 185.412548009
2411.94131321 191.630805404
2409.88016926 199.996571806
2407.8190253 209.550561557
2405.75788135 212.603264784
2403.6967374 219.705035433
2401.63559345 225.961330451
2399.5744495 232.168019369
2397.51330555 235.542155304
2395.4521616 243.904624147
2393.39101765 248.788650133
2391.3298737 250.315970932
2389.26872975 252.927125038
2387.2075858 255.202923495
2385.14644185 259.397410845
2383.0852979 263.050738669
2381.02415395 265.001135586
2378.96301 269.289756088
2376.90186605 269.559696392
2374.84072209 269.268624235
2372.77957814 272.082767999
2370.71843419 274.973070376
2368.65729024 273.999524616
2366.59614629 275.345683651
2364.53500234 277.855380041
2362.47385839 278.131546281
2360.41271444 280.83545825
2358.35157049 281.607301957
2356.29042654 281.083213495
2354.22928259 280.508106507
2352.16813864 280.857672357
2350.10699469 286.68707321
2348.04585074 283.246903322
2345.98470679 282.9280455
2343.92356284 285.949855981
2341.86241889 287.199255043
2339.80127493 288.126530063
2337.74013098 284.199771428
2335.67898703 289.815719679
2333.61784308 288.293454973
2331.55669913 291.588947961
2329.49555518 286.728871086
2327.43441123 290.839355054
2325.37326728 289.162994467
2323.31212333 289.981093529
2321.25097938 292.024483756
2319.18983543 293.246288067
2317.12869148 292.390849698
2315.06754753 292.914302911
2313.00640358 292.55016307
2310.94525963 294.729805516
2308.88411568 295.556300919
2306.82297173 296.023680147
2304.76182777 296.236653875
2302.70068382 295.956657691
2300.63953987 297.842291765
2298.57839592 297.310792289
2296.51725197 294.746941246
2294.45610802 299.581002075
2292.39496407 299.719575647
2290.33382012 299.388618766
2288.27267617 300.312475311
2286.21153222 298.358963572
2284.15038827 300.669170341
2282.08924432 300.136451292
2280.02810037 299.37345764
2277.96695642 297.186449361
2275.90581247 302.933161495
2273.84466852 303.029999953
2271.78352456 303.519019876
2269.72238061 303.942745191
2267.66123666 301.746045619
2265.60009271 301.707745538
2263.53894876 303.292182709
2261.47780481 305.845056942
2259.41666086 304.050104967
2257.35551691 302.466830508
2255.29437296 303.242563911
2253.23322901 302.789841614
2251.17208506 306.02172245
2249.11094111 304.562094098
2247.04979716 305.062823745
2244.98865321 302.562101962
2242.92750926 303.478322595
2240.86636531 306.162412433
2238.80522136 303.239058315
2236.7440774 305.883628479
2234.68293345 304.752367864
2232.6217895 304.468146815
2230.56064555 304.244471176
2228.4995016 307.017520362
2226.43835765 308.163492955
2224.3772137 306.147937384
2222.31606975 306.567487681
2220.2549258 306.210788289
2218.19378185 305.611503025
2216.1326379 303.441173943
2214.07149395 305.249524655
2212.01035 306.239733439
2209.94920605 305.922885646
2207.8880621 306.091460302
2205.82691815 307.416327009
2203.7657742 304.41380124
2201.70463024 311.289494633
2199.64348629 307.927181722
2197.58234234 305.146428928
2195.52119839 307.394992831
2193.46005444 308.739548226
2191.39891049 308.317018057
2189.33776654 307.759538619
2187.27662259 308.202136768
2185.21547864 308.03463407
2183.15433469 312.988263154
2181.09319074 307.900253004
2179.03204679 301.197093009
2176.97090284 306.970095708
2174.90975889 304.80132706
2172.84861494 307.397070428
2170.78747099 307.644154961
2168.72632703 304.408765498
2166.66518308 306.78064519
2164.60403913 307.809097378
2162.54289518 309.495343775
2160.48175123 309.030691921
2158.42060728 306.523857204
2156.35946333 305.606785964
2154.29831938 305.154255024
2152.23717543 307.06793376
2150.17603148 308.546435482
2148.11488753 307.799701278
2146.05374358 303.806803955
2143.99259963 305.557737041
2141.93145568 304.399591042
2139.87031173 305.080243288
2137.80916778 305.425655294
2135.74802383 304.485804543
2133.68687987 303.479220018
2131.62573592 306.789893513
2129.56459197 306.918634849
2127.50344802 301.165170462
2125.44230407 302.954682144
2123.38116012 302.208069172
2121.32001617 302.856189312
2119.25887222 302.903434352
2117.19772827 301.414529488
2115.13658432 302.085388546
2113.07544037 301.884547525
2111.01429642 302.677715925
2108.95315247 303.705635983
2106.89200852 302.573697671
2104.83086457 303.15400479
2102.76972062 300.126495791
2100.70857667 300.85984879
2098.64743271 296.600166909
2096.58628876 299.303560484
2094.52514481 302.727506017
2092.46400086 299.619295556
2090.40285691 298.985363925
2088.34171296 297.983031737
2086.28056901 298.353761264
2084.21942506 299.535327386
2082.15828111 296.392480582
2080.09713716 296.853137246
2078.03599321 298.436678957
2075.97484926 298.352026685
2073.91370531 296.902745243
2071.85256136 293.24499542
2069.79141741 296.749853645
2067.73027346 296.185293958
2065.66912951 295.257340637
2063.60798555 295.132620421
2061.5468416 295.308497557
2059.48569765 295.558927335
2057.4245537 293.160724836
2055.36340975 291.10952458
2053.3022658 290.984658389
2051.24112185 292.656181919
2049.1799779 290.185585803
2047.11883395 288.963559366
2045.05769 290.715103357
2042.99654605 290.178971865
2040.9354021 288.394823455
2038.87425815 286.434381255
2036.8131142 288.527613906
2034.75197025 286.388540773
2032.6908263 286.52831898
2030.62968234 287.680150707
2028.56853839 286.563471693
2026.50739444 283.917104552
2024.44625049 283.895715844
2022.38510654 285.868603255
2020.32396259 282.049419756
2018.26281864 283.062656922
2016.20167469 280.59079968
2014.14053074 280.946502625
2012.07938679 277.982483966
2010.01824284 277.61882266
2007.95709889 277.039748113
2005.89595494 277.566939535
2003.83481099 275.964487561
2001.77366704 276.793054373
1999.71252309 274.645219397
1997.65137914 275.361346541
1995.59023518 273.611424879
1993.52909123 273.14293959
1991.46794728 268.084371239
1989.40680333 271.567505983
1987.34565938 266.411820296
1985.28451543 266.80907321
1983.22337148 264.86073507
1981.16222753 264.811728611
1979.10108358 262.238680339
1977.03993963 260.153427787
1974.97879568 261.06411543
1972.91765173 252.988722978
1970.85650778 251.73084009
1968.79536383 250.082886265
1966.73421988 247.003594457
1964.67307593 239.681191903
1962.61193198 235.736807204
1960.55078802 232.087656371
1958.48964407 225.129373439
1956.42850012 220.155717046
1954.36735617 214.515924038
1952.30621222 208.339477906
1950.24506827 202.670436875
1948.18392432 194.843034884
1946.12278037 189.6047377
1944.06163642 181.596033956
1942.00049247 173.256465305
1939.93934852 167.306042265
1937.87820457 158.733336123
1935.81706062 152.211645124
1933.75591667 148.011245042
1931.69477272 139.560197504
1929.63362877 135.147783822
1927.57248481 129.560816402
1925.51134086 124.965142845
1923.45019691 120.146968785
1921.38905296 117.787616896
1919.32790901 115.852713657
