# BEGINHEADER
# This file contains data from the SALSA 2m radio telescope.
# DATE=2020-05-13T09:04:37.0
# GLON and GLAT given in degrees
# GLON=166.978473173
# GLAT=-29.2432838316
# DATA in two columns below. Col. 1 is velocity relative to LSR [km/s]. Col. 2 is uncalibrated antenna temperature [K].
# ENDHEADER
2449.03636179 0.0650458811328
2446.97521784 98.0020716655
2444.91407389 160.59826223
2442.85292994 162.928953692
2440.79178599 166.325262686
2438.73064204 170.905454232
2436.66949809 176.90372695
2434.60835414 182.943888453
2432.54721019 193.070203743
2430.48606624 200.357406396
2428.42492229 208.933617098
2426.36377834 216.579504657
2424.30263439 228.697353086
2422.24149044 241.11567404
2420.18034649 250.953147701
2418.11920254 257.407517836
2416.05805858 269.947237332
2413.99691463 281.898322886
2411.93577068 290.471303014
2409.87462673 299.847194287
2407.81348278 310.990216894
2405.75233883 317.924227189
2403.69119488 322.626159937
2401.63005093 331.484717177
2399.56890698 335.823796358
2397.50776303 345.387776427
2395.44661908 354.748529506
2393.38547513 354.711925706
2391.32433118 359.117142467
2389.26318723 358.956458239
2387.20204328 366.093322278
2385.14089933 369.888567133
2383.07975537 373.621383043
2381.01861142 376.696360846
2378.95746747 380.492456593
2376.89632352 381.042920041
2374.83517957 380.680556061
2372.77403562 385.765428396
2370.71289167 382.83780453
2368.65174772 387.413850394
2366.59060377 389.437004357
2364.52945982 390.307350457
2362.46831587 388.964814649
2360.40717192 394.129270553
2358.34602797 395.034605041
2356.28488402 395.208701595
2354.22374007 395.664837866
2352.16259612 398.28695639
2350.10145217 395.554730444
2348.04030821 400.103984996
2345.97916426 400.774523885
2343.91802031 402.139937347
2341.85687636 404.272534344
2339.79573241 400.261348332
2337.73458846 402.142412406
2335.67344451 406.425004055
2333.61230056 410.701846563
2331.55115661 404.960784201
2329.49001266 406.703831566
2327.42886871 409.533050293
2325.36772476 402.425907463
2323.30658081 411.473585333
2321.24543686 410.333758203
2319.18429291 409.537540825
2317.12314896 406.622979794
2315.06200501 407.392906126
2313.00086105 412.730503187
2310.9397171 414.575599969
2308.87857315 419.446513367
2306.8174292 416.440564989
2304.75628525 415.561534203
2302.6951413 413.522524183
2300.63399735 415.706037342
2298.5728534 419.068196005
2296.51170945 419.733212356
2294.4505655 418.020057216
2292.38942155 418.114230055
2290.3282776 419.145155959
2288.26713365 422.648631938
2286.2059897 423.942937642
2284.14484575 419.026878234
2282.0837018 420.480320583
2280.02255784 419.470827264
2277.96141389 422.253601966
2275.90026994 423.95462764
2273.83912599 421.680441386
2271.77798204 423.973968693
2269.71683809 427.431366705
2267.65569414 422.577082754
2265.59455019 420.890164488
2263.53340624 421.894593755
2261.47226229 425.951456349
2259.41111834 419.846291743
2257.34997439 426.534032741
2255.28883044 430.334810704
2253.22768649 429.183807462
2251.16654254 429.887548575
2249.10539859 427.358381703
2247.04425464 428.849483139
2244.98311068 431.702752491
2242.92196673 428.809368672
2240.86082278 427.926813591
2238.79967883 425.662269046
2236.73853488 425.337082054
2234.67739093 428.637788662
2232.61624698 426.945975825
2230.55510303 429.05214207
2228.49395908 428.422234028
2226.43281513 429.886649576
2224.37167118 426.899260673
2222.31052723 425.550183357
2220.24938328 427.251999893
2218.18823933 430.119406654
2216.12709538 430.333195234
2214.06595143 427.459780971
2212.00480748 427.547272567
2209.94366352 424.27797917
2207.88251957 426.341279387
2205.82137562 430.628942177
2203.76023167 424.169920294
2201.69908772 426.787467243
2199.63794377 428.449909285
2197.57679982 428.431193792
2195.51565587 427.683114329
2193.45451192 424.398708322
2191.39336797 424.647768873
2189.33222402 427.304275423
2187.27108007 431.140865881
2185.20993612 429.264191772
2183.14879217 410.788772359
2181.08764822 431.120542171
2179.02650427 430.999376277
2176.96536032 432.593336314
2174.90421636 435.484724741
2172.84307241 430.314205013
2170.78192846 429.52844817
2168.72078451 431.668255118
2166.65964056 428.74109437
2164.59849661 426.020688269
2162.53735266 427.664175917
2160.47620871 424.596345431
2158.41506476 428.226187337
2156.35392081 429.541469025
2154.29277686 432.887115484
2152.23163291 426.354675104
2150.17048896 429.709721391
2148.10934501 427.023483802
2146.04820106 426.969733112
2143.98705711 430.833828966
2141.92591315 424.923988992
2139.8647692 427.693893451
2137.80362525 427.288229606
2135.7424813 426.139981624
2133.68133735 427.453592541
2131.6201934 424.746794816
2129.55904945 423.625165204
2127.4979055 421.987776083
2125.43676155 425.598229487
2123.3756176 423.086129056
2121.31447365 424.769805505
2119.2533297 424.43844578
2117.19218575 422.728207594
2115.1310418 425.856605152
2113.06989785 424.866479284
2111.0087539 422.119420601
2108.94760995 417.749792424
2106.88646599 421.292638555
2104.82532204 419.719926194
2102.76417809 422.209027311
2100.70303414 420.222685954
2098.64189019 415.196809117
2096.58074624 419.590516027
2094.51960229 421.547849695
2092.45845834 417.768081715
2090.39731439 415.668938424
2088.33617044 415.996472972
2086.27502649 415.87160767
2084.21388254 415.781397368
2082.15273859 420.289668801
2080.09159464 413.395882004
2078.03045069 413.437912924
2075.96930674 411.809994419
2073.90816279 412.698680172
2071.84701883 413.118661976
2069.78587488 410.704746976
2067.72473093 409.907738863
2065.66358698 409.562873199
2063.60244303 408.721269616
2061.54129908 411.789967549
2059.48015513 411.627758184
2057.41901118 406.905004533
2055.35786723 410.051778536
2053.29672328 406.810280958
2051.23557933 408.501240296
2049.17443538 410.362049327
2047.11329143 405.006520159
2045.05214748 404.273028687
2042.99100353 407.994227048
2040.92985958 404.671647573
2038.86871562 402.689364519
2036.80757167 399.742932018
2034.74642772 398.230853098
2032.68528377 395.545488047
2030.62413982 396.342915318
2028.56299587 398.491681626
2026.50185192 395.736954874
2024.44070797 396.711126914
2022.37956402 395.814977438
2020.31842007 393.250985789
2018.25727612 395.556758976
2016.19613217 391.304214647
2014.13498822 387.60130661
2012.07384427 385.509385009
2010.01270032 386.419051852
2007.95155637 395.641722991
2005.89041242 386.883901398
2003.82926846 384.121798305
2001.76812451 385.433788164
1999.70698056 383.06216416
1997.64583661 376.162754942
1995.58469266 379.416467845
1993.52354871 374.778381471
1991.46240476 374.366022563
1989.40126081 373.580166143
1987.34011686 370.834611432
1985.27897291 369.14635785
1983.21782896 368.422873658
1981.15668501 361.649127362
1979.09554106 363.197572979
1977.03439711 354.822928047
1974.97325316 349.65553223
1972.91210921 346.058819385
1970.85096526 342.681814855
1968.7898213 337.812928501
1966.72867735 333.146873696
1964.6675334 326.662822092
1962.60638945 319.058302323
1960.5452455 309.824532714
1958.48410155 300.951906894
1956.4229576 287.97005621
1954.36181365 281.584718775
1952.3006697 274.650411908
1950.23952575 263.826947633
1948.1783818 251.446765422
1946.11723785 242.773966817
1944.0560939 232.893597506
1941.99494995 222.599305954
1939.933806 214.26984321
1937.87266205 204.380956009
1935.81151809 195.904294768
1933.75037414 188.992844091
1931.68923019 180.104197428
1929.62808624 175.118177155
1927.56694229 169.018455071
1925.50579834 165.079521501
1923.44465439 161.938790585
