# BEGINHEADER
# This file contains data from the SALSA 2m radio telescope.
# DATE=2020-05-13T08:55:49.0
# GLON and GLAT given in degrees
# GLON=166.59417588
# GLAT=-32.3715481719
# DATA in two columns below. Col. 1 is velocity relative to LSR [km/s]. Col. 2 is uncalibrated antenna temperature [K].
# ENDHEADER
2450.37830289 0.0971586097993
2448.31715894 148.524645459
2446.25601499 244.77779238
2444.19487104 249.137532589
2442.13372709 251.442550679
2440.07258314 259.399235639
2438.01143919 269.554454382
2435.95029524 277.763598835
2433.88915128 290.863442285
2431.82800733 298.908946665
2429.76686338 314.416460854
2427.70571943 327.616079114
2425.64457548 345.854908907
2423.58343153 359.419469003
2421.52228758 376.13174881
2419.46114363 390.944215198
2417.39999968 409.415682734
2415.33885573 421.937577885
2413.27771178 435.663132845
2411.21656783 449.877506899
2409.15542388 465.85789383
2407.09427993 477.957870247
2405.03313598 492.015123173
2402.97199203 503.547077921
2400.91084807 511.114313756
2398.84970412 524.852850554
2396.78856017 525.834751273
2394.72741622 535.2938661
2392.66627227 542.227625513
2390.60512832 554.924702234
2388.54398437 559.388468042
2386.48284042 564.860689712
2384.42169647 568.250292373
2382.36055252 568.828194337
2380.29940857 573.5643558
2378.23826462 571.012454194
2376.17712067 571.150553764
2374.11597672 582.663293051
2372.05483277 580.965458842
2369.99368882 584.548857697
2367.93254487 585.625127967
2365.87140091 588.296086956
2363.81025696 591.487975027
2361.74911301 588.427129931
2359.68796906 594.396661303
2357.62682511 597.171584574
2355.56568116 596.43780716
2353.50453721 594.085199222
2351.44339326 598.178752838
2349.38224931 606.363538064
2347.32110536 605.113234825
2345.25996141 600.85174896
2343.19881746 603.712358909
2341.13767351 604.68920831
2339.07652956 606.949317064
2337.01538561 613.734408357
2334.95424166 611.602076128
2332.89309771 612.739386339
2330.83195375 615.328845878
2328.7708098 614.758147347
2326.70966585 619.42284184
2324.6485219 624.979852282
2322.58737795 622.60637377
2320.526234 624.597272097
2318.46509005 627.420430324
2316.4039461 620.580503335
2314.34280215 624.804443339
2312.2816582 627.396333973
2310.22051425 631.240787407
2308.1593703 636.67796793
2306.09822635 631.114273809
2304.0370824 631.482925238
2301.97593845 630.187195534
2299.9147945 628.052358396
2297.85365054 630.497447609
2295.79250659 628.74406707
2293.73136264 633.199401623
2291.67021869 637.13649529
2289.60907474 633.202737326
2287.54793079 633.356957585
2285.48678684 635.160086894
2283.42564289 638.658158139
2281.36449894 637.158155388
2279.30335499 634.052466663
2277.24221104 633.182947598
2275.18106709 644.705404195
2273.11992314 635.260007977
2271.05877919 643.328783372
2268.99763524 639.052203666
2266.93649129 640.204910374
2264.87534734 640.233662317
2262.81420338 639.426811685
2260.75305943 644.033493705
2258.69191548 645.447920019
2256.63077153 642.489326347
2254.56962758 643.57184654
2252.50848363 643.159424326
2250.44733968 641.678307704
2248.38619573 637.716820567
2246.32505178 646.973698694
2244.26390783 648.350088151
2242.20276388 644.958037053
2240.14161993 651.237035459
2238.08047598 647.795588515
2236.01933203 647.243972252
2233.95818808 643.806036547
2231.89704413 651.709741247
2229.83590018 649.80878019
2227.77475622 644.662302659
2225.71361227 651.457273218
2223.65246832 647.66305018
2221.59132437 653.184913366
2219.53018042 652.515841771
2217.46903647 650.487864178
2215.40789252 649.051128239
2213.34674857 649.088358515
2211.28560462 648.780825491
2209.22446067 647.763773388
2207.16331672 651.306669854
2205.10217277 650.066000438
2203.04102882 652.134966377
2200.97988487 650.547608455
2198.91874092 649.656384032
2196.85759697 656.720146218
2194.79645302 651.892551771
2192.73530906 657.385678054
2190.67416511 644.513232897
2188.61302116 655.24155179
2186.55187721 648.470428456
2184.49073326 622.44837392
2182.42958931 649.9102869
2180.36844536 647.88927955
2178.30730141 646.272378956
2176.24615746 646.981111767
2174.18501351 649.937660895
2172.12386956 648.712542316
2170.06272561 652.650696875
2168.00158166 648.321290495
2165.94043771 648.950992914
2163.87929376 649.018862287
2161.81814981 650.194916779
2159.75700585 647.083838488
2157.6958619 645.927629925
2155.63471795 648.717337432
2153.573574 647.528961897
2151.51243005 647.170744422
2149.4512861 646.492702288
2147.39014215 643.903603802
2145.3289982 644.935419202
2143.26785425 648.483362674
2141.2067103 648.593185796
2139.14556635 647.8968836
2137.0844224 644.911634456
2135.02327845 644.944545342
2132.9621345 640.89519727
2130.90099055 639.94362706
2128.8398466 638.466369385
2126.77870265 641.285887365
2124.71755869 642.338235289
2122.65641474 643.903838184
2120.59527079 644.785351302
2118.53412684 646.042578909
2116.47298289 646.99591525
2114.41183894 643.08837767
2112.35069499 637.463273366
2110.28955104 637.765318149
2108.22840709 637.270984457
2106.16726314 639.59775348
2104.10611919 641.107374203
2102.04497524 637.355046929
2099.98383129 635.221406401
2097.92268734 634.361009205
2095.86154339 639.595756179
2093.80039944 634.842524617
2091.73925549 631.484107255
2089.67811153 634.810492574
2087.61696758 626.675458695
2085.55582363 631.793287925
2083.49467968 633.437483656
2081.43353573 628.810448459
2079.37239178 628.280599962
2077.31124783 623.511436568
2075.25010388 625.958411171
2073.18895993 628.537499145
2071.12781598 619.328876895
2069.06667203 629.540809054
2067.00552808 617.801144812
2064.94438413 618.941342635
2062.88324018 619.11391301
2060.82209623 614.699676563
2058.76095228 622.778856057
2056.69980832 616.310146368
2054.63866437 613.568404828
2052.57752042 612.971092563
2050.51637647 613.557891683
2048.45523252 616.565431542
2046.39408857 611.552050434
2044.33294462 611.627929815
2042.27180067 613.415938278
2040.21065672 606.325775102
2038.14951277 611.499919262
2036.08836882 607.708826225
2034.02722487 606.499268755
2031.96608092 602.899279856
2029.90493697 600.480639743
2027.84379302 597.793530248
2025.78264907 594.360542829
2023.72150512 596.967414554
2021.66036116 598.007088655
2019.59921721 592.032912984
2017.53807326 590.967806673
2015.47692931 591.332420756
2013.41578536 591.102920626
2011.35464141 586.393952455
2009.29349746 590.093145471
2007.23235351 586.224054415
2005.17120956 584.099395446
2003.11006561 580.641476085
2001.04892166 580.270469963
1998.98777771 580.108158723
1996.92663376 576.942259554
1994.86548981 570.935539432
1992.80434586 576.441095352
1990.74320191 564.306301421
1988.68205796 564.811049174
1986.620914 555.877472903
1984.55977005 553.485534681
1982.4986261 551.48271646
1980.43748215 542.127982504
1978.3763382 542.948179021
1976.31519425 535.547375742
1974.2540503 528.543254538
1972.19290635 520.015261386
1970.1317624 512.564149112
1968.07061845 497.707324977
1966.0094745 490.364515316
1963.94833055 475.493197582
1961.8871866 468.061694046
1959.82604265 454.314084961
1957.7648987 441.993375747
1955.70375475 430.026981637
1953.6426108 415.762247193
1951.58146684 399.448314668
1949.52032289 384.401927913
1947.45917894 363.848495019
1945.39803499 352.330345129
1943.33689104 336.382659124
1941.27574709 326.12912336
1939.21460314 310.890354917
1937.15345919 298.560274158
1935.09231524 283.872122569
1933.03117129 272.744445505
1930.97002734 261.456824491
1928.90888339 252.804855168
1926.84773944 250.346478821
1924.78659549 244.713753872
