# BEGINHEADER
# This file contains data from the SALSA 2m radio telescope.
# DATE=2020-05-13T09:00:12.0
# GLON and GLAT given in degrees
# GLON=151.023341998
# GLAT=-24.3928024915
# DATA in two columns below. Col. 1 is velocity relative to LSR [km/s]. Col. 2 is uncalibrated antenna temperature [K].
# ENDHEADER
2456.6071547 0.0447667932493
2454.54601075 68.753231291
2452.4848668 113.172360817
2450.42372285 114.618878685
2448.36257889 116.975130324
2446.30143494 120.58679665
2444.24029099 124.063898036
2442.17914704 128.71887493
2440.11800309 133.798051256
2438.05685914 140.07766456
2435.99571519 145.534221402
2433.93457124 153.139959236
2431.87342729 160.559708025
2429.81228334 166.787627424
2427.75113939 174.845747034
2425.68999544 182.103022402
2423.62885149 189.487777682
2421.56770754 196.390647544
2419.50656359 204.726256828
2417.44541964 208.172321891
2415.38427568 215.23044482
2413.32313173 218.25000742
2411.26198778 226.857610686
2409.20084383 232.108544522
2407.13969988 233.362908055
2405.07855593 242.228468581
2403.01741198 244.596323543
2400.95626803 246.418427722
2398.89512408 250.1158222
2396.83398013 253.234270284
2394.77283618 257.481083121
2392.71169223 259.251709294
2390.65054828 262.828691836
2388.58940433 261.538552674
2386.52826038 264.548417479
2384.46711643 265.51818371
2382.40597248 267.935394097
2380.34482852 269.380642641
2378.28368457 270.627290559
2376.22254062 271.205540451
2374.16139667 269.623476682
2372.10025272 270.499958708
2370.03910877 271.687788195
2367.97796482 274.682000569
2365.91682087 272.910229933
2363.85567692 274.654958747
2361.79453297 275.166900825
2359.73338902 277.324546151
2357.67224507 274.892978293
2355.61110112 277.811806432
2353.54995717 282.007618536
2351.48881322 279.126638624
2349.42766927 280.798341743
2347.36652532 283.171776474
2345.30538136 282.129410098
2343.24423741 282.625491372
2341.18309346 281.202892422
2339.12194951 283.440179498
2337.06080556 285.840589031
2334.99966161 286.317972938
2332.93851766 286.723915194
2330.87737371 286.897559436
2328.81622976 285.055702822
2326.75508581 288.968527951
2324.69394186 285.913705478
2322.63279791 288.570353184
2320.57165396 290.737031946
2318.51051001 289.744738292
2316.44936606 287.610677546
2314.38822211 288.190333859
2312.32707815 290.825054506
2310.2659342 289.605876465
2308.20479025 292.470926255
2306.1436463 295.179738511
2304.08250235 295.520515824
2302.0213584 290.698386861
2299.96021445 291.523179153
2297.8990705 292.315290654
2295.83792655 295.139000929
2293.7767826 293.494847959
2291.71563865 292.616351773
2289.6544947 294.620410299
2287.59335075 294.602949664
2285.5322068 297.839759582
2283.47106285 295.732809858
2281.4099189 293.742163179
2279.34877495 292.705573563
2277.28763099 297.137022454
2275.22648704 297.004576008
2273.16534309 294.579372695
2271.10419914 297.315877102
2269.04305519 299.311655797
2266.98191124 295.395740178
2264.92076729 297.494915135
2262.85962334 297.283280012
2260.79847939 296.307063479
2258.73733544 297.421464212
2256.67619149 294.492445946
2254.61504754 295.783917987
2252.55390359 296.893502582
2250.49275964 296.138823528
2248.43161569 298.269417628
2246.37047174 297.579138757
2244.30932779 298.635351431
2242.24818383 298.353939038
2240.18703988 296.590418574
2238.12589593 299.401932049
2236.06475198 300.487120208
2234.00360803 297.906723188
2231.94246408 296.656845163
2229.88132013 300.996504114
2227.82017618 297.853060745
2225.75903223 295.846753456
2223.69788828 299.287713028
2221.63674433 301.07290804
2219.57560038 298.465539047
2217.51445643 302.168277724
2215.45331248 302.040185498
2213.39216853 298.962962562
2211.33102458 299.624401401
2209.26988062 300.294703147
2207.20873667 299.791901623
2205.14759272 297.275246703
2203.08644877 298.010814877
2201.02530482 299.512271138
2198.96416087 299.440164876
2196.90301692 297.17224549
2194.84187297 298.300309341
2192.78072902 297.687628233
2190.71958507 288.89877563
2188.65844112 300.622296349
2186.59729717 300.470795866
2184.53615322 300.47662858
2182.47500927 302.160301472
2180.41386532 301.238938644
2178.35272137 298.702121304
2176.29157742 300.471627329
2174.23043346 299.010037066
2172.16928951 299.757713688
2170.10814556 298.959025635
2168.04700161 297.232402795
2165.98585766 296.599690619
2163.92471371 300.830488085
2161.86356976 299.175759148
2159.80242581 300.110376405
2157.74128186 300.858010334
2155.68013791 299.211811163
2153.61899396 299.351101866
2151.55785001 298.673128457
2149.49670606 298.423056493
2147.43556211 300.319632332
2145.37441816 299.265361389
2143.31327421 296.688461369
2141.25213026 295.698556821
2139.1909863 295.604487649
2137.12984235 294.928393165
2135.0686984 297.242341098
2133.00755445 297.507195168
2130.9464105 295.153820398
2128.88526655 295.685185602
2126.8241226 294.768506917
2124.76297865 293.728774226
2122.7018347 292.933969429
2120.64069075 295.938976255
2118.5795468 292.908131545
2116.51840285 296.879460409
2114.4572589 294.188346748
2112.39611495 290.688910346
2110.334971 293.942508118
2108.27382705 292.063187683
2106.2126831 296.737879406
2104.15153914 291.283169473
2102.09039519 292.856191865
2100.02925124 292.562625313
2097.96810729 291.553483619
2095.90696334 289.5497536
2093.84581939 292.025674544
2091.78467544 291.530599862
2089.72353149 287.624442824
2087.66238754 289.098977118
2085.60124359 288.951997792
2083.54009964 291.610701443
2081.47895569 288.077102733
2079.41781174 289.319420081
2077.35666779 287.71276255
2075.29552384 288.292616302
2073.23437989 289.026689143
2071.17323593 284.347724405
2069.11209198 287.05376988
2067.05094803 283.774465124
2064.98980408 287.249401722
2062.92866013 286.072990262
2060.86751618 282.369563053
2058.80637223 284.163701521
2056.74522828 284.875963311
2054.68408433 282.016452073
2052.62294038 281.899553201
2050.56179643 282.212546111
2048.50065248 281.617047149
2046.43950853 281.351776016
2044.37836458 281.648380531
2042.31722063 280.955268866
2040.25607668 279.31717235
2038.19493273 278.241478861
2036.13378877 277.286492459
2034.07264482 278.577384597
2032.01150087 277.224265859
2029.95035692 277.267751011
2027.88921297 274.878240947
2025.82806902 273.572584386
2023.76692507 276.211594517
2021.70578112 273.008266868
2019.64463717 271.643767957
2017.58349322 270.929784376
2015.52234927 269.462385679
2013.46120532 270.31309908
2011.40006137 266.972591828
2009.33891742 267.075591772
2007.27777347 267.884818148
2005.21662952 265.14346216
2003.15548557 265.482201093
2001.09434161 262.437780991
1999.03319766 263.4027
1996.97205371 258.499158224
1994.91090976 259.718160331
1992.84976581 259.286309486
1990.78862186 257.366730124
1988.72747791 253.634935464
1986.66633396 251.515820436
1984.60519001 250.656237666
1982.54404606 247.325413471
1980.48290211 244.41262344
1978.42175816 241.175638916
1976.36061421 235.066719124
1974.29947026 231.714773889
1972.23832631 225.551336696
1970.17718236 222.159708919
1968.1160384 215.759662812
1966.05489445 211.91379863
1963.9937505 205.136443684
1961.93260655 199.242816254
1959.8714626 190.443950272
1957.81031865 184.285275307
1955.7491747 176.258843846
1953.68803075 169.891778249
1951.6268868 164.558450227
1949.56574285 156.828524743
1947.5045989 147.549593751
1945.44345495 144.253426369
1943.382311 137.16866246
1941.32116705 131.325472943
1939.2600231 127.035431312
1937.19887915 120.896829007
1935.1377352 118.313872342
1933.07659124 115.931979095
1931.01544729 114.10240854
