# BEGINHEADER
# This file contains data from the SALSA 2m radio telescope.
# DATE=2020-05-13T09:07:39.0
# GLON and GLAT given in degrees
# GLON=163.285039441
# GLAT=-35.1320021739
# DATA in two columns below. Col. 1 is velocity relative to LSR [km/s]. Col. 2 is uncalibrated antenna temperature [K].
# ENDHEADER
2453.06949838 0.063133129378
2451.00835443 95.9408123713
2448.94721048 159.403948019
2446.88606653 161.053865362
2444.82492258 163.15218789
2442.76377863 168.971173039
2440.70263468 175.412520734
2438.64149073 179.202459974
2436.58034678 188.888592165
2434.51920283 198.237496393
2432.45805887 207.510816725
2430.39691492 215.655128478
2428.33577097 228.011614607
2426.27462702 236.44267528
2424.21348307 245.458539518
2422.15233912 256.487981159
2420.09119517 266.964889848
2418.03005122 278.246380919
2415.96890727 284.694637601
2413.90776332 293.500027385
2411.84661937 300.068635241
2409.78547542 311.209758211
2407.72433147 321.705535992
2405.66318752 326.729933102
2403.60204357 335.176661329
2401.54089962 341.970317494
2399.47975567 345.412852411
2397.41861171 353.214233292
2395.35746776 355.538677186
2393.29632381 358.802872945
2391.23517986 366.933084835
2389.17403591 365.061520196
2387.11289196 372.491392429
2385.05174801 370.020460929
2382.99060406 373.444096161
2380.92946011 375.184700353
2378.86831616 379.091665523
2376.80717221 376.739523248
2374.74602826 380.866412945
2372.68488431 383.907420444
2370.62374036 381.579740993
2368.56259641 386.344563728
2366.50145246 384.111423385
2364.44030851 384.10527971
2362.37916455 390.79378271
2360.3180206 391.611599204
2358.25687665 388.373982452
2356.1957327 388.505080057
2354.13458875 390.270517558
2352.0734448 388.885820838
2350.01230085 397.333581927
2347.9511569 391.221413964
2345.89001295 397.21688793
2343.828869 397.070932647
2341.76772505 399.402069279
2339.7065811 394.84692596
2337.64543715 395.781564937
2335.5842932 398.625654791
2333.52314925 404.728896844
2331.4620053 401.282623954
2329.40086134 401.262363198
2327.33971739 401.127253363
2325.27857344 406.869481711
2323.21742949 405.38442284
2321.15628554 406.914275434
2319.09514159 403.481583655
2317.03399764 403.198723582
2314.97285369 407.512196074
2312.91170974 405.242501842
2310.85056579 406.314537794
2308.78942184 411.917993767
2306.72827789 412.335732036
2304.66713394 409.538536719
2302.60598999 409.051059416
2300.54484604 413.398269251
2298.48370209 414.881489765
2296.42255814 409.875599379
2294.36141418 412.687277668
2292.30027023 411.594382698
2290.23912628 413.257978527
2288.17798233 416.120435488
2286.11683838 413.013701452
2284.05569443 413.933847356
2281.99455048 414.098815236
2279.93340653 418.856617558
2277.87226258 415.821798224
2275.81111863 421.224556478
2273.74997468 417.996152245
2271.68883073 420.793951523
2269.62768678 417.529271314
2267.56654283 419.789090577
2265.50539888 419.941459491
2263.44425493 418.774837515
2261.38311098 422.00012727
2259.32196702 417.521860892
2257.26082307 419.263956808
2255.19967912 420.244724955
2253.13853517 418.683199848
2251.07739122 422.301682019
2249.01624727 420.172355141
2246.95510332 422.21166355
2244.89395937 420.618843878
2242.83281542 421.186461022
2240.77167147 422.326614153
2238.71052752 420.81133391
2236.64938357 421.113749023
2234.58823962 420.953007256
2232.52709567 422.997649798
2230.46595172 428.831775321
2228.40480777 426.039046106
2226.34366381 422.671272417
2224.28251986 424.411419058
2222.22137591 423.569651145
2220.16023196 425.980052364
2218.09908801 421.230720564
2216.03794406 423.297817434
2213.97680011 421.783970911
2211.91565616 422.867638456
2209.85451221 421.807092805
2207.79336826 427.677427134
2205.73222431 423.833616274
2203.67108036 425.462069872
2201.60993641 425.965413462
2199.54879246 417.691776776
2197.48764851 421.975931028
2195.42650456 424.173930413
2193.36536061 429.369206069
2191.30421665 424.61144695
2189.2430727 426.079216105
2187.18192875 404.684351866
2185.1207848 423.232946349
2183.05964085 422.737780131
2180.9984969 420.713734844
2178.93735295 424.738666938
2176.876209 423.289380894
2174.81506505 425.411076003
2172.7539211 419.917497068
2170.69277715 420.625737421
2168.6316332 423.522308163
2166.57048925 428.137960929
2164.5093453 419.948686097
2162.44820135 422.770843408
2160.3870574 422.996066894
2158.32591345 422.974665639
2156.26476949 421.96494739
2154.20362554 420.864304527
2152.14248159 421.782283159
2150.08133764 416.508482875
2148.02019369 420.761432711
2145.95904974 419.082496958
2143.89790579 423.883312873
2141.83676184 423.112330534
2139.77561789 420.689846236
2137.71447394 419.437172812
2135.65332999 420.353568572
2133.59218604 417.717781679
2131.53104209 420.058513077
2129.46989814 420.371427117
2127.40875419 420.641218664
2125.34761024 417.577612441
2123.28646629 416.050733142
2121.22532233 414.925339025
2119.16417838 416.636693307
2117.10303443 417.779151307
2115.04189048 415.373288685
2112.98074653 418.680199877
2110.91960258 417.60777436
2108.85845863 416.741671213
2106.79731468 415.709892564
2104.73617073 413.720652774
2102.67502678 412.53624592
2100.61388283 412.980182332
2098.55273888 413.557267146
2096.49159493 415.198290407
2094.43045098 412.881748506
2092.36930703 411.8481041
2090.30816308 412.849768848
2088.24701912 413.735845043
2086.18587517 407.796437545
2084.12473122 412.518204032
2082.06358727 410.190533963
2080.00244332 408.322057896
2077.94129937 409.778934351
2075.88015542 406.952405746
2073.81901147 408.265952689
2071.75786752 405.020655674
2069.69672357 403.324163986
2067.63557962 407.654838997
2065.57443567 406.053397726
2063.51329172 401.697189684
2061.45214777 403.797331882
2059.39100382 403.989000697
2057.32985987 403.223930088
2055.26871592 400.131010701
2053.20757196 401.833538425
2051.14642801 399.932331455
2049.08528406 400.158264839
2047.02414011 400.267468846
2044.96299616 395.592855673
2042.90185221 397.059324829
2040.84070826 396.207757554
2038.77956431 395.662240989
2036.71842036 394.393785646
2034.65727641 394.592819431
2032.59613246 393.313290158
2030.53498851 394.199712054
2028.47384456 388.113153965
2026.41270061 388.127955844
2024.35155666 386.791389939
2022.29041271 385.608275125
2020.22926876 385.083805079
2018.1681248 387.937957815
2016.10698085 382.214444961
2014.0458369 382.416861775
2011.98469295 382.100967554
2009.923549 379.89853192
2007.86240505 381.044380161
2005.8012611 381.9845016
2003.74011715 377.942158499
2001.6789732 374.612494733
1999.61782925 373.372339773
1997.5566853 375.375795281
1995.49554135 369.983460147
1993.4343974 370.115415655
1991.37325345 364.175707498
1989.3121095 365.981221216
1987.25096555 361.402005095
1985.18982159 360.992687702
1983.12867764 355.694033032
1981.06753369 352.80372791
1979.00638974 349.30655434
1976.94524579 343.779766898
1974.88410184 341.082152697
1972.82295789 336.007676893
1970.76181394 327.666426939
1968.70066999 322.226759405
1966.63952604 314.150897529
1964.57838209 304.046683888
1962.51723814 296.484174112
1960.45609419 286.552615978
1958.39495024 278.827771601
1956.33380629 269.894211589
1954.27266234 262.756118083
1952.21151839 249.021494642
1950.15037443 241.244743375
1948.08923048 230.858453734
1946.02808653 222.016681048
1943.96694258 212.559511034
1941.90579863 202.010582171
1939.84465468 191.625490773
1937.78351073 185.911682514
1935.72236678 178.172627426
1933.66122283 173.710222332
1931.60007888 166.510460783
1929.53893493 163.603609226
1927.47779098 160.907352183
