# BEGINHEADER
# This file contains data from the SALSA 2m radio telescope.
# DATE=2020-05-13T08:59:06.0
# GLON and GLAT given in degrees
# GLON=154.840222332
# GLAT=-26.7012850206
# DATA in two columns below. Col. 1 is velocity relative to LSR [km/s]. Col. 2 is uncalibrated antenna temperature [K].
# ENDHEADER
2454.96856011 0.0477030713506
2452.90741616 71.2850137646
2450.84627221 118.190863032
2448.78512826 119.639446704
2446.72398431 122.576772994
2444.66284036 125.203492099
2442.60169641 128.998548661
2440.54055246 134.859519746
2438.47940851 139.13636734
2436.41826456 145.786418784
2434.35712061 151.9524154
2432.29597666 159.199629342
2430.23483271 166.869333282
2428.17368876 173.298810651
2426.1125448 181.592421784
2424.05140085 188.495231013
2421.9902569 197.083377451
2419.92911295 203.820762266
2417.867969 212.442692788
2415.80682505 221.318543715
2413.7456811 223.636839357
2411.68453715 230.736981252
2409.6233932 236.858019977
2407.56224925 240.41690015
2405.5011053 248.579955863
2403.43996135 253.274996303
2401.3788174 255.556060455
2399.31767345 260.605906277
2397.2565295 261.132657375
2395.19538555 268.061600309
2393.1342416 267.56421104
2391.07309764 270.422422404
2389.01195369 271.550048514
2386.95080974 274.395706308
2384.88966579 274.983560011
2382.82852184 275.65084435
2380.76737789 279.368520082
2378.70623394 278.406988886
2376.64508999 282.144379148
2374.58394604 281.012608949
2372.52280209 282.56546201
2370.46165814 283.490215147
2368.40051419 286.162068477
2366.33937024 285.848547205
2364.27822629 284.335966145
2362.21708234 286.398887409
2360.15593839 285.025888505
2358.09479444 286.292098415
2356.03365048 288.471455521
2353.97250653 289.772403203
2351.91136258 290.053784433
2349.85021863 291.997895236
2347.78907468 290.741610784
2345.72793073 293.072711454
2343.66678678 293.792232655
2341.60564283 294.972881425
2339.54449888 297.758699963
2337.48335493 294.774778467
2335.42221098 297.285053063
2333.36106703 296.482384593
2331.29992308 297.230014955
2329.23877913 298.822581103
2327.17763518 300.006238095
2325.11649123 300.402791296
2323.05534727 296.687519674
2320.99420332 299.58606554
2318.93305937 300.767832097
2316.87191542 303.131529647
2314.81077147 300.779221146
2312.74962752 303.309794396
2310.68848357 304.088314075
2308.62733962 302.97226029
2306.56619567 301.529585668
2304.50505172 308.798166956
2302.44390777 308.295438959
2300.38276382 301.879182921
2298.32161987 304.452686319
2296.26047592 304.77945443
2294.19933197 307.093702764
2292.13818802 305.595147028
2290.07704407 307.450022363
2288.01590011 304.173241754
2285.95475616 305.837855032
2283.89361221 305.078759062
2281.83246826 303.092151999
2279.77132431 308.551003976
2277.71018036 306.38957055
2275.64903641 309.930582934
2273.58789246 306.501297022
2271.52674851 305.317350197
2269.46560456 312.578159653
2267.40446061 312.080879894
2265.34331666 311.41515864
2263.28217271 308.197073737
2261.22102876 309.548067422
2259.15988481 309.11486062
2257.09874086 309.608142892
2255.03759691 310.949855959
2252.97645295 308.697316624
2250.915309 309.455359069
2248.85416505 310.252245931
2246.7930211 311.810332635
2244.73187715 314.460318492
2242.6707332 311.343779765
2240.60958925 310.212203019
2238.5484453 309.1118943
2236.48730135 314.831857307
2234.4261574 311.586814674
2232.36501345 312.119048764
2230.3038695 314.149489185
2228.24272555 313.041510763
2226.1815816 310.757152747
2224.12043765 315.088041747
2222.0592937 311.356747799
2219.99814974 313.408168332
2217.93700579 313.236080807
2215.87586184 310.649776633
2213.81471789 311.126020763
2211.75357394 312.310406148
2209.69242999 314.780523672
2207.63128604 313.827883778
2205.57014209 313.098198191
2203.50899814 314.880620889
2201.44785419 312.541711702
2199.38671024 315.315908609
2197.32556629 313.04355752
2195.26442234 311.984099411
2193.20327839 312.962518604
2191.14213444 310.784804369
2189.08099049 305.315157874
2187.01984654 317.043564841
2184.95870258 312.243225148
2182.89755863 311.621327193
2180.83641468 312.981927836
2178.77527073 315.5685661
2176.71412678 313.243807212
2174.65298283 311.405590411
2172.59183888 312.849465109
2170.53069493 311.341763854
2168.46955098 312.726292647
2166.40840703 313.344530665
2164.34726308 308.733866467
2162.28611913 312.196097221
2160.22497518 313.232133323
2158.16383123 315.132651483
2156.10268728 312.121929296
2154.04154333 310.79428801
2151.98039938 310.148617873
2149.91925542 312.0179977
2147.85811147 311.274137609
2145.79696752 309.013334303
2143.73582357 309.81339279
2141.67467962 312.804739367
2139.61353567 310.351006767
2137.55239172 312.061224215
2135.49124777 310.927586414
2133.43010382 310.191439034
2131.36895987 308.243064599
2129.30781592 307.90150755
2127.24667197 306.648249656
2125.18552802 308.930416777
2123.12438407 307.328695436
2121.06324012 306.216507275
2119.00209617 308.412363884
2116.94095222 308.868428382
2114.87980826 306.567417664
2112.81866431 309.615486012
2110.75752036 309.840933538
2108.69637641 307.860560753
2106.63523246 304.337717347
2104.57408851 306.695482588
2102.51294456 305.578516134
2100.45180061 305.30951446
2098.39065666 302.720705834
2096.32951271 307.186863669
2094.26836876 305.453152592
2092.20722481 302.281093075
2090.14608086 304.221403711
2088.08493691 303.320146063
2086.02379296 300.361627664
2083.96264901 301.63396467
2081.90150505 301.699021741
2079.8403611 302.009531155
2077.77921715 302.535679627
2075.7180732 300.940706061
2073.65692925 301.014881815
2071.5957853 299.522329853
2069.53464135 300.251386002
2067.4734974 299.113484691
2065.41235345 300.233999262
2063.3512095 300.608242076
2061.29006555 297.340964053
2059.2289216 296.315290348
2057.16777765 297.378883258
2055.1066337 297.149600381
2053.04548975 294.225978956
2050.9843458 296.235904939
2048.92320185 293.537318941
2046.86205789 293.791891083
2044.80091394 293.635843113
2042.73976999 291.936536537
2040.67862604 291.508018713
2038.61748209 292.217025387
2036.55633814 291.421852501
2034.49519419 288.871391347
2032.43405024 289.55429583
2030.37290629 287.9868437
2028.31176234 289.16629038
2026.25061839 287.750359225
2024.18947444 286.663597999
2022.12833049 285.688181575
2020.06718654 283.593157098
2018.00604259 284.288296598
2015.94489864 283.636066991
2013.88375469 285.665751456
2011.82261073 281.092936497
2009.76146678 279.199836898
2007.70032283 279.135389776
2005.63917888 276.787829819
2003.57803493 277.923493029
2001.51689098 275.49423798
1999.45574703 275.454474158
1997.39460308 275.817048962
1995.33345913 271.510341768
1993.27231518 273.125911184
1991.21117123 266.31168239
1989.15002728 267.151739277
1987.08888333 265.720654906
1985.02773938 261.255629242
1982.96659543 258.540904623
1980.90545148 259.577839493
1978.84430752 253.69056089
1976.78316357 250.290037634
1974.72201962 246.023951682
1972.66087567 241.524326532
1970.59973172 236.050976057
1968.53858777 231.83989631
1966.47744382 225.398275235
1964.41629987 221.064159647
1962.35515592 213.105296345
1960.29401197 204.398275769
1958.23286802 200.099976614
1956.17172407 190.724042094
1954.11058012 185.246224313
1952.04943617 178.573805434
1949.98829222 170.632700782
1947.92714827 164.28076623
1945.86600432 155.139523544
1943.80486036 148.257506171
1941.74371641 143.276139935
1939.68257246 136.594815938
1937.62142851 131.634938726
1935.56028456 126.119855891
1933.49914061 123.93540227
1931.43799666 119.607046071
1929.37685271 118.295182747
