# BEGINHEADER
# This file contains data from the SALSA 2m radio telescope.
# DATE=2020-05-13T08:39:58.0
# GLON and GLAT given in degrees
# GLON=161.418576499
# GLAT=-37.9125076991
# DATA in two columns below. Col. 1 is velocity relative to LSR [km/s]. Col. 2 is uncalibrated antenna temperature [K].
# ENDHEADER
2454.9831224 0.0473112640673
2452.92197845 70.9861877253
2450.8608345 116.865987439
2448.79969055 119.02418966
2446.7385466 120.281458561
2444.67740265 123.899715014
2442.6162587 127.510266686
2440.55511475 133.518776359
2438.4939708 137.62687799
2436.43282685 143.793497462
2434.37168289 151.049290534
2432.31053894 159.542364069
2430.24939499 165.518970216
2428.18825104 172.487510927
2426.12710709 179.610061736
2424.06596314 189.46656851
2422.00481919 194.749782581
2419.94367524 201.35070195
2417.88253129 209.905654904
2415.82138734 217.326686282
2413.76024339 223.219805802
2411.69909944 230.207617876
2409.63795549 233.717388219
2407.57681154 239.701773575
2405.51566759 244.824616819
2403.45452364 248.811241351
2401.39337969 251.477231605
2399.33223573 257.603992055
2397.27109178 261.446139222
2395.20994783 262.782310034
2393.14880388 265.438642773
2391.08765993 265.390588573
2389.02651598 267.011089094
2386.96537203 271.215388908
2384.90422808 273.105210535
2382.84308413 274.171036962
2380.78194018 274.680595281
2378.72079623 277.181086773
2376.65965228 276.444136537
2374.59850833 277.845031376
2372.53736438 281.333002763
2370.47622043 280.864776247
2368.41507648 281.210701929
2366.35393253 281.696438116
2364.29278857 282.90920372
2362.23164462 285.750040764
2360.17050067 285.196681042
2358.10935672 289.902395882
2356.04821277 286.106980713
2353.98706882 285.715640381
2351.92592487 284.877158128
2349.86478092 289.178233786
2347.80363697 289.766929882
2345.74249302 291.357091633
2343.68134907 289.53233975
2341.62020512 290.226221621
2339.55906117 294.184203499
2337.49791722 293.278085958
2335.43677327 293.268715255
2333.37562932 294.145271995
2331.31448536 296.322299622
2329.25334141 298.095831636
2327.19219746 295.469836396
2325.13105351 297.765695575
2323.06990956 294.598616263
2321.00876561 296.363284709
2318.94762166 297.017922353
2316.88647771 297.866825657
2314.82533376 298.615934802
2312.76418981 297.463613064
2310.70304586 299.141646078
2308.64190191 302.344043944
2306.58075796 300.327371651
2304.51961401 301.113377677
2302.45847006 302.070727632
2300.39732611 299.662122191
2298.33618216 299.743684386
2296.2750382 301.54842571
2294.21389425 305.147650694
2292.1527503 301.701110559
2290.09160635 302.406005264
2288.0304624 303.242667821
2285.96931845 304.952537763
2283.9081745 304.198157911
2281.84703055 303.859942684
2279.7858866 305.313780086
2277.72474265 306.477368143
2275.6635987 306.321860653
2273.60245475 308.910966777
2271.5413108 304.007323885
2269.48016685 306.106716159
2267.4190229 305.600084239
2265.35787895 306.361541646
2263.296735 307.368730701
2261.23559104 306.439345186
2259.17444709 307.814436778
2257.11330314 306.188045468
2255.05215919 307.89999507
2252.99101524 305.828724013
2250.92987129 309.544617305
2248.86872734 310.488926239
2246.80758339 308.805492788
2244.74643944 310.271006315
2242.68529549 306.882933346
2240.62415154 310.123405786
2238.56300759 307.817154109
2236.50186364 307.660794586
2234.44071969 309.716579799
2232.37957574 307.917452501
2230.31843179 310.709484671
2228.25728784 309.116893249
2226.19614388 310.070666464
2224.13499993 310.854528056
2222.07385598 309.933825913
2220.01271203 307.331852376
2217.95156808 313.457053161
2215.89042413 308.979392883
2213.82928018 307.755958186
2211.76813623 311.752768525
2209.70699228 310.381386355
2207.64584833 310.191533583
2205.58470438 308.725035229
2203.52356043 311.877450795
2201.46241648 310.168114347
2199.40127253 310.118231041
2197.34012858 306.360490244
2195.27898463 306.740844722
2193.21784067 308.835693872
2191.15669672 309.244327783
2189.09555277 299.735291769
2187.03440882 307.383334967
2184.97326487 307.280702276
2182.91212092 311.634276771
2180.85097697 307.624237856
2178.78983302 308.46421801
2176.72868907 308.452690791
2174.66754512 308.091585264
2172.60640117 308.677345776
2170.54525722 309.138853842
2168.48411327 307.481517875
2166.42296932 308.851971718
2164.36182537 309.755426709
2162.30068142 309.485801313
2160.23953747 309.087200889
2158.17839351 310.671292052
2156.11724956 309.289832095
2154.05610561 306.310338261
2151.99496166 306.207426343
2149.93381771 305.787849617
2147.87267376 310.225063107
2145.81152981 305.174377097
2143.75038586 306.150611835
2141.68924191 305.09134548
2139.62809796 309.859239293
2137.56695401 305.369122562
2135.50581006 307.061202087
2133.44466611 304.427595226
2131.38352216 303.637327026
2129.32237821 307.530250644
2127.26123426 304.696306008
2125.20009031 304.662722125
2123.13894635 306.132098028
2121.0778024 303.727947757
2119.01665845 304.63764188
2116.9555145 303.232942922
2114.89437055 304.732019335
2112.8332266 302.87755581
2110.77208265 302.698796739
2108.7109387 303.987773766
2106.64979475 302.018723587
2104.5886508 302.079036184
2102.52750685 302.688967077
2100.4663629 299.100803484
2098.40521895 300.018249633
2096.344075 302.577164587
2094.28293105 300.251727721
2092.2217871 300.785347674
2090.16064314 299.121145681
2088.09949919 298.94690303
2086.03835524 298.647941545
2083.97721129 298.61189426
2081.91606734 295.984074572
2079.85492339 297.594982738
2077.79377944 293.000714281
2075.73263549 294.943566754
2073.67149154 295.751721294
2071.61034759 295.228938438
2069.54920364 295.250764996
2067.48805969 295.611363252
2065.42691574 295.065923435
2063.36577179 297.920441063
2061.30462784 295.764127343
2059.24348389 293.105934777
2057.18233994 293.312598608
2055.12119598 294.314159839
2053.06005203 292.420406586
2050.99890808 291.764894386
2048.93776413 291.495702597
2046.87662018 289.806471019
2044.81547623 289.690353067
2042.75433228 288.313681403
2040.69318833 286.211072498
2038.63204438 288.306373427
2036.57090043 287.263048379
2034.50975648 284.58901809
2032.44861253 286.698748499
2030.38746858 284.428861861
2028.32632463 284.637532225
2026.26518068 282.157118664
2024.20403673 285.967422432
2022.14289278 282.767847906
2020.08174882 278.472627957
2018.02060487 277.340145393
2015.95946092 279.894364803
2013.89831697 278.117745247
2011.83717302 277.082981007
2009.77602907 276.964938281
2007.71488512 277.231726681
2005.65374117 274.738381881
2003.59259722 273.94437279
2001.53145327 272.365914906
1999.47030932 274.141833614
1997.40916537 269.207652504
1995.34802142 269.017822279
1993.28687747 269.219160103
1991.22573352 267.205455947
1989.16458957 264.649319976
1987.10344562 261.144185326
1985.04230166 260.419810397
1982.98115771 256.364045906
1980.92001376 256.14039885
1978.85886981 250.363785396
1976.79772586 244.613845559
1974.73658191 240.796312401
1972.67543796 239.307647066
1970.61429401 235.602486154
1968.55315006 230.167065683
1966.49200611 221.75118794
1964.43086216 217.894135477
1962.36971821 210.518241714
1960.30857426 203.25373133
1958.24743031 197.493985003
1956.18628636 190.445209316
1954.12514241 183.962105062
1952.06399845 176.616893314
1950.0028545 167.184873919
1947.94171055 162.119419848
1945.8805666 153.511430328
1943.81942265 146.621803551
1941.7582787 140.583844094
1939.69713475 135.518364748
1937.6359908 131.052405702
1935.57484685 125.516193448
1933.5137029 122.96665621
1931.45255895 118.655359262
1929.391415 116.732191265
