# BEGINHEADER
# This file contains data from the SALSA 2m radio telescope.
# DATE=2020-05-13T08:31:02.0
# GLON and GLAT given in degrees
# GLON=155.359747143
# GLAT=-27.111189123
# DATA in two columns below. Col. 1 is velocity relative to LSR [km/s]. Col. 2 is uncalibrated antenna temperature [K].
# ENDHEADER
2454.77529706 0.0478708606216
2452.71415311 73.2221260255
2450.65300916 122.159270053
2448.59186521 123.120547306
2446.53072126 126.453930461
2444.46957731 129.498122108
2442.40843336 132.383278414
2440.34728941 137.871246415
2438.28614546 143.516923182
2436.2250015 150.737841502
2434.16385755 156.621040487
2432.1027136 163.60463565
2430.04156965 172.514876523
2427.9804257 178.508007884
2425.91928175 186.792283729
2423.8581378 193.579160791
2421.79699385 203.602261687
2419.7358499 208.512381942
2417.67470595 218.722642957
2415.613562 226.242659282
2413.55241805 230.497994215
2411.4912741 237.258075208
2409.43013015 244.635219161
2407.3689862 249.338300236
2405.30784225 252.964401621
2403.2466983 256.184381925
2401.18555434 262.842937462
2399.12441039 265.21457635
2397.06326644 270.983859007
2395.00212249 273.603561984
2392.94097854 276.973283809
2390.87983459 280.388539868
2388.81869064 283.00984395
2386.75754669 283.653815122
2384.69640274 284.600823745
2382.63525879 284.487058274
2380.57411484 286.820807058
2378.51297089 289.986350806
2376.45182694 288.988785943
2374.39068299 293.220817979
2372.32953904 294.388531621
2370.26839509 295.507036869
2368.20725114 294.728608104
2366.14610718 296.337724181
2364.08496323 295.413708661
2362.02381928 293.437399219
2359.96267533 294.668178288
2357.90153138 297.684301914
2355.84038743 299.356693313
2353.77924348 299.068919592
2351.71809953 302.05479167
2349.65695558 300.632441663
2347.59581163 303.230879955
2345.53466768 302.393574978
2343.47352373 304.931335012
2341.41237978 302.306355972
2339.35123583 303.626684761
2337.29009188 305.805714829
2335.22894793 304.761703382
2333.16780397 307.79721489
2331.10666002 305.470976031
2329.04551607 305.024380117
2326.98437212 307.583830196
2324.92322817 311.873391259
2322.86208422 310.296371487
2320.80094027 311.63568147
2318.73979632 311.570443465
2316.67865237 310.323495715
2314.61750842 309.168031605
2312.55636447 312.399730082
2310.49522052 311.137980547
2308.43407657 313.565030809
2306.37293262 312.487650081
2304.31178867 314.535355812
2302.25064472 313.467455631
2300.18950077 315.625899605
2298.12835681 314.378515945
2296.06721286 314.725742057
2294.00606891 314.123596324
2291.94492496 315.947918723
2289.88378101 316.805687262
2287.82263706 316.134718448
2285.76149311 315.446041088
2283.70034916 316.082918193
2281.63920521 313.50000416
2279.57806126 312.690593184
2277.51691731 316.636213427
2275.45577336 315.614794782
2273.39462941 316.691192026
2271.33348546 317.283763424
2269.27234151 318.348821003
2267.21119756 315.856033504
2265.15005361 321.851114829
2263.08890965 320.954625018
2261.0277657 320.821990838
2258.96662175 320.230388929
2256.9054778 319.784732767
2254.84433385 319.001387865
2252.7831899 323.71857829
2250.72204595 318.956992664
2248.660902 320.51055196
2246.59975805 320.527711401
2244.5386141 321.093785741
2242.47747015 322.412068768
2240.4163262 319.477977691
2238.35518225 321.514706533
2236.2940383 321.159992814
2234.23289435 318.345827943
2232.1717504 322.425869113
2230.11060645 322.330346211
2228.04946249 323.24450148
2225.98831854 321.646653003
2223.92717459 320.780289426
2221.86603064 320.960522963
2219.80488669 323.300498035
2217.74374274 320.013609498
2215.68259879 320.795615647
2213.62145484 321.625581743
2211.56031089 320.735545269
2209.49916694 321.77572903
2207.43802299 322.324884797
2205.37687904 323.833648235
2203.31573509 322.254550938
2201.25459114 320.1100933
2199.19344719 321.304188883
2197.13230324 320.872324217
2195.07115928 320.659204578
2193.01001533 321.901957086
2190.94887138 321.681841646
2188.88772743 313.478282197
2186.82658348 323.613606459
2184.76543953 320.815531863
2182.70429558 321.979406133
2180.64315163 322.496321029
2178.58200768 324.69986526
2176.52086373 321.768892119
2174.45971978 323.473856508
2172.39857583 322.298797444
2170.33743188 319.891676524
2168.27628793 321.619618688
2166.21514398 318.535989707
2164.15400003 322.691457251
2162.09285608 324.78277042
2160.03171212 321.805323545
2157.97056817 322.877966049
2155.90942422 321.473062599
2153.84828027 322.016320038
2151.78713632 320.545763767
2149.72599237 320.70917937
2147.66484842 321.929453736
2145.60370447 321.80344941
2143.54256052 321.668212072
2141.48141657 318.448679517
2139.42027262 317.927355394
2137.35912867 318.964075899
2135.29798472 317.722750158
2133.23684077 317.937930126
2131.17569682 315.277662317
2129.11455287 317.021200316
2127.05340892 320.924469038
2124.99226496 315.632883361
2122.93112101 315.492749036
2120.86997706 316.814261533
2118.80883311 317.909231712
2116.74768916 316.763957172
2114.68654521 316.321404326
2112.62540126 314.556040378
2110.56425731 315.693510719
2108.50311336 316.094408944
2106.44196941 314.614481802
2104.38082546 315.748639227
2102.31968151 315.670183043
2100.25853756 314.499673695
2098.19739361 314.793667449
2096.13624966 313.830593117
2094.07510571 314.513495716
2092.01396175 311.551968607
2089.9528178 312.727160125
2087.89167385 311.097662419
2085.8305299 309.291615252
2083.76938595 310.482171092
2081.708242 309.669433756
2079.64709805 311.56099919
2077.5859541 311.665508565
2075.52481015 312.241461382
2073.4636662 307.831835127
2071.40252225 309.33824711
2069.3413783 309.947305848
2067.28023435 307.358495818
2065.2190904 306.271789547
2063.15794645 305.540624149
2061.0968025 306.518746392
2059.03565855 305.597784789
2056.97451459 308.507870439
2054.91337064 306.478881369
2052.85222669 305.197497346
2050.79108274 302.094837518
2048.72993879 305.151868376
2046.66879484 303.03924103
2044.60765089 301.368540062
2042.54650694 300.821912127
2040.48536299 299.146192909
2038.42421904 298.902924543
2036.36307509 298.63469755
2034.30193114 298.821750846
2032.24078719 297.008331852
2030.17964324 294.863922052
2028.11849929 297.049558283
2026.05735534 295.749834748
2023.99621139 293.638657849
2021.93506743 293.819160021
2019.87392348 294.425337791
2017.81277953 292.957658613
2015.75163558 291.343490485
2013.69049163 287.668317587
2011.62934768 287.987312618
2009.56820373 287.334547209
2007.50705978 288.294206174
2005.44591583 285.350402968
2003.38477188 283.826952903
2001.32362793 283.736189696
1999.26248398 285.140342643
1997.20134003 283.441674003
1995.14019608 280.773966784
1993.07905213 279.043399677
1991.01790818 276.795044928
1988.95676423 275.385654329
1986.89562027 271.520940813
1984.83447632 273.069810596
1982.77333237 268.778365688
1980.71218842 264.618386737
1978.65104447 259.863436596
1976.58990052 256.325829518
1974.52875657 253.275776507
1972.46761262 248.853283513
1970.40646867 243.899177231
1968.34532472 237.894859647
1966.28418077 231.648747991
1964.22303682 225.351318223
1962.16189287 218.759936403
1960.10074892 213.01391361
1958.03960497 206.455069167
1955.97846102 198.784255892
1953.91731706 191.115933445
1951.85617311 182.071365666
1949.79502916 175.418183377
1947.73388521 165.558603637
1945.67274126 160.323696159
1943.61159731 153.140970414
1941.55045336 146.477516566
1939.48930941 142.210172222
1937.42816546 135.922416163
1935.36702151 130.978036625
1933.30587756 126.55219982
1931.24473361 124.44667375
1929.18358966 122.18217175
