# BEGINHEADER
# This file contains data from the SALSA 2m radio telescope.
# DATE=2020-05-13T08:31:37.0
# GLON and GLAT given in degrees
# GLON=153.666905912
# GLAT=-29.8027207328
# DATA in two columns below. Col. 1 is velocity relative to LSR [km/s]. Col. 2 is uncalibrated antenna temperature [K].
# ENDHEADER
2456.54922521 0.0473582098057
2454.48808126 73.029359162
2452.42693731 118.712359147
2450.36579336 121.43873913
2448.30464941 123.429552346
2446.24350546 126.121411993
2444.18236151 131.762215937
2442.12121756 136.867715438
2440.06007361 142.17905298
2437.99892966 148.210497076
2435.93778571 154.57759327
2433.87664176 162.174126356
2431.81549781 170.442213266
2429.75435386 178.171698466
2427.69320991 186.314027562
2425.63206596 193.346635987
2423.570922 201.264213179
2421.50977805 209.150887048
2419.4486341 215.7348784
2417.38749015 222.445310786
2415.3263462 228.534825731
2413.26520225 234.423326414
2411.2040583 241.460527145
2409.14291435 246.767974973
2407.0817704 251.538620803
2405.02062645 255.903538129
2402.9594825 260.163594029
2400.89833855 261.797131823
2398.8371946 267.045153437
2396.77605065 270.07200446
2394.7149067 273.157467728
2392.65376275 276.213420392
2390.5926188 277.261489998
2388.53147484 278.42482168
2386.47033089 281.505173427
2384.40918694 281.740414386
2382.34804299 282.327022063
2380.28689904 285.343069031
2378.22575509 287.041157333
2376.16461114 288.66864883
2374.10346719 289.183564259
2372.04232324 286.649985304
2369.98117929 288.868941988
2367.92003534 292.439350273
2365.85889139 292.781600869
2363.79774744 294.696553017
2361.73660349 292.090041989
2359.67545954 294.904796666
2357.61431559 293.074345763
2355.55317164 295.51448491
2353.49202768 296.325404865
2351.43088373 295.89077821
2349.36973978 296.845010335
2347.30859583 298.120531972
2345.24745188 297.864843367
2343.18630793 300.874482501
2341.12516398 301.414208676
2339.06402003 302.615119083
2337.00287608 302.221234834
2334.94173213 300.224139709
2332.88058818 301.433965987
2330.81944423 303.519004258
2328.75830028 303.628371982
2326.69715633 303.384062689
2324.63601238 305.390723706
2322.57486843 303.86820686
2320.51372447 303.152095554
2318.45258052 306.567508121
2316.39143657 308.692390399
2314.33029262 308.387652984
2312.26914867 308.307769808
2310.20800472 307.428906403
2308.14686077 304.369781071
2306.08571682 307.702429074
2304.02457287 312.313176709
2301.96342892 310.220574832
2299.90228497 310.558578879
2297.84114102 309.905995572
2295.77999707 311.975461287
2293.71885312 311.634875387
2291.65770917 310.555270996
2289.59656522 315.302972813
2287.53542127 315.040238671
2285.47427731 313.372240591
2283.41313336 311.683032575
2281.35198941 311.493234301
2279.29084546 313.360452738
2277.22970151 311.773800183
2275.16855756 313.230535647
2273.10741361 316.863832205
2271.04626966 312.610472164
2268.98512571 314.49557321
2266.92398176 315.646857235
2264.86283781 314.627985356
2262.80169386 315.751988322
2260.74054991 313.78897623
2258.67940596 317.609114669
2256.61826201 316.783700296
2254.55711806 314.781849586
2252.49597411 318.05516167
2250.43483015 318.380819267
2248.3736862 316.923974289
2246.31254225 316.811295725
2244.2513983 316.105715073
2242.19025435 320.785344568
2240.1291104 318.487628056
2238.06796645 321.636450321
2236.0068225 320.940773265
2233.94567855 317.279256566
2231.8845346 316.877445871
2229.82339065 317.86406443
2227.7622467 317.580650546
2225.70110275 318.128315919
2223.6399588 317.470035608
2221.57881485 316.470071516
2219.5176709 318.516021455
2217.45652695 316.844889183
2215.39538299 318.617401628
2213.33423904 317.271205506
2211.27309509 318.090143541
2209.21195114 317.559275819
2207.15080719 322.114185688
2205.08966324 317.342819516
2203.02851929 320.280280095
2200.96737534 317.651287825
2198.90623139 322.404879251
2196.84508744 316.469847294
2194.78394349 320.059542061
2192.72279954 321.231809585
2190.66165559 303.170651225
2188.60051164 319.367044433
2186.53936769 317.469617122
2184.47822374 315.737044334
2182.41707978 317.922779456
2180.35593583 318.313906904
2178.29479188 317.402341424
2176.23364793 320.350333268
2174.17250398 317.627775498
2172.11136003 321.064722947
2170.05021608 321.098992055
2167.98907213 315.549413545
2165.92792818 315.404287246
2163.86678423 320.298770385
2161.80564028 316.105805459
2159.74449633 316.375170703
2157.68335238 314.747835422
2155.62220843 317.005822043
2153.56106448 314.303111922
2151.49992053 313.72123382
2149.43877658 314.504538121
2147.37763262 315.453916053
2145.31648867 314.816247354
2143.25534472 315.293566494
2141.19420077 315.511249973
2139.13305682 317.073819837
2137.07191287 313.317509956
2135.01076892 315.376802851
2132.94962497 317.262146406
2130.88848102 318.085351289
2128.82733707 316.512616507
2126.76619312 315.513893196
2124.70504917 311.900518104
2122.64390522 313.80230784
2120.58276127 313.941721978
2118.52161732 312.545164182
2116.46047337 314.255272684
2114.39932942 312.423366421
2112.33818546 311.717199012
2110.27704151 309.834889202
2108.21589756 309.566800038
2106.15475361 312.010258
2104.09360966 308.937153913
2102.03246571 311.287508223
2099.97132176 308.959258919
2097.91017781 306.626805107
2095.84903386 309.868647041
2093.78788991 308.810939593
2091.72674596 305.257478225
2089.66560201 310.408032923
2087.60445806 308.174024025
2085.54331411 307.939130811
2083.48217016 308.331908654
2081.42102621 308.165413862
2079.35988225 307.438628912
2077.2987383 306.331993176
2075.23759435 306.607672019
2073.1764504 307.04392353
2071.11530645 306.635742357
2069.0541625 305.430576296
2066.99301855 306.208799285
2064.9318746 307.010708025
2062.87073065 303.306575284
2060.8095867 305.776112118
2058.74844275 305.792725521
2056.6872988 299.683847032
2054.62615485 301.26300842
2052.5650109 300.741206786
2050.50386695 299.311583496
2048.442723 298.301445819
2046.38157905 295.68053346
2044.32043509 298.211821925
2042.25929114 298.579745679
2040.19814719 296.40403611
2038.13700324 296.57289676
2036.07585929 292.814679763
2034.01471534 293.982842022
2031.95357139 291.641563395
2029.89242744 293.775680714
2027.83128349 291.599580358
2025.77013954 292.113488802
2023.70899559 290.464174836
2021.64785164 291.312654956
2019.58670769 288.148371775
2017.52556374 288.579707209
2015.46441979 286.763297341
2013.40327584 284.174269979
2011.34213189 285.360905001
2009.28098793 285.246185393
2007.21984398 284.408059418
2005.15870003 282.867869833
2003.09755608 283.097963729
2001.03641213 281.075233722
1998.97526818 279.943695714
1996.91412423 275.866809359
1994.85298028 275.931385144
1992.79183633 273.59607485
1990.73069238 272.651546065
1988.66954843 270.38172642
1986.60840448 265.813121572
1984.54726053 264.116181686
1982.48611658 263.014588216
1980.42497263 257.987456383
1978.36382868 253.852831914
1976.30268472 251.067876936
1974.24154077 243.988610821
1972.18039682 240.559032836
1970.11925287 234.715972263
1968.05810892 230.243717661
1965.99696497 223.688059136
1963.93582102 217.575880663
1961.87467707 210.040826402
1959.81353312 202.036044194
1957.75238917 195.607079187
1955.69124522 189.189641389
1953.63010127 181.220023953
1951.56895732 172.312242188
1949.50781337 166.333798108
1947.44666942 159.273563733
1945.38552547 149.770875902
1943.32438152 144.921840287
1941.26323756 139.262627611
1939.20209361 133.971740487
1937.14094966 128.571359034
1935.07980571 126.655258557
1933.01866176 123.319516259
1930.95751781 119.715284252
