# BEGINHEADER
# This file contains data from the SALSA 2m radio telescope.
# DATE=2020-05-13T08:42:32.0
# GLON and GLAT given in degrees
# GLON=171.237355152
# GLAT=-33.1681461981
# DATA in two columns below. Col. 1 is velocity relative to LSR [km/s]. Col. 2 is uncalibrated antenna temperature [K].
# ENDHEADER
2448.38795199 0.0471051354662
2446.32680804 71.9616238568
2444.26566409 118.976564576
2442.20452014 119.470191127
2440.14337619 123.80077689
2438.08223224 126.505020704
2436.02108829 130.764112174
2433.95994434 136.358841502
2431.89880039 140.145425551
2429.83765644 147.933949209
2427.77651249 153.613776362
2425.71536854 161.847307091
2423.65422459 169.210589955
2421.59308064 176.123088791
2419.53193669 184.76252951
2417.47079274 191.481604947
2415.40964878 198.934188316
2413.34850483 204.714710672
2411.28736088 214.900428462
2409.22621693 219.694471743
2407.16507298 230.811862082
2405.10392903 233.615521884
2403.04278508 239.993487967
2400.98164113 244.168360231
2398.92049718 249.103309968
2396.85935323 254.001549057
2394.79820928 258.025179521
2392.73706533 262.682246988
2390.67592138 264.830044117
2388.61477743 269.097037261
2386.55363348 267.526481073
2384.49248953 273.29297351
2382.43134558 276.774961777
2380.37020162 278.594518634
2378.30905767 276.893379474
2376.24791372 280.069107292
2374.18676977 280.686251413
2372.12562582 282.576846232
2370.06448187 281.480212928
2368.00333792 285.216347734
2365.94219397 285.855216743
2363.88105002 290.061258367
2361.81990607 288.314791206
2359.75876212 286.978072974
2357.69761817 289.395512799
2355.63647422 290.205202399
2353.57533027 287.851330468
2351.51418632 289.395195631
2349.45304237 292.692862488
2347.39189842 291.872509989
2345.33075446 295.634184532
2343.26961051 298.030357598
2341.20846656 296.21759694
2339.14732261 296.03725022
2337.08617866 297.655923412
2335.02503471 300.089355717
2332.96389076 299.635981801
2330.90274681 297.425377623
2328.84160286 297.91703891
2326.78045891 300.22533127
2324.71931496 302.444027557
2322.65817101 298.464262554
2320.59702706 301.504403127
2318.53588311 299.591640343
2316.47473916 301.280508106
2314.41359521 305.25781862
2312.35245125 303.421803519
2310.2913073 308.435808291
2308.23016335 303.621650113
2306.1690194 307.050385247
2304.10787545 304.660630945
2302.0467315 303.927125291
2299.98558755 306.582070034
2297.9244436 306.204488749
2295.86329965 308.35317681
2293.8021557 306.371587649
2291.74101175 306.152644902
2289.6798678 308.542588257
2287.61872385 308.009900788
2285.5575799 310.011365727
2283.49643595 311.012718585
2281.435292 309.512146649
2279.37414805 310.948588441
2277.31300409 309.866955567
2275.25186014 314.173622107
2273.19071619 311.956798053
2271.12957224 309.579808745
2269.06842829 310.116775963
2267.00728434 312.998217607
2264.94614039 313.120776642
2262.88499644 313.626847954
2260.82385249 311.132641098
2258.76270854 312.70753581
2256.70156459 312.684603854
2254.64042064 314.526338332
2252.57927669 314.161121581
2250.51813274 313.102089613
2248.45698879 314.315191562
2246.39584484 313.657266258
2244.33470089 314.342545368
2242.27355693 313.531700989
2240.21241298 315.900359302
2238.15126903 315.08542661
2236.09012508 311.355432406
2234.02898113 312.881097682
2231.96783718 314.380201627
2229.90669323 318.770353027
2227.84554928 314.677371546
2225.78440533 316.11427172
2223.72326138 313.355880435
2221.66211743 316.758139427
2219.60097348 313.62742343
2217.53982953 316.890932601
2215.47868558 318.068411016
2213.41754163 315.89014126
2211.35639768 316.798037705
2209.29525372 313.98841451
2207.23410977 314.045989112
2205.17296582 316.655833638
2203.11182187 318.83107177
2201.05067792 316.689014453
2198.98953397 316.894553123
2196.92839002 314.559433843
2194.86724607 314.180803051
2192.80610212 316.219506048
2190.74495817 313.20465878
2188.68381422 316.105616879
2186.62267027 316.664549908
2184.56152632 314.812945849
2182.50038237 306.537149402
2180.43923842 317.776736126
2178.37809447 317.254557268
2176.31695052 313.982048439
2174.25580656 314.349302593
2172.19466261 314.465508085
2170.13351866 314.873864645
2168.07237471 315.642509639
2166.01123076 313.944901349
2163.95008681 318.410779627
2161.88894286 316.673774649
2159.82779891 313.612700839
2157.76665496 314.299296192
2155.70551101 315.556542866
2153.64436706 314.966068394
2151.58322311 316.088498353
2149.52207916 316.094236992
2147.46093521 313.588615739
2145.39979126 313.805309573
2143.33864731 315.355557524
2141.27750336 316.599462004
2139.2163594 313.056915202
2137.15521545 312.325310964
2135.0940715 314.644482348
2133.03292755 314.542749395
2130.9717836 316.001624013
2128.91063965 312.315983479
2126.8494957 312.816330511
2124.78835175 310.398349832
2122.7272078 311.71915691
2120.66606385 309.625494138
2118.6049199 312.050993946
2116.54377595 313.318433946
2114.482632 310.138276871
2112.42148805 310.376094298
2110.3603441 308.35166411
2108.29920015 309.205573772
2106.2380562 310.446434852
2104.17691224 310.464168626
2102.11576829 308.282203043
2100.05462434 310.734877081
2097.99348039 307.962601954
2095.93233644 310.185658936
2093.87119249 307.067647103
2091.81004854 308.356903892
2089.74890459 309.13012386
2087.68776064 307.466318919
2085.62661669 308.263095836
2083.56547274 308.072280269
2081.50432879 305.623432281
2079.44318484 306.674232874
2077.38204089 304.07449347
2075.32089694 303.345456375
2073.25975299 306.781304507
2071.19860903 306.000831075
2069.13746508 302.301290298
2067.07632113 301.78005674
2065.01517718 302.34668795
2062.95403323 304.66434643
2060.89288928 304.305551311
2058.83174533 300.569504377
2056.77060138 300.678094281
2054.70945743 300.776783913
2052.64831348 300.278133247
2050.58716953 300.097703943
2048.52602558 297.573283549
2046.46488163 300.668715331
2044.40373768 298.406158985
2042.34259373 298.258631946
2040.28144978 295.487674233
2038.22030583 292.006001344
2036.15916187 295.537721964
2034.09801792 295.226502699
2032.03687397 293.484346352
2029.97573002 294.122187457
2027.91458607 291.603622366
2025.85344212 292.287307892
2023.79229817 289.383539088
2021.73115422 290.638774704
2019.67001027 287.733644271
2017.60886632 287.744139367
2015.54772237 286.43711924
2013.48657842 287.805254483
2011.42543447 285.776716188
2009.36429052 283.423745019
2007.30314657 284.051377308
2005.24200262 284.103343421
2003.18085867 283.892088943
2001.11971471 280.704420825
1999.05857076 280.420556101
1996.99742681 278.407990008
1994.93628286 278.829561396
1992.87513891 281.291132316
1990.81399496 276.427262588
1988.75285101 275.332971921
1986.69170706 273.231199782
1984.63056311 270.578294063
1982.56941916 270.929474172
1980.50827521 268.472337422
1978.44713126 264.634689951
1976.38598731 260.698393583
1974.32484336 260.580446459
1972.26369941 257.49953097
1970.20255546 251.808618356
1968.1414115 247.309804194
1966.08026755 241.611794514
1964.0191236 238.15152336
1961.95797965 232.479754288
1959.8968357 229.208771394
1957.83569175 221.26337498
1955.7745478 214.824308241
1953.71340385 209.413593358
1951.6522599 202.230189888
1949.59111595 192.953280821
1947.529972 187.53916548
1945.46882805 178.586845647
1943.4076841 173.056551183
1941.34654015 164.674499593
1939.2853962 157.376229445
1937.22425225 150.085892252
1935.1631083 145.283810747
1933.10196434 138.784526985
1931.04082039 132.872413367
1928.97967644 128.147978417
1926.91853249 124.169882567
1924.85738854 121.207575585
1922.79624459 120.310473988
