# BEGINHEADER
# This file contains data from the SALSA 2m radio telescope.
# DATE=2020-05-13T08:35:20.0
# GLON and GLAT given in degrees
# GLON=158.490125938
# GLAT=-32.3969766391
# DATA in two columns below. Col. 1 is velocity relative to LSR [km/s]. Col. 2 is uncalibrated antenna temperature [K].
# ENDHEADER
2454.64789275 0.0489097096649
2452.5867488 74.0817465922
2450.52560485 120.400715888
2448.4644609 124.268715959
2446.40331695 125.813094056
2444.342173 128.577361556
2442.28102905 134.28858361
2440.2198851 140.221460558
2438.15874115 145.092369722
2436.0975972 152.790958648
2434.03645324 159.30999142
2431.97530929 164.516083234
2429.91416534 173.513682359
2427.85302139 179.464712595
2425.79187744 190.528174969
2423.73073349 196.71269491
2421.66958954 204.736081233
2419.60844559 211.713757652
2417.54730164 220.569288823
2415.48615769 227.01223366
2413.42501374 232.792704057
2411.36386979 239.782906945
2409.30272584 248.02571105
2407.24158189 250.147222295
2405.18043794 258.009005411
2403.11929399 262.757964265
2401.05815004 263.846678854
2398.99700608 268.120908898
2396.93586213 273.453576783
2394.87471818 275.905759015
2392.81357423 277.553828714
2390.75243028 279.205402981
2388.69128633 284.804654944
2386.63014238 285.581415453
2384.56899843 286.922575414
2382.50785448 290.387667788
2380.44671053 291.941992604
2378.38556658 290.524480549
2376.32442263 294.746472628
2374.26327868 294.636120816
2372.20213473 293.773314406
2370.14099078 297.436795582
2368.07984683 297.245614621
2366.01870288 294.769253783
2363.95755892 298.61971848
2361.89641497 299.916650304
2359.83527102 298.027945224
2357.77412707 301.728988899
2355.71298312 301.219592086
2353.65183917 302.134525124
2351.59069522 299.250031312
2349.52955127 302.607657252
2347.46840732 304.916633194
2345.40726337 304.951912344
2343.34611942 307.235496497
2341.28497547 304.793691722
2339.22383152 307.38313984
2337.16268757 308.761863575
2335.10154362 308.603312259
2333.04039967 308.339349258
2330.97925572 310.715765757
2328.91811176 309.193085503
2326.85696781 308.918285622
2324.79582386 312.35659919
2322.73467991 313.905791695
2320.67353596 312.863230869
2318.61239201 314.923859456
2316.55124806 317.354779727
2314.49010411 312.625439861
2312.42896016 311.356187505
2310.36781621 314.24880145
2308.30667226 314.003889641
2306.24552831 315.335076565
2304.18438436 316.894205161
2302.12324041 316.827993197
2300.06209646 314.940591149
2298.00095251 314.948836242
2295.93980855 321.766013947
2293.8786646 317.196648176
2291.81752065 316.799899578
2289.7563767 316.02949137
2287.69523275 316.958204324
2285.6340888 319.967903238
2283.57294485 319.410438255
2281.5118009 320.686407642
2279.45065695 321.960959078
2277.389513 318.988398733
2275.32836905 320.018355907
2273.2672251 317.792814746
2271.20608115 320.879585904
2269.1449372 320.657910876
2267.08379325 320.938722781
2265.0226493 323.109451178
2262.96150535 319.915931875
2260.90036139 322.910604946
2258.83921744 321.90649117
2256.77807349 325.347061152
2254.71692954 323.382056877
2252.65578559 324.893164919
2250.59464164 322.45458715
2248.53349769 324.612745386
2246.47235374 321.9297814
2244.41120979 326.252717642
2242.35006584 321.414560513
2240.28892189 321.267104487
2238.22777794 322.990055048
2236.16663399 323.739517184
2234.10549004 326.042814158
2232.04434609 326.402755906
2229.98320214 323.624871793
2227.92205819 321.214611696
2225.86091423 326.232402813
2223.79977028 326.226170295
2221.73862633 323.437313797
2219.67748238 325.151194915
2217.61633843 324.794113385
2215.55519448 323.760163251
2213.49405053 325.151196351
2211.43290658 325.000836089
2209.37176263 325.137847454
2207.31061868 323.708893866
2205.24947473 322.010153441
2203.18833078 324.836748313
2201.12718683 322.857474246
2199.06604288 324.341906652
2197.00489893 324.834544411
2194.94375498 324.036266138
2192.88261102 327.234443211
2190.82146707 325.772949283
2188.76032312 313.214414206
2186.69917917 321.279486023
2184.63803522 324.967842804
2182.57689127 326.660794903
2180.51574732 324.077832243
2178.45460337 324.462186425
2176.39345942 324.836690539
2174.33231547 323.760511
2172.27117152 323.914104673
2170.21002757 324.902498699
2168.14888362 325.442907842
2166.08773967 324.288590598
2164.02659572 322.681186063
2161.96545177 324.188610836
2159.90430782 324.247847319
2157.84316386 323.49533955
2155.78201991 321.605363369
2153.72087596 326.46197397
2151.65973201 323.258018302
2149.59858806 323.566945267
2147.53744411 322.029487603
2145.47630016 324.177661253
2143.41515621 325.724871371
2141.35401226 320.707809286
2139.29286831 320.243929615
2137.23172436 324.443848031
2135.17058041 321.780253221
2133.10943646 322.72395162
2131.04829251 324.547384255
2128.98714856 323.313186189
2126.92600461 318.281807436
2124.86486066 323.83670023
2122.8037167 319.920072795
2120.74257275 318.612313628
2118.6814288 319.128294377
2116.62028485 318.587997846
2114.5591409 317.647500399
2112.49799695 318.175942651
2110.436853 319.832352757
2108.37570905 314.098662142
2106.3145651 319.843438287
2104.25342115 316.745132205
2102.1922772 320.698219539
2100.13113325 316.473972182
2098.0699893 315.950379067
2096.00884535 317.385386894
2093.9477014 314.512410473
2091.88655745 315.54571422
2089.8254135 313.733459375
2087.76426954 313.820133189
2085.70312559 314.252664408
2083.64198164 314.032250057
2081.58083769 312.058692979
2079.51969374 312.794141438
2077.45854979 312.488119319
2075.39740584 313.738311791
2073.33626189 315.362583747
2071.27511794 312.252730682
2069.21397399 311.334066235
2067.15283004 310.427928691
2065.09168609 307.045275836
2063.03054214 310.978490052
2060.96939819 307.502020728
2058.90825424 307.542504748
2056.84711029 308.634597281
2054.78596633 308.973668178
2052.72482238 310.579744755
2050.66367843 305.843685687
2048.60253448 304.049158153
2046.54139053 301.914008224
2044.48024658 302.486116765
2042.41910263 303.308062376
2040.35795868 304.020215526
2038.29681473 304.10341764
2036.23567078 302.33786879
2034.17452683 300.960741509
2032.11338288 300.89624991
2030.05223893 300.106686493
2027.99109498 298.073788041
2025.92995103 298.154075406
2023.86880708 298.621016819
2021.80766313 293.980523763
2019.74651917 297.606431887
2017.68537522 295.594698497
2015.62423127 295.470243123
2013.56308732 297.388886382
2011.50194337 289.785101
2009.44079942 291.230215693
2007.37965547 289.200175625
2005.31851152 287.163490737
2003.25736757 289.763548806
2001.19622362 285.014092059
1999.13507967 286.847583019
1997.07393572 285.627670084
1995.01279177 286.705562113
1992.95164782 283.399611787
1990.89050387 278.323315155
1988.82935992 280.015352216
1986.76821597 275.712115972
1984.70707201 271.884345803
1982.64592806 269.89265467
1980.58478411 266.987238118
1978.52364016 263.563503222
1976.46249621 260.147817677
1974.40135226 254.455564938
1972.34020831 252.568543422
1970.27906436 245.721598363
1968.21792041 240.949836285
1966.15677646 234.210541453
1964.09563251 227.531453987
1962.03448856 221.966041082
1959.97334461 213.919783668
1957.91220066 208.085804242
1955.85105671 199.507621111
1953.78991276 192.24121248
1951.7287688 183.96851139
1949.66762485 176.291497583
1947.6064809 170.859619596
1945.54533695 161.886544507
1943.484193 154.908303409
1941.42304905 148.884431921
1939.3619051 144.275187392
1937.30076115 136.252949073
1935.2396172 131.633735421
1933.17847325 128.901340897
1931.1173293 124.586580131
1929.05618535 123.193211688
