# BEGINHEADER
# This file contains data from the SALSA 2m radio telescope.
# DATE=2020-05-13T08:47:14.0
# GLON and GLAT given in degrees
# GLON=175.028167929
# GLAT=-38.934350008
# DATA in two columns below. Col. 1 is velocity relative to LSR [km/s]. Col. 2 is uncalibrated antenna temperature [K].
# ENDHEADER
2449.096805 0.0468764340531
2447.03566105 71.3147343404
2444.9745171 116.943085628
2442.91337315 117.932621464
2440.8522292 122.121834309
2438.79108525 125.099426562
2436.7299413 128.448345279
2434.66879735 133.299453504
2432.6076534 139.411685569
2430.54650945 145.025118496
2428.4853655 151.823885679
2426.42422155 156.433981016
2424.3630776 165.766501113
2422.30193364 173.418195073
2420.24078969 179.809249711
2418.17964574 190.132182708
2416.11850179 197.290747933
2414.05735784 203.326200367
2411.99621389 210.033724749
2409.93506994 218.126018997
2407.87392599 223.561313843
2405.81278204 232.864165687
2403.75163809 235.746382969
2401.69049414 238.819543757
2399.62935019 247.975455184
2397.56820624 251.854660417
2395.50706229 254.172811286
2393.44591834 257.066373564
2391.38477439 260.984347095
2389.32363044 263.150577085
2387.26248648 264.988632152
2385.20134253 270.453565211
2383.14019858 271.599524504
2381.07905463 273.383061141
2379.01791068 271.922930624
2376.95676673 276.290753656
2374.89562278 278.951359624
2372.83447883 276.480490764
2370.77333488 278.846896841
2368.71219093 279.862211686
2366.65104698 282.009168143
2364.58990303 281.636218809
2362.52875908 283.083532573
2360.46761513 285.036536269
2358.40647118 285.550212119
2356.34532723 285.258050957
2354.28418328 284.932008284
2352.22303932 286.349930423
2350.16189537 291.465465286
2348.10075142 289.402620437
2346.03960747 289.770395738
2343.97846352 290.210532703
2341.91731957 291.04242931
2339.85617562 293.351264758
2337.79503167 296.654078144
2335.73388772 293.06527936
2333.67274377 293.418042627
2331.61159982 296.159409965
2329.55045587 294.220902405
2327.48931192 293.11502735
2325.42816797 295.962578783
2323.36702402 299.222081145
2321.30588007 297.762969763
2319.24473612 296.339900471
2317.18359216 297.703707751
2315.12244821 297.300055158
2313.06130426 297.870178425
2311.00016031 298.679656261
2308.93901636 301.239983743
2306.87787241 299.374801121
2304.81672846 300.580905107
2302.75558451 301.687074696
2300.69444056 299.199809767
2298.63329661 302.769328107
2296.57215266 304.704505909
2294.51100871 303.873974788
2292.44986476 303.334083444
2290.38872081 301.4729345
2288.32757686 301.518985654
2286.26643291 303.691607178
2284.20528895 304.891738038
2282.144145 305.805949521
2280.08300105 307.356532018
2278.0218571 304.547022167
2275.96071315 306.650376127
2273.8995692 304.292954969
2271.83842525 307.266907764
2269.7772813 306.110646357
2267.71613735 308.238181805
2265.6549934 303.301175047
2263.59384945 308.298934732
2261.5327055 309.030539076
2259.47156155 307.132910329
2257.4104176 304.516746451
2255.34927365 306.6572424
2253.2881297 308.846790514
2251.22698575 307.567322605
2249.16584179 308.60573177
2247.10469784 309.285577675
2245.04355389 308.816005598
2242.98240994 310.104935198
2240.92126599 311.233489404
2238.86012204 310.146915629
2236.79897809 307.892714181
2234.73783414 308.995468523
2232.67669019 308.440301374
2230.61554624 310.742133153
2228.55440229 308.843621754
2226.49325834 310.770852105
2224.43211439 311.314210647
2222.37097044 309.523851522
2220.30982649 309.820191958
2218.24868254 309.796591298
2216.18753859 310.976916695
2214.12639463 308.937219197
2212.06525068 311.624123823
2210.00410673 309.20450877
2207.94296278 310.366211476
2205.88181883 311.587283737
2203.82067488 310.772118067
2201.75953093 311.191008143
2199.69838698 307.884815416
2197.63724303 309.733324155
2195.57609908 310.589958863
2193.51495513 310.045712109
2191.45381118 306.499057318
2189.39266723 311.406651684
2187.33152328 314.663210005
2185.27037933 311.259221823
2183.20923538 303.783473806
2181.14809142 311.63300947
2179.08694747 310.096512431
2177.02580352 311.692100288
2174.96465957 311.692347605
2172.90351562 306.97283198
2170.84237167 309.099455637
2168.78122772 310.264312673
2166.72008377 310.631929027
2164.65893982 313.346006496
2162.59779587 311.651545068
2160.53665192 310.086928421
2158.47550797 309.318814884
2156.41436402 311.063495902
2154.35322007 309.372707117
2152.29207612 310.924204892
2150.23093217 309.203746808
2148.16978822 308.89426262
2146.10864426 312.55233942
2144.04750031 308.889223316
2141.98635636 308.942763682
2139.92521241 308.646620763
2137.86406846 308.241182609
2135.80292451 306.825591552
2133.74178056 305.534381925
2131.68063661 307.785184041
2129.61949266 307.852254547
2127.55834871 306.953626633
2125.49720476 310.293992623
2123.43606081 306.50277745
2121.37491686 307.108358303
2119.31377291 306.07444876
2117.25262896 305.09192285
2115.19148501 307.922924038
2113.13034106 304.348691736
2111.0691971 305.637875414
2109.00805315 304.95673382
2106.9469092 304.328341792
2104.88576525 306.45164453
2102.8246213 303.794367005
2100.76347735 306.277213354
2098.7023334 302.061126911
2096.64118945 303.249312319
2094.5800455 301.680352962
2092.51890155 304.860069268
2090.4577576 305.583169549
2088.39661365 304.299988197
2086.3354697 302.848790028
2084.27432575 300.101246221
2082.2131818 300.669871872
2080.15203785 300.384718941
2078.09089389 301.263480629
2076.02974994 300.086070077
2073.96860599 298.134481618
2071.90746204 296.94520308
2069.84631809 296.509635025
2067.78517414 299.803630436
2065.72403019 298.154315551
2063.66288624 298.238457745
2061.60174229 298.537431568
2059.54059834 294.249319467
2057.47945439 296.030097023
2055.41831044 293.097092889
2053.35716649 296.504881105
2051.29602254 294.476521634
2049.23487859 294.763957691
2047.17373464 293.446724844
2045.11259069 291.07861344
2043.05144673 290.137105203
2040.99030278 293.312440431
2038.92915883 292.264892446
2036.86801488 291.832808361
2034.80687093 291.357906542
2032.74572698 291.964363668
2030.68458303 290.43031294
2028.62343908 288.144471851
2026.56229513 286.867171078
2024.50115118 289.401239047
2022.44000723 286.198738868
2020.37886328 284.908883896
2018.31771933 285.132236586
2016.25657538 282.388465566
2014.19543143 284.304640269
2012.13428748 281.413258095
2010.07314353 281.31581905
2008.01199957 277.58292336
2005.95085562 278.916374624
2003.88971167 280.791554984
2001.82856772 279.220665261
1999.76742377 276.118974043
1997.70627982 274.473334806
1995.64513587 272.921710237
1993.58399192 274.957468083
1991.52284797 272.043882675
1989.46170402 269.63943943
1987.40056007 268.033228732
1985.33941612 267.260179781
1983.27827217 265.065513283
1981.21712822 263.52358384
1979.15598427 260.274361764
1977.09484032 258.857260293
1975.03369637 254.5775424
1972.97255241 250.588465461
1970.91140846 247.827858957
1968.85026451 246.684990998
1966.78912056 238.847354855
1964.72797661 234.243208584
1962.66683266 229.06566592
1960.60568871 224.656739166
1958.54454476 217.716088903
1956.48340081 212.691532115
1954.42225686 204.363023909
1952.36111291 196.435770658
1950.29996896 190.847874406
1948.23882501 185.032531375
1946.17768106 176.081516836
1944.11653711 167.02782142
1942.05539316 161.49313319
1939.9942492 156.650289837
1937.93310525 147.862962098
1935.8719613 142.028178919
1933.81081735 136.283393012
1931.7496734 130.865401743
1929.68852945 126.217278492
1927.6273855 122.064150463
1925.56624155 118.441858287
1923.5050976 117.681293439
