# BEGINHEADER
# This file contains data from the SALSA 2m radio telescope.
# DATE=2020-05-13T08:47:57.0
# GLON and GLAT given in degrees
# GLON=172.804447433
# GLAT=-42.8103044783
# DATA in two columns below. Col. 1 is velocity relative to LSR [km/s]. Col. 2 is uncalibrated antenna temperature [K].
# ENDHEADER
2451.73033874 0.0454391793766
2449.66919479 69.540658895
2447.60805084 113.518811408
2445.54690689 115.833711641
2443.48576294 118.06769936
2441.42461899 121.715704473
2439.36347504 125.476566376
2437.30233109 130.371227108
2435.24118714 135.234813208
2433.18004319 140.659387541
2431.11889924 147.148292726
2429.05775529 154.155168389
2426.99661134 161.859698916
2424.93546739 171.494105123
2422.87432344 177.579350594
2420.81317948 183.278283309
2418.75203553 191.809753237
2416.69089158 197.338678712
2414.62974763 202.535361092
2412.56860368 211.069580847
2410.50745973 217.968545636
2408.44631578 224.176766732
2406.38517183 228.574056906
2404.32402788 234.379516579
2402.26288393 239.79783736
2400.20173998 245.148477981
2398.14059603 249.526612381
2396.07945208 249.392637747
2394.01830813 254.509959911
2391.95716418 254.583551351
2389.89602023 257.706831205
2387.83487627 263.570523477
2385.77373232 263.980282034
2383.71258837 268.398704779
2381.65144442 268.022850536
2379.59030047 265.883810257
2377.52915652 271.389854956
2375.46801257 273.328606301
2373.40686862 273.310914382
2371.34572467 274.2851283
2369.28458072 273.131428828
2367.22343677 277.761312213
2365.16229282 275.65148337
2363.10114887 273.042674716
2361.04000492 279.045144786
2358.97886097 279.857079641
2356.91771702 279.907268265
2354.85657307 279.387298044
2352.79542911 278.219978785
2350.73428516 280.817367953
2348.67314121 284.996940089
2346.61199726 281.718129308
2344.55085331 284.127341216
2342.48970936 283.451812939
2340.42856541 286.653790886
2338.36742146 284.079382201
2336.30627751 282.062514638
2334.24513356 283.67514148
2332.18398961 286.789156188
2330.12284566 289.334967263
2328.06170171 287.21115935
2326.00055776 290.99835352
2323.93941381 289.105667043
2321.87826986 293.996587105
2319.81712591 292.924563703
2317.75598195 290.25132916
2315.694838 289.276876179
2313.63369405 291.699467862
2311.5725501 294.360438423
2309.51140615 296.65689234
2307.4502622 293.746337817
2305.38911825 292.959189747
2303.3279743 292.745274353
2301.26683035 291.986240784
2299.2056864 292.436419908
2297.14454245 294.853885482
2295.0833985 295.834645473
2293.02225455 292.618220458
2290.9611106 293.293360237
2288.89996665 296.97078215
2286.8388227 296.361552766
2284.77767874 298.272575774
2282.71653479 298.562158734
2280.65539084 300.401281121
2278.59424689 298.428983282
2276.53310294 299.400352196
2274.47195899 298.432413592
2272.41081504 297.431274855
2270.34967109 298.149133892
2268.28852714 297.542625848
2266.22738319 299.17745003
2264.16623924 296.909519533
2262.10509529 298.04796492
2260.04395134 299.673559289
2257.98280739 297.961623975
2255.92166344 298.515989047
2253.86051949 302.214006996
2251.79937554 302.039214277
2249.73823158 300.431826743
2247.67708763 298.241260578
2245.61594368 297.680516962
2243.55479973 303.987313037
2241.49365578 298.488665539
2239.43251183 299.445673259
2237.37136788 301.395138719
2235.31022393 301.543251884
2233.24907998 305.323081478
2231.18793603 300.681784682
2229.12679208 301.546213953
2227.06564813 303.075626681
2225.00450418 301.763931897
2222.94336023 302.547091827
2220.88221628 301.613723608
2218.82107233 301.309189153
2216.75992838 301.099997422
2214.69878442 302.055338898
2212.63764047 303.422295376
2210.57649652 304.806482659
2208.51535257 304.688832234
2206.45420862 299.308428923
2204.39306467 301.273011878
2202.33192072 305.25470673
2200.27077677 303.843662258
2198.20963282 302.06816761
2196.14848887 302.220029
2194.08734492 302.865939484
2192.02620097 302.095848232
2189.96505702 300.553621248
2187.90391307 301.849184606
2185.84276912 296.345328035
2183.78162517 302.096191091
2181.72048122 302.021383469
2179.65933726 301.052082794
2177.59819331 304.20725109
2175.53704936 300.101383683
2173.47590541 300.122009803
2171.41476146 300.969360356
2169.35361751 305.284608158
2167.29247356 302.165353013
2165.23132961 302.955432935
2163.17018566 304.783078355
2161.10904171 300.549870011
2159.04789776 300.481341036
2156.98675381 303.776803937
2154.92560986 302.264805251
2152.86446591 301.494408957
2150.80332196 302.274836065
2148.74217801 299.208464242
2146.68103405 303.34990306
2144.6198901 298.97231199
2142.55874615 300.775918741
2140.4976022 301.367444914
2138.43645825 299.399089969
2136.3753143 300.812212007
2134.31417035 299.993722882
2132.2530264 299.583854262
2130.19188245 300.969928684
2128.1307385 303.09727574
2126.06959455 302.146251761
2124.0084506 297.945124948
2121.94730665 300.289894797
2119.8861627 298.04395276
2117.82501875 296.504263309
2115.7638748 298.221818712
2113.70273085 296.30568091
2111.64158689 297.189118904
2109.58044294 298.699442034
2107.51929899 295.508086929
2105.45815504 296.431798318
2103.39701109 296.945115005
2101.33586714 294.973247488
2099.27472319 292.326000927
2097.21357924 293.422595251
2095.15243529 296.683946713
2093.09129134 295.626917965
2091.03014739 295.556857389
2088.96900344 292.698666369
2086.90785949 294.257972436
2084.84671554 293.459706642
2082.78557159 292.745014347
2080.72442764 293.719762987
2078.66328369 293.12777805
2076.60213973 290.992128632
2074.54099578 290.223931568
2072.47985183 293.48836609
2070.41870788 291.698977396
2068.35756393 291.400882365
2066.29641998 287.540541071
2064.23527603 288.80030966
2062.17413208 288.919804946
2060.11298813 287.919870228
2058.05184418 289.112175373
2055.99070023 284.198508467
2053.92955628 285.429056819
2051.86841233 285.904638643
2049.80726838 286.448487213
2047.74612443 283.108088699
2045.68498048 283.116381932
2043.62383652 285.995571748
2041.56269257 285.856891128
2039.50154862 282.167184472
2037.44040467 282.375065919
2035.37926072 282.248899768
2033.31811677 278.740141716
2031.25697282 279.20489142
2029.19582887 278.366436017
2027.13468492 279.162328681
2025.07354097 278.117612193
2023.01239702 278.965781582
2020.95125307 276.909886416
2018.89010912 273.968323271
2016.82896517 274.032980678
2014.76782122 274.719695379
2012.70667727 274.29188816
2010.64553332 273.982232027
2008.58438936 272.589481287
2006.52324541 271.771927253
2004.46210146 270.389302784
2002.40095751 270.832409833
2000.33981356 269.769118215
1998.27866961 268.674831324
1996.21752566 265.083305012
1994.15638171 263.680166386
1992.09523776 262.537329024
1990.03409381 261.686369856
1987.97294986 260.127677989
1985.91180591 258.704376924
1983.85066196 258.12951878
1981.78951801 255.743235634
1979.72837406 253.043861934
1977.66723011 247.876769989
1975.60608616 246.46587139
1973.5449422 243.538074237
1971.48379825 237.667199382
1969.4226543 233.35764513
1967.36151035 230.821801792
1965.3003664 224.550850499
1963.23922245 217.601359421
1961.1780785 212.716279481
1959.11693455 207.403939192
1957.0557906 199.547436233
1954.99464665 192.428321851
1952.9335027 184.593446585
1950.87235875 179.268228475
1948.8112148 171.950214506
1946.75007085 165.455104157
1944.6889269 157.180410275
1942.62778295 150.591243087
1940.56663899 145.846943269
1938.50549504 137.26000896
1936.44435109 132.988140365
1934.38320714 129.898516297
1932.32206319 123.104926218
1930.26091924 119.675132808
1928.19977529 115.832535313
1926.13863134 114.160461894
