2450.4960528 0.10089352411
2448.43490885 153.891567992
2446.3737649 253.492162096
2444.31262095 255.760056959
2442.251477 261.009785185
2440.19033305 269.837663481
2438.1291891 276.546299045
2436.06804515 289.706339866
2434.0069012 301.955306022
2431.94575725 315.920597943
2429.8846133 329.262302253
2427.82346935 346.392108416
2425.7623254 360.744861518
2423.70118145 374.838144094
2421.64003749 390.784839531
2419.57889354 408.100280176
2417.51774959 424.438739549
2415.45660564 443.768091861
2413.39546169 455.501215155
2411.33431774 471.617316796
2409.27317379 481.690769153
2407.21202984 494.023099655
2405.15088589 509.503523282
2403.08974194 523.034051796
2401.02859799 530.387741882
2398.96745404 542.424321419
2396.90631009 553.266958879
2394.84516614 557.874409632
2392.78402219 557.458719091
2390.72287824 576.030618213
2388.66173428 577.419912218
2386.60059033 587.428441257
2384.53944638 589.970646485
2382.47830243 586.791213556
2380.41715848 593.63670297
2378.35601453 600.706264073
2376.29487058 602.095591019
2374.23372663 602.339926129
2372.17258268 605.93968816
2370.11143873 611.555997553
2368.05029478 610.47341343
2365.98915083 617.755862924
2363.92800688 619.339238523
2361.86686293 622.917398086
2359.80571898 620.422652117
2357.74457503 617.025046991
2355.68343108 615.770513471
2353.62228712 628.430619104
2351.56114317 629.024200598
2349.49999922 628.125323918
2347.43885527 629.433407332
2345.37771132 629.888023973
2343.31656737 631.49581803
2341.25542342 633.10533582
2339.19427947 634.627955941
2337.13313552 633.211483579
2335.07199157 640.569404287
2333.01084762 633.637774335
2330.94970367 635.125828011
2328.88855972 645.886343262
2326.82741577 642.026019663
2324.76627182 648.336780004
2322.70512787 644.75878758
2320.64398392 649.585202685
2318.58283996 646.242244195
2316.52169601 645.412695359
2314.46055206 647.084544203
2312.39940811 649.221896772
2310.33826416 650.048071907
2308.27712021 650.531168966
2306.21597626 655.848462745
2304.15483231 655.272084939
2302.09368836 652.85795045
2300.03254441 657.012554752
2297.97140046 665.853087504
2295.91025651 661.549679352
2293.84911256 659.62136134
2291.78796861 661.979497206
2289.72682466 654.529815831
2287.66568071 664.570630491
2285.60453675 660.664414164
2283.5433928 663.414249136
2281.48224885 663.168600476
2279.4211049 665.767139254
2277.35996095 664.434925242
2275.298817 666.392251231
2273.23767305 660.04434646
2271.1765291 667.076158031
2269.11538515 667.552848143
2267.0542412 668.533170255
2264.99309725 674.200897131
2262.9319533 676.549933937
2260.87080935 672.300878849
2258.8096654 667.701964907
2256.74852145 669.26656205
2254.6873775 668.594395048
2252.62623355 670.369954807
2250.56508959 670.257656511
2248.50394564 672.241867124
2246.44280169 672.009768716
2244.38165774 676.836355366
2242.32051379 676.236599797
2240.25936984 670.963820379
2238.19822589 681.626896711
2236.13708194 667.332110699
2234.07593799 674.618296279
2232.01479404 669.972448463
2229.95365009 674.241412667
2227.89250614 681.257416747
2225.83136219 673.925865071
2223.77021824 680.699719769
2221.70907429 679.83685108
2219.64793034 680.043057018
2217.58678639 673.142821879
2215.52564243 675.975239328
2213.46449848 677.309958734
2211.40335453 678.395423973
2209.34221058 676.585488716
2207.28106663 673.64813626
2205.21992268 674.37332447
2203.15877873 676.151346228
2201.09763478 679.727647079
2199.03649083 680.069643548
2196.97534688 680.861697364
2194.91420293 675.474695826
2192.85305898 674.902798539
2190.79191503 669.686812569
2188.73077108 680.253637212
2186.66962713 682.248075582
2184.60848318 650.077417699
2182.54733922 675.834652872
2180.48619527 674.161885138
2178.42505132 677.92859097
2176.36390737 678.455243163
2174.30276342 678.203062059
2172.24161947 685.226007043
2170.18047552 674.225047821
2168.11933157 678.565131415
2166.05818762 671.221741561
2163.99704367 672.051987847
2161.93589972 672.95423527
2159.87475577 681.689808138
2157.81361182 678.838791187
2155.75246787 678.855703699
2153.69132392 676.320930933
2151.63017997 676.881041994
2149.56903602 672.68524482
2147.50789206 675.288780744
2145.44674811 677.983182847
2143.38560416 674.239843632
2141.32446021 672.399904675
2139.26331626 670.445150575
2137.20217231 671.331482103
2135.14102836 668.722340099
2133.07988441 671.526249268
2131.01874046 671.480729925
2128.95759651 669.968892402
2126.89645256 679.307930319
2124.83530861 670.715248016
2122.77416466 673.268842808
2120.71302071 675.651466356
2118.65187676 668.298734443
2116.59073281 672.41090333
2114.52958886 668.227094169
2112.4684449 674.080127571
2110.40730095 663.20650996
2108.346157 663.270078323
2106.28501305 663.685494776
2104.2238691 667.429505762
2102.16272515 664.733234371
2100.1015812 660.831238009
2098.04043725 662.781385762
2095.9792933 663.023888381
2093.91814935 664.069334553
2091.8570054 664.061168758
2089.79586145 662.762947739
2087.7347175 657.84427832
2085.67357355 655.965379435
2083.6124296 660.043049881
2081.55128565 659.225581662
2079.4901417 659.243741738
2077.42899774 656.388484912
2075.36785379 655.47904273
2073.30670984 649.9216047
2071.24556589 649.912552568
2069.18442194 649.547958393
2067.12327799 652.672594731
2065.06213404 644.103956624
2063.00099009 644.752309594
2060.93984614 643.55096506
2058.87870219 640.935533341
2056.81755824 642.906628128
2054.75641429 638.706591322
2052.69527034 644.305782326
2050.63412639 644.859630456
2048.57298244 641.092033524
2046.51183849 634.01494459
2044.45069453 638.632868783
2042.38955058 635.44770884
2040.32840663 631.183620204
2038.26726268 634.682434918
2036.20611873 632.377995697
2034.14497478 626.180525075
2032.08383083 624.419343459
2030.02268688 629.257550578
2027.96154293 623.702319453
2025.90039898 626.14208117
2023.83925503 624.636919946
2021.77811108 616.941061677
2019.71696713 623.17480778
2017.65582318 617.561686267
2015.59467923 611.151347139
2013.53353528 611.138635608
2011.47239133 608.889605037
2009.41124737 605.885834734
2007.35010342 613.566932066
2005.28895947 605.458645331
2003.22781552 602.588480572
2001.16667157 605.351147287
1999.10552762 600.969230103
1997.04438367 596.0829405
1994.98323972 591.758535261
1992.92209577 591.960528708
1990.86095182 591.612579137
1988.79980787 584.93213539
1986.73866392 585.743244846
1984.67751997 577.745087821
1982.61637602 575.778159605
1980.55523207 568.361653947
1978.49408812 565.519329258
1976.43294417 556.957702234
1974.37180021 549.028481036
1972.31065626 541.194884405
1970.24951231 536.103045893
1968.18836836 524.956461797
1966.12722441 509.297231197
1964.06608046 495.47632235
1962.00493651 486.520806003
1959.94379256 475.709386178
1957.88264861 459.672748033
1955.82150466 444.74988315
1953.76036071 433.664510932
1951.69921676 411.783081267
1949.63807281 397.486926142
1947.57692886 388.553685118
1945.51578491 368.040457203
1943.45464096 350.176724016
1941.393497 334.167949235
1939.33235305 323.412716379
1937.2712091 306.924889798
1935.21006515 295.369242021
1933.1489212 287.012422694
1931.08777725 275.148068057
1929.0266333 265.146743621
1926.96548935 259.586597105
1924.9043454 254.563827744
