# BEGINHEADER
# This file contains data from the SALSA 2m radio telescope.
# DATE=2020-05-13T08:29:39.0
# GLON and GLAT given in degrees
# GLON=157.839547937
# GLAT=-21.8343477575
# DATA in two columns below. Col. 1 is velocity relative to LSR [km/s]. Col. 2 is uncalibrated antenna temperature [K].
# ENDHEADER
2451.73271856 0.045347420104
2449.67157461 69.9692277856
2447.61043066 114.932841894
2445.54928671 116.660930073
2443.48814276 119.127955112
2441.42699881 122.141116161
2439.36585486 125.459044715
2437.30471091 130.851268422
2435.24356696 136.399759354
2433.18242301 142.765573168
2431.12127905 148.262017899
2429.0601351 155.396102295
2426.99899115 162.810887554
2424.9378472 168.913823961
2422.87670325 178.358131129
2420.8155593 185.147683087
2418.75441535 191.734223682
2416.6932714 199.820961819
2414.63212745 206.950763223
2412.5709835 214.28882416
2410.50983955 220.472224323
2408.4486956 225.715075701
2406.38755165 229.648226714
2404.3264077 236.577476816
2402.26526375 241.154603832
2400.2041198 245.558343177
2398.14297585 248.214080467
2396.08183189 251.599703339
2394.02068794 257.719821955
2391.95954399 261.177155079
2389.89840004 262.030247459
2387.83725609 262.610249193
2385.77611214 265.829472441
2383.71496819 266.801580753
2381.65382424 265.425100182
2379.59268029 270.320598876
2377.53153634 269.897456855
2375.47039239 273.698724603
2373.40924844 275.96441462
2371.34810449 274.845322442
2369.28696054 277.049229377
2367.22581659 274.512649172
2365.16467264 277.765276274
2363.10352868 278.880225021
2361.04238473 279.562464043
2358.98124078 281.332481339
2356.92009683 279.409614979
2354.85895288 281.104925672
2352.79780893 281.711824828
2350.73666498 280.875071066
2348.67552103 280.843037834
2346.61437708 284.737813397
2344.55323313 285.289376203
2342.49208918 286.898044063
2340.43094523 285.247518758
2338.36980128 285.795158281
2336.30865733 289.344408779
2334.24751338 288.827685431
2332.18636943 292.200287051
2330.12522548 290.951155604
2328.06408152 290.91932207
2326.00293757 290.078767137
2323.94179362 290.709653138
2321.88064967 292.420214585
2319.81950572 291.931707317
2317.75836177 293.388069659
2315.69721782 294.98834706
2313.63607387 294.199638935
2311.57492992 295.653604791
2309.51378597 296.608654723
2307.45264202 297.431726511
2305.39149807 297.020436147
2303.33035412 295.59775019
2301.26921017 297.771083167
2299.20806622 300.49869409
2297.14692227 295.877154131
2295.08577832 297.767831254
2293.02463436 299.676434204
2290.96349041 300.489342754
2288.90234646 297.529298847
2286.84120251 300.443789347
2284.78005856 298.101534967
2282.71891461 299.779669214
2280.65777066 302.481562017
2278.59662671 300.620504363
2276.53548276 301.432823379
2274.47433881 304.558857847
2272.41319486 302.994854926
2270.35205091 301.585950391
2268.29090696 301.829654411
2266.22976301 300.918722454
2264.16861906 300.769631001
2262.10747511 303.8175811
2260.04633115 303.060522791
2257.9851872 299.926131832
2255.92404325 299.851958206
2253.8628993 302.365347885
2251.80175535 303.420736849
2249.7406114 302.270579897
2247.67946745 301.050890065
2245.6183235 301.028247458
2243.55717955 302.85767831
2241.4960356 304.257621673
2239.43489165 306.426509795
2237.3737477 304.682403062
2235.31260375 305.107674682
2233.2514598 301.959133121
2231.19031585 303.624118589
2229.1291719 308.335574975
2227.06802795 306.596088396
2225.00688399 303.658369911
2222.94574004 302.195627043
2220.88459609 301.845372522
2218.82345214 306.166803544
2216.76230819 304.299898202
2214.70116424 300.533887863
2212.64002029 305.161295067
2210.57887634 305.796644831
2208.51773239 302.862441621
2206.45658844 303.759490573
2204.39544449 306.322708587
2202.33430054 304.180852824
2200.27315659 302.704137986
2198.21201264 305.472324176
2196.15086869 304.290400534
2194.08972474 304.860679972
2192.02858079 304.493559654
2189.96743683 307.842508001
2187.90629288 304.400732217
2185.84514893 292.140588369
2183.78400498 307.007571068
2181.72286103 306.524368592
2179.66171708 303.868130245
2177.60057313 300.851076176
2175.53942918 301.922584567
2173.47828523 306.942666443
2171.41714128 302.623324917
2169.35599733 304.244316765
2167.29485338 300.336632048
2165.23370943 303.284695669
2163.17256548 307.17218824
2161.11142153 305.182081484
2159.05027758 302.3435773
2156.98913362 306.298775889
2154.92798967 305.763915039
2152.86684572 303.513109502
2150.80570177 302.307877826
2148.74455782 303.228334748
2146.68341387 302.42890347
2144.62226992 302.622702225
2142.56112597 302.385533163
2140.49998202 303.423823179
2138.43883807 301.695199743
2136.37769412 303.064345968
2134.31655017 302.163566578
2132.25540622 300.172870045
2130.19426227 302.106709226
2128.13311832 302.405635105
2126.07197437 301.308978727
2124.01083042 299.911590442
2121.94968646 299.049905072
2119.88854251 300.127404228
2117.82739856 298.932012234
2115.76625461 298.053250237
2113.70511066 298.75233276
2111.64396671 299.753120909
2109.58282276 298.479172349
2107.52167881 298.15358574
2105.46053486 297.609293261
2103.39939091 298.347736851
2101.33824696 295.261477382
2099.27710301 296.794987506
2097.21595906 295.065878106
2095.15481511 295.165578236
2093.09367116 296.775749526
2091.03252721 297.970603669
2088.97138326 297.205869947
2086.9102393 295.062169778
2084.84909535 294.901279081
2082.7879514 294.067603685
2080.72680745 296.228224549
2078.6656635 293.873616326
2076.60451955 291.824999011
2074.5433756 294.019153591
2072.48223165 289.608865122
2070.4210877 291.272060188
2068.35994375 290.467768472
2066.2987998 294.457105345
2064.23765585 292.006820049
2062.1765119 291.425455864
2060.11536795 291.869279641
2058.054224 289.341974923
2055.99308005 290.637033332
2053.9319361 289.710536993
2051.87079214 286.314922817
2049.80964819 287.308103133
2047.74850424 287.737290621
2045.68736029 286.084580642
2043.62621634 282.915232999
2041.56507239 284.444018512
2039.50392844 285.997269698
2037.44278449 280.919058377
2035.38164054 285.278869372
2033.32049659 282.87799054
2031.25935264 282.316991459
2029.19820869 280.245263545
2027.13706474 280.042023272
2025.07592079 280.477668018
2023.01477684 281.516578066
2020.95363289 275.367556619
2018.89248893 277.498114611
2016.83134498 275.883463822
2014.77020103 276.78282066
2012.70905708 274.640931576
2010.64791313 275.931536936
2008.58676918 273.379347414
2006.52562523 273.831077894
2004.46448128 269.089992238
2002.40333733 272.662767288
2000.34219338 270.276602343
1998.28104943 267.601389062
1996.21990548 268.199490247
1994.15876153 267.885396656
1992.09761758 265.282239764
1990.03647363 262.544707635
1987.97532968 260.916236747
1985.91418573 261.186514089
1983.85304177 260.205221803
1981.79189782 254.455162949
1979.73075387 252.282485547
1977.66960992 249.208406016
1975.60846597 250.025940706
1973.54732202 245.955789877
1971.48617807 240.715255217
1969.42503412 236.770464318
1967.36389017 231.976087891
1965.30274622 225.361405286
1963.24160227 219.835449861
1961.18045832 213.729688414
1959.11931437 207.88623522
1957.05817042 201.055034539
1954.99702647 192.946856777
1952.93588252 186.986656085
1950.87473857 179.220003642
1948.81359461 170.905139445
1946.75245066 166.463684294
1944.69130671 158.626194362
1942.63016276 152.916438555
1940.56901881 143.955330574
1938.50787486 139.389842007
1936.44673091 133.67260267
1934.38558696 129.726014346
1932.32444301 125.736870753
1930.26329906 121.563783624
1928.20215511 117.927710481
1926.14101116 116.041291461
