# BEGINHEADER
# This file contains data from the SALSA 2m radio telescope.
# DATE=2020-05-13T08:33:40.0
# GLON and GLAT given in degrees
# GLON=162.023013029
# GLAT=-26.200042515
# DATA in two columns below. Col. 1 is velocity relative to LSR [km/s]. Col. 2 is uncalibrated antenna temperature [K].
# ENDHEADER
2450.6656436 0.046731018961
2448.60449965 70.9004856879
2446.5433557 115.858885383
2444.48221175 117.638016908
2442.4210678 120.951588313
2440.35992384 124.454517126
2438.29877989 127.271726733
2436.23763594 131.467819658
2434.17649199 137.741566641
2432.11534804 143.831297153
2430.05420409 150.344977916
2427.99306014 156.434022057
2425.93191619 165.266466393
2423.87077224 173.026096476
2421.80962829 180.049727439
2419.74848434 188.031024596
2417.68734039 194.440346206
2415.62619644 201.787395449
2413.56505249 208.854036846
2411.50390854 215.399139389
2409.44276459 222.733902394
2407.38162064 225.520499545
2405.32047668 234.562766297
2403.25933273 237.742479958
2401.19818878 244.542907755
2399.13704483 248.102901207
2397.07590088 254.353818886
2395.01475693 255.693649543
2392.95361298 259.340347417
2390.89246903 262.440217568
2388.83132508 266.908345552
2386.77018113 267.0790953
2384.70903718 269.038141842
2382.64789323 269.113118121
2380.58674928 273.297199161
2378.52560533 275.799468318
2376.46446138 275.080062538
2374.40331743 274.330562574
2372.34217347 278.878207677
2370.28102952 279.157175652
2368.21988557 279.94570221
2366.15874162 280.259202052
2364.09759767 281.785356306
2362.03645372 283.512956114
2359.97530977 282.987859893
2357.91416582 283.162019017
2355.85302187 283.901523483
2353.79187792 283.651301427
2351.73073397 283.671485028
2349.66959002 285.30165368
2347.60844607 288.161243027
2345.54730212 286.706158064
2343.48615817 288.255865763
2341.42501422 289.643514477
2339.36387027 288.025408023
2337.30272631 289.24467936
2335.24158236 291.038114999
2333.18043841 290.80070771
2331.11929446 291.462062029
2329.05815051 292.654661865
2326.99700656 291.797556078
2324.93586261 294.701607607
2322.87471866 294.476259857
2320.81357471 296.506455734
2318.75243076 296.277300321
2316.69128681 295.541063063
2314.63014286 296.368936902
2312.56899891 295.7731083
2310.50785496 297.117777698
2308.44671101 298.677571798
2306.38556706 298.517647072
2304.32442311 297.394385405
2302.26327915 298.74685751
2300.2021352 299.844242288
2298.14099125 297.651063259
2296.0798473 299.240509598
2294.01870335 302.159789261
2291.9575594 299.075839864
2289.89641545 300.844952471
2287.8352715 298.847596752
2285.77412755 301.448470376
2283.7129836 304.352057338
2281.65183965 301.451787738
2279.5906957 302.808028352
2277.52955175 304.017846944
2275.4684078 301.883211586
2273.40726385 304.838980257
2271.3461199 304.905360516
2269.28497594 307.470727483
2267.22383199 305.644620716
2265.16268804 305.997550037
2263.10154409 305.664677645
2261.04040014 307.459339851
2258.97925619 304.365765386
2256.91811224 304.432805826
2254.85696829 307.364188928
2252.79582434 308.072612861
2250.73468039 305.565419522
2248.67353644 305.471594551
2246.61239249 305.061522329
2244.55124854 305.325507348
2242.49010459 307.311463467
2240.42896064 307.219217806
2238.36781669 307.811633987
2236.30667274 305.325565213
2234.24552878 304.340120815
2232.18438483 307.13430531
2230.12324088 308.366737411
2228.06209693 311.572044333
2226.00095298 308.395586999
2223.93980903 306.729645734
2221.87866508 307.970572856
2219.81752113 310.030067817
2217.75637718 308.363951221
2215.69523323 309.7290068
2213.63408928 307.223751184
2211.57294533 308.896377013
2209.51180138 306.402377229
2207.45065743 307.747570495
2205.38951348 307.975696018
2203.32836953 308.181516582
2201.26722558 306.585958833
2199.20608162 309.566626902
2197.14493767 308.829420278
2195.08379372 312.858400487
2193.02264977 309.545296799
2190.96150582 308.202021967
2188.90036187 309.708498626
2186.83921792 309.890744229
2184.77807397 301.663135718
2182.71693002 307.803115489
2180.65578607 307.962308812
2178.59464212 306.974062182
2176.53349817 307.124873355
2174.47235422 310.146009382
2172.41121027 307.385325301
2170.35006632 306.170947811
2168.28892237 303.107870209
2166.22777842 304.245061697
2164.16663446 306.397699453
2162.10549051 310.079848847
2160.04434656 306.574462225
2157.98320261 304.812398986
2155.92205866 306.570885473
2153.86091471 307.196943539
2151.79977076 306.185521157
2149.73862681 304.770124551
2147.67748286 307.387849487
2145.61633891 307.537643579
2143.55519496 305.552580997
2141.49405101 307.795180451
2139.43290706 304.367547063
2137.37176311 307.149497914
2135.31061916 306.370324461
2133.24947521 306.630230882
2131.18833125 304.488344285
2129.1271873 301.781682316
2127.06604335 302.557462496
2125.0048994 304.240634893
2122.94375545 304.365547989
2120.8826115 303.065570507
2118.82146755 305.730234422
2116.7603236 302.420954749
2114.69917965 301.313933229
2112.6380357 301.346087294
2110.57689175 301.561525312
2108.5157478 300.749851178
2106.45460385 302.86207931
2104.3934599 301.6098175
2102.33231595 300.93104673
2100.271172 301.544154913
2098.21002805 301.247605479
2096.14888409 301.249622872
2094.08774014 299.597775712
2092.02659619 299.10823379
2089.96545224 297.526314664
2087.90430829 297.558410905
2085.84316434 298.501235472
2083.78202039 298.559874151
2081.72087644 297.803314814
2079.65973249 298.913378356
2077.59858854 298.009836408
2075.53744459 294.930478605
2073.47630064 296.976740144
2071.41515669 293.694549149
2069.35401274 295.085116011
2067.29286879 294.118039088
2065.23172484 292.449482454
2063.17058089 293.436227607
2061.10943693 294.689318038
2059.04829298 293.307926467
2056.98714903 291.319267089
2054.92600508 293.891653151
2052.86486113 292.136232808
2050.80371718 290.685604838
2048.74257323 291.844345024
2046.68142928 289.408376054
2044.62028533 289.119556925
2042.55914138 288.62273547
2040.49799743 288.36334514
2038.43685348 289.496863311
2036.37570953 287.369756171
2034.31456558 286.223917198
2032.25342163 286.094542724
2030.19227768 288.229677571
2028.13113372 282.982912754
2026.06998977 283.167108675
2024.00884582 283.759146725
2021.94770187 282.958650853
2019.88655792 279.333043355
2017.82541397 276.247458538
2015.76427002 280.497546873
2013.70312607 280.800428532
2011.64198212 279.634891179
2009.58083817 278.982936132
2007.51969422 274.715311443
2005.45855027 274.400765317
2003.39740632 273.563357216
2001.33626237 272.392040367
1999.27511842 272.734703034
1997.21397447 274.499195472
1995.15283052 270.567143545
1993.09168656 269.13691525
1991.03054261 266.958613486
1988.96939866 268.489017671
1986.90825471 262.733575393
1984.84711076 264.317274571
1982.78596681 261.119462871
1980.72482286 257.354384167
1978.66367891 258.079697348
1976.60253496 252.925354359
1974.54139101 249.682670224
1972.48024706 247.492644344
1970.41910311 242.511193821
1968.35795916 236.759140086
1966.29681521 232.029558071
1964.23567126 227.076421538
1962.17452731 222.618259557
1960.11338336 215.531745355
1958.0522394 210.850048096
1955.99109545 203.259326918
1953.9299515 196.060337806
1951.86880755 187.602474853
1949.8076636 182.504612049
1947.74651965 174.365908095
1945.6853757 166.34073552
1943.62423175 159.605019657
1941.5630878 154.424937863
1939.50194385 146.597615168
1937.4407999 140.011295777
1935.37965595 135.162197332
1933.318512 129.913079596
1931.25736805 125.514260043
1929.1962241 121.387208614
1927.13508015 120.596437417
1925.07393619 116.989566833
